% function evaluation | noise-free fitness - Fopt (7.627000000000e+01) | best noise-free fitness - Fopt | measured fitness | best measured fitness | x1 | x2...
1 +1.479632293e+07 +1.479632293e+07 +1.479639920e+07 +1.479639920e+07 -2.0273e+00 +6.6756e-01 -2.6997e+00 +3.3087e+00 -1.8916e+00 -8.5625e-01 +4.4885e+00 +1.3842e+00 -3.1008e+00 -4.3846e+00
2 +1.392378252e+06 +1.392378252e+06 +1.392454522e+06 +1.392454522e+06 +4.6427e+00 -1.7507e+00 -3.9565e+00 +3.2974e+00 -3.4577e+00 -2.0474e+00 +7.0592e-01 +4.1066e+00 +9.9094e-01 +4.7806e+00
3 +3.810216319e+03 +3.810216319e+03 +3.886486319e+03 +3.886486319e+03 +7.0336e-01 -4.6106e+00 -2.7163e+00 -4.5645e+00 +3.5443e+00 -1.0682e+00 -1.9829e+00 -3.6170e+00 +2.8437e+00 -2.0083e+00
6 +1.235195593e+03 +1.235195593e+03 +1.311465593e+03 +1.311465593e+03 -6.3996e-01 +4.8554e+00 +3.5585e-01 +1.9054e+00 -1.5490e+00 -5.6803e-01 +4.3128e+00 +2.8756e+00 +3.1669e+00 +3.4167e+00
43 +7.974008656e+02 +7.974008656e+02 +8.736708656e+02 +8.736708656e+02 -6.1904e-02 +2.3239e+00 -2.0913e+00 +2.9881e+00 +2.8627e+00 -1.2530e+00 +2.3734e+00 +1.6341e+00 -4.3794e+00 -3.9483e+00
358 +3.138687983e+02 +3.138687983e+02 +3.901387983e+02 +3.901387983e+02 -3.7671e-01 +5.1066e-03 -1.7922e+00 +4.8638e+00 +4.5101e-01 -5.0000e+00 -5.0000e+00 +5.0000e+00 -6.5851e-01 -5.0000e+00
401 +2.023747905e+02 +2.023747905e+02 +2.786447905e+02 +2.786447905e+02 +5.0000e+00 +3.5047e+00 -4.2672e+00 +2.5366e+00 +4.0800e+00 -5.0000e+00 +2.0959e+00 +4.0594e+00 +1.3153e+00 -2.8792e+00
508 +1.471199919e+02 +1.471199919e+02 +2.233899919e+02 +2.233899919e+02 -9.4168e-02 +4.2768e-01 -7.2058e-01 +5.0000e+00 +4.0349e-01 -3.9495e+00 -4.4025e+00 +1.5517e+00 -1.4409e+00 -4.1905e+00
1268 +8.546404451e+01 +8.546404451e+01 +1.617340445e+02 +1.617340445e+02 +2.1509e+00 -2.1679e+00 -5.0000e+00 +4.6160e+00 -9.9311e-01 -4.2576e+00 -1.9790e+00 +3.3990e+00 -1.0226e+00 +5.0000e+00
3963 +3.085191982e+01 +3.085191982e+01 +1.071219198e+02 +1.071219198e+02 -7.8109e-01 -4.4369e+00 +4.5069e-01 +3.8018e+00 -3.0741e+00 -2.2863e+00 -9.0072e-01 +2.8213e+00 -3.8547e-01 -5.6321e-01
% function evaluation | noise-free fitness - Fopt (-2.255000000000e+01) | best noise-free fitness - Fopt | measured fitness | best measured fitness | x1 | x2...
1 +2.347522968e+07 +2.347522968e+07 +2.347520713e+07 +2.347520713e+07 +4.6118e+00 -2.5633e+00 -3.9068e+00 +1.2770e+00 +1.6949e+00 +4.6319e-01 -3.3137e+00 -3.4578e+00 -3.4055e+00 -4.3600e+00
2 +8.365521329e+06 +8.365521329e+06 +8.365498779e+06 +8.365498779e+06 +4.2147e+00 +2.7179e+00 -1.9559e+00 +3.3842e+00 -4.3595e+00 +3.2200e+00 -2.1369e+00 -4.3318e+00 -4.4058e+00 +2.0673e+00
5 +5.538789645e+06 +5.538789645e+06 +5.538767095e+06 +5.538767095e+06 -1.5472e-01 -1.4083e+00 -4.4366e+00 -1.5381e+00 +2.3936e+00 -2.8090e+00 +4.7358e+00 -3.6644e+00 +3.4756e+00 +6.0648e-02
10 +1.990501847e+06 +1.990501847e+06 +1.990479297e+06 +1.990479297e+06 -3.7936e+00 -2.7640e+00 +1.7054e+00 -4.9772e+00 -2.9223e+00 -2.8206e+00 -1.5921e+00 +3.6653e+00 +2.3683e-01 +3.1452e+00
16 +5.717632890e+05 +5.717632890e+05 +5.717407390e+05 +5.717407390e+05 -1.0237e+00 -2.9806e+00 -4.7201e+00 +3.8600e+00 +4.8717e+00 -6.6419e-01 -1.7259e-01 -4.2926e+00 +2.3788e-01 +6.7834e-01
19 +5.876125283e+04 +5.876125283e+04 +5.873870283e+04 +5.873870283e+04 +2.7525e+00 +3.8456e+00 -3.6288e+00 -1.4409e+00 -6.0205e-01 -1.7623e+00 +3.4122e-01 +4.5612e+00 -1.7377e-01 +1.6520e+00
21 +1.320706227e+03 +1.320706227e+03 +1.298156227e+03 +1.298156227e+03 -8.7528e-01 -4.4502e+00 -3.7902e+00 -1.2170e+00 -2.8674e+00 +5.4988e-01 +2.0475e+00 +2.1789e+00 +1.7382e-02 -4.5005e+00
82 +5.840895937e+02 +5.840895937e+02 +5.615395937e+02 +5.615395937e+02 -3.9485e+00 -3.2569e+00 +1.5410e+00 -1.4971e+00 +3.4815e+00 +2.8428e+00 +2.4008e+00 -1.8461e-01 +4.9253e+00 +3.7832e+00
480 +2.621039049e+02 +2.621039049e+02 +2.395539049e+02 +2.395539049e+02 -3.7138e+00 +4.3860e-01 +1.1520e+00 -1.9990e-01 -3.3731e-01 +2.6866e+00 -3.5179e-01 +2.0473e+00 +2.9901e+00 +5.0000e+00
512 +2.252512661e+02 +2.252512661e+02 +2.027012661e+02 +2.027012661e+02 -2.4044e+00 -5.0000e+00 +4.9624e+00 +3.5323e+00 +5.0000e+00 +3.5134e+00 +3.7564e+00 +1.9589e+00 +4.2573e+00 +3.6293e+00
1489 +1.337630043e+02 +1.337630043e+02 +1.112130043e+02 +1.112130043e+02 -2.5411e+00 -2.8074e+00 +7.0053e-01 +5.9541e-01 +2.3659e+00 +5.0000e+00 +2.5813e+00 -1.2727e+00 +3.3771e+00 +1.5148e+00
3674 +8.998486454e+01 +8.998486454e+01 +6.743486454e+01 +6.743486454e+01 +4.2340e-01 -2.6532e+00 -6.2992e-01 +9.1717e-01 +1.7786e+00 +5.2788e-01 +3.3263e+00 +9.3057e-02 +4.1024e+00 +2.0072e+00
% function evaluation | noise-free fitness - Fopt (1.366000000000e+01) | best noise-free fitness - Fopt | measured fitness | best measured fitness | x1 | x2...
1 +2.049883298e+06 +2.049883298e+06 +2.049896958e+06 +2.049896958e+06 +1.4727e+00 -3.0868e+00 -2.8625e+00 -3.3121e+00 -3.8243e+00 -1.7900e+00 +2.3175e+00 +2.3042e+00 +2.9416e+00 +1.9650e+00
5 +1.478687236e+06 +1.478687236e+06 +1.478700896e+06 +1.478700896e+06 -2.5204e+00 -1.5241e+00 -3.5110e+00 -4.4830e+00 +2.8030e+00 -3.0831e+00 -7.2594e-01 -9.5405e-01 -4.8937e+00 -4.4002e+00
14 +5.519755594e+05 +5.519755594e+05 +5.519892194e+05 +5.519892194e+05 -3.1705e+00 +2.0840e+00 -2.9156e+00 -1.9864e+00 +1.2631e-01 +1.4727e+00 +4.8367e+00 +4.5370e+00 -3.4907e-01 -2.0848e+00
18 +3.824684136e+03 +3.824684136e+03 +3.838344136e+03 +3.838344136e+03 -1.9107e+00 +1.5239e+00 +3.1279e+00 +8.2796e-01 +3.8034e+00 +5.4624e-01 +1.9315e+00 +2.1675e+00 +3.0237e+00 +3.1010e+00
109 +1.308175873e+03 +1.308175873e+03 +1.321835873e+03 +1.321835873e+03 -3.2497e+00 +1.2692e+00 -3.4013e+00 +4.4016e-01 -2.5151e+00 -7.8086e-01 +7.8220e-01 +1.6275e+00 +2.5255e+00 +1.5129e+00
363 +7.121617473e+02 +7.121617473e+02 +7.258217473e+02 +7.258217473e+02 -3.6527e+00 +1.4369e+00 -4.3147e+00 -1.3093e+00 +5.7554e-01 -9.7190e-01 +2.1636e-01 -2.0340e+00 +3.3874e+00 -3.0190e+00
695 +5.066659333e+02 +5.066659333e+02 +5.203259333e+02 +5.203259333e+02 -5.0000e+00 +1.2579e+00 -2.6382e+00 -4.5176e+00 -1.0956e-01 -6.6259e-01 +3.3890e+00 -7.9700e-01 +3.3168e+00 -5.0000e+00
837 +5.476225493e+01 +5.476225493e+01 +6.842225493e+01 +6.842225493e+01 -2.3980e+00 +6.7767e-01 +2.7246e+00 -2.3516e+00 -1.4113e+00 -4.0106e+00 +1.9446e+00 -1.0365e+00 +1.3143e+00 -5.0449e-01
% function evaluation | noise-free fitness - Fopt (9.378400000000e+02) | best noise-free fitness - Fopt | measured fitness | best measured fitness | x1 | x2...
1 +1.933419295e+06 +1.933419295e+06 +1.934357135e+06 +1.934357135e+06 -2.5760e+00 +2.8722e+00 -2.3517e+00 +3.6640e+00 -1.2754e+00 -4.8764e+00 +2.8838e+00 -4.6970e+00 -3.9272e+00 -1.7113e+00
11 +1.958370592e+05 +1.958370592e+05 +1.967748992e+05 +1.967748992e+05 +3.0932e+00 -2.3246e+00 +3.2642e+00 +1.8792e-01 +2.7227e+00 +4.6673e+00 +4.9582e-01 -4.4928e+00 -1.9009e+00 +2.5587e+00
12 +4.590044912e+02 +4.590044912e+02 +1.396844491e+03 +1.396844491e+03 -3.4314e+00 +4.6193e+00 -3.4008e+00 +4.0101e-01 -3.1841e+00 -1.0021e+00 +1.1878e+00 -2.6657e+00 -2.7936e+00 -7.0435e-01
516 +2.553926065e+02 +2.553926065e+02 +1.193232606e+03 +1.193232606e+03 -2.1535e+00 +4.0191e+00 -2.3108e+00 -1.8194e+00 -1.8568e+00 +4.7354e+00 +4.6638e+00 +0.0000e+00 +5.0000e+00 -5.0000e+00
793 +2.486630017e+02 +2.486630017e+02 +1.186503002e+03 +1.186503002e+03 -3.4975e-01 +3.7864e+00 -2.0605e+00 -3.6319e+00 -3.4299e-01 +6.3151e-01 +3.2505e+00 -7.9413e-01 +5.0000e+00 -4.4487e+00
1044 +1.214796427e+02 +1.214796427e+02 +1.059319643e+03 +1.059319643e+03 +3.6461e-01 +1.9514e+00 -8.6247e-01 -2.8556e-01 +3.8801e-01 -1.3139e-01 +9.9209e-01 -1.8278e+00 +2.6759e+00 -2.1066e-01
1845 +6.857593845e+01 +6.857593845e+01 +1.006415938e+03 +1.006415938e+03 +5.0945e-01 +1.5985e+00 -8.2138e-01 -1.1256e+00 +3.3234e-01 -4.9133e-01 +4.6772e-01 -1.2408e+00 +2.4200e+00 +1.1108e+00
3073 +5.486057287e+01 +5.486057287e+01 +9.927005729e+02 +9.927005729e+02 +4.5486e-01 +1.3888e+00 -5.1447e-01 -1.1259e+00 +2.3715e-01 +8.6740e-01 +9.2080e-01 -8.0573e-01 +2.3860e+00 +1.3479e+00
% function evaluation | noise-free fitness - Fopt (-7.872000000000e+01) | best noise-free fitness - Fopt | measured fitness | best measured fitness | x1 | x2...
1 +2.835024834e+06 +2.835024834e+06 +2.834946114e+06 +2.834946114e+06 -4.1063e+00 +7.1174e-02 -6.1152e-01 -2.2438e+00 +1.5554e+00 -2.3756e+00 -3.3417e+00 -3.7834e+00 -1.3400e+00 +4.8327e+00
2 +2.379342216e+06 +2.379342216e+06 +2.379263496e+06 +2.379263496e+06 -8.5181e-01 -2.0417e+00 +4.2090e-01 +4.8232e+00 -2.6580e+00 -2.3377e+00 -1.0940e+00 +4.4100e+00 -4.8417e+00 +1.4291e+00
6 +5.694430238e+04 +5.694430238e+04 +5.686558238e+04 +5.686558238e+04 +4.1963e+00 -4.4856e+00 +1.5784e+00 -3.1026e+00 -3.4711e+00 +1.7043e+00 +2.7675e+00 -1.4991e-01 +6.9163e-01 +2.6408e+00
8 +1.711651482e+03 +1.711651482e+03 +1.632931482e+03 +1.632931482e+03 +3.9528e+00 -1.2416e+00 -3.6251e+00 +4.5178e+00 +4.0707e+00 +9.9860e-01 -1.4973e+00 -3.2616e-01 +3.6509e+00 -5.9798e-01
83 +1.125129086e+03 +1.125129086e+03 +1.046409086e+03 +1.046409086e+03 +3.3375e+00 +1.8762e+00 +1.0504e+00 -2.6199e-01 +4.6250e+00 +4.7575e+00 -2.3299e+00 +1.4121e+00 -2.0861e+00 +2.1834e+00
137 +2.159936405e+02 +2.159936405e+02 +1.372736405e+02 +1.372736405e+02 +3.1777e+00 +3.6311e+00 -1.2608e+00 +4.5892e-01 +2.5184e+00 -2.6764e+00 -4.5838e+00 -3.5898e-01 -1.5974e+00 -2.6134e-01
326 +1.177392782e+02 +1.177392782e+02 +3.901927821e+01 +3.901927821e+01 +2.9576e+00 +1.7665e+00 +2.3327e+00 +1.7681e-01 +3.7162e+00 -2.8659e+00 -2.4840e+00 +3.3300e+00 -2.4059e+00 -7.8018e-01
505 +9.942541754e+01 +9.942541754e+01 +2.070541754e+01 +2.070541754e+01 +1.1168e+00 -2.1744e-01 +2.8098e+00 -2.8752e+00 +5.0000e+00 -3.3130e+00 -1.1215e+00 +5.0000e+00 +1.0502e+00 -8.7519e-01
4670 +6.167093380e+01 +6.167093380e+01 -1.704906620e+01 -1.704906620e+01 +1.7558e+00 -3.9264e-01 +5.0338e-01 -1.7148e+00 +3.5917e+00 -3.0552e+00 -7.9921e-01 +4.8446e+00 +1.0698e+00 -9.6894e-01
% function evaluation | noise-free fitness - Fopt (-5.984300000000e+02) | best noise-free fitness - Fopt | measured fitness | best measured fitness | x1 | x2...
1 +4.482802678e+07 +4.482802678e+07 +4.482742835e+07 +4.482742835e+07 +4.6440e+00 +7.0297e-01 +4.1193e+00 -3.9353e+00 +3.6760e+00 +3.2909e+00 +2.7910e+00 +3.4233e+00 +1.8864e+00 +4.3720e+00
3 +3.912919776e+07 +3.912919776e+07 +3.912859933e+07 +3.912859933e+07 -2.0759e+00 -1.0256e+00 -7.4504e-01 -3.0537e+00 +2.2061e+00 +4.2018e+00 +1.1212e+00 +4.8698e+00 -2.1295e-01 -1.2058e+00
4 +1.964496999e+07 +1.964496999e+07 +1.964437156e+07 +1.964437156e+07 +3.2316e+00 +2.6682e+00 +2.3857e+00 -2.6671e-01 +1.2572e+00 -1.2771e+00 -3.7060e+00 -3.0251e+00 +4.0786e+00 -4.1566e+00
5 +3.248319321e+05 +3.248319321e+05 +3.242335021e+05 +3.242335021e+05 -6.5357e-01 +4.0559e+00 +3.0343e+00 -4.1978e+00 +3.1474e+00 -4.0377e+00 +3.9318e+00 +2.6807e+00 +5.9119e-01 -7.7810e-01
8 +3.705546627e+03 +3.705546627e+03 +3.107116627e+03 +3.107116627e+03 -3.2068e+00 +1.9823e+00 +2.8848e+00 -2.3632e+00 +3.9169e+00 -9.6126e-01 -4.6597e+00 +1.0930e+00 +4.1380e+00 +4.3279e+00
204 +1.884740251e+02 +1.884740251e+02 -4.099559749e+02 -4.099559749e+02 +2.3743e+00 -2.3318e+00 +5.0000e+00 -1.0921e+00 +4.3695e+00 -3.3628e+00 -5.0000e+00 +1.9749e+00 +1.8816e+00 +4.3991e-01
980 +1.416906170e+02 +1.416906170e+02 -4.567393830e+02 -4.567393830e+02 +1.2359e+00 +1.2252e-01 +5.0000e+00 -2.9356e+00 +4.5905e+00 -3.4022e+00 -4.3023e+00 +1.2688e+00 -1.7496e-01 -2.0877e-01
2628 +9.990837953e+01 +9.990837953e+01 -4.985216205e+02 -4.985216205e+02 -8.0476e-01 +8.6004e-01 +4.7642e+00 -1.2720e+00 +3.3552e+00 -2.7228e+00 -1.3853e+00 +2.5705e+00 +2.9116e+00 +1.8363e+00
% function evaluation | noise-free fitness - Fopt (-8.542000000000e+01) | best noise-free fitness - Fopt | measured fitness | best measured fitness | x1 | x2...
1 +2.353270453e+06 +2.353270453e+06 +2.353185033e+06 +2.353185033e+06 +1.7676e+00 -1.7688e+00 -4.2122e+00 -4.0966e+00 +2.2053e+00 +4.7792e+00 +4.4027e+00 +6.6403e-01 +8.1416e-01 -3.6706e+00
5 +9.255114204e+05 +9.255114204e+05 +9.254260004e+05 +9.254260004e+05 +3.3830e+00 -4.6281e+00 +3.0732e+00 -2.9257e+00 -9.0804e-01 -1.2696e+00 -2.0507e+00 +1.3844e+00 -1.0228e+00 -3.1604e+00
6 +4.987825573e+05 +4.987825573e+05 +4.986971373e+05 +4.986971373e+05 -2.2748e+00 -4.0865e+00 -2.4369e-01 -2.9757e+00 +3.2056e+00 +9.4794e-01 -4.9024e+00 +1.1193e+00 +1.5010e+00 -1.8639e+00
9 +3.904953873e+05 +3.904953873e+05 +3.904099673e+05 +3.904099673e+05 +1.5481e+00 -2.7230e+00 +2.7274e+00 +1.7428e+00 -3.0215e+00 -3.2465e+00 +2.9929e+00 -1.1571e-01 -3.5725e+00 -3.4331e+00
23 +2.160219771e+04 +2.160219771e+04 +2.151677771e+04 +2.151677771e+04 -3.6996e+00 -2.5213e+00 -3.8495e+00 -4.8202e+00 +2.5808e+00 +1.9738e+00 +2.6588e+00 -4.8955e+00 -1.5755e+00 +3.5337e-01
69 +1.183060501e+04 +1.183060501e+04 +1.174518501e+04 +1.174518501e+04 -2.3276e+00 +3.1551e+00 +7.1150e-01 -8.1254e-01 -3.1659e+00 -4.6537e+00 +1.6638e+00 +4.3259e+00 -3.2455e+00 -2.8533e+00
72 +5.847472278e+03 +5.847472278e+03 +5.762052278e+03 +5.762052278e+03 -1.6802e+00 +1.2702e+00 -4.7035e+00 -2.4625e+00 -4.2876e+00 -3.3141e-01 +3.2427e+00 +1.2023e+00 +3.9810e+00 -2.0502e+00
105 +2.025066831e+03 +2.025066831e+03 +1.939646831e+03 +1.939646831e+03 +4.1011e+00 -4.9812e+00 -1.4270e-02 -2.0973e+00 -4.0959e+00 -1.0194e+00 +5.2532e-01 -4.7198e+00 -2.0871e+00 +1.7154e+00
282 +8.346829596e+02 +8.346829596e+02 +7.492629596e+02 +7.492629596e+02 +5.0000e+00 -5.0000e+00 +1.8234e+00 -3.4754e+00 -4.3098e+00 -4.5604e+00 +4.4620e-01 -1.5207e+00 -4.5396e-01 +1.3177e+00
606 +5.277088646e+02 +5.277088646e+02 +4.422888646e+02 +4.422888646e+02 +5.0000e+00 -5.0000e+00 +2.7671e+00 -3.2839e+00 -4.6084e+00 -4.3829e+00 +5.0000e+00 -1.0446e+00 -3.2866e+00 +4.0085e+00
633 +1.511275659e+02 +1.511275659e+02 +6.570756588e+01 +6.570756588e+01 +5.0000e+00 -1.6341e+00 -1.3070e-01 -4.3739e+00 -1.8595e+00 -4.5744e+00 -1.9312e+00 +0.0000e+00 +2.0405e-01 +2.4347e+00
1802 +8.761658719e+01 +8.761658719e+01 +2.196587189e+00 +2.196587189e+00 +1.9653e+00 -4.9975e-01 -2.0115e+00 -9.3310e-01 -1.2749e-01 -3.0376e+00 +1.1012e-01 +2.8200e-01 +2.7709e+00 +1.2450e+00
3330 +4.595801362e+01 +4.595801362e+01 -3.946198638e+01 -3.946198638e+01 +5.0000e+00 -1.5986e+00 +1.2103e+00 -5.3603e-01 -3.9474e+00 -4.9673e+00 +2.5831e+00 +1.2718e+00 -4.8691e-02 +3.5867e+00
3707 +2.610120388e+01 +2.610120388e+01 -5.931879612e+01 -5.931879612e+01 +5.0000e+00 -2.0065e+00 +9.2885e-01 +5.3173e-01 -1.5630e+00 -3.0315e+00 +9.5534e-01 +1.2764e+00 +4.0697e-02 +3.4985e+00
% function evaluation | noise-free fitness - Fopt (1.932500000000e+02) | best noise-free fitness - Fopt | measured fitness | best measured fitness | x1 | x2...
1 +1.396873649e+07 +1.396873649e+07 +1.396892974e+07 +1.396892974e+07 -2.1214e+00 +2.6137e+00 -2.4591e+00 -3.7061e+00 -1.0182e+00 -3.5852e+00 +3.9712e+00 +1.6167e+00 -2.9645e+00 +4.8509e+00
4 +8.624023257e+06 +8.624023257e+06 +8.624216507e+06 +8.624216507e+06 -4.9388e+00 +4.7995e-02 +1.4982e+00 -4.6152e+00 -4.2369e+00 +4.8986e+00 -4.6166e+00 -4.3985e+00 +2.8396e+00 -1.0564e+00
10 +2.795874855e+05 +2.795874855e+05 +2.797807355e+05 +2.797807355e+05 +4.5716e+00 +4.0467e+00 -3.6552e+00 +2.2860e+00 -4.4479e+00 +4.4573e+00 -3.1782e+00 -1.9343e+00 -3.7923e+00 +2.5049e-01
12 +1.050281260e+05 +1.050281260e+05 +1.052213760e+05 +1.052213760e+05 +3.0739e+00 +3.6493e+00 -1.3256e+00 -4.2402e+00 -9.4648e-01 +4.6554e+00 -3.9989e+00 +1.2721e+00 -2.0553e+00 -2.4439e+00
14 +2.616921400e+03 +2.616921400e+03 +2.810171400e+03 +2.810171400e+03 -3.8469e+00 +8.0334e-01 -2.7174e+00 -1.7558e+00 +2.8384e+00 +1.1264e+00 +6.9552e-01 -1.5996e+00 +2.6941e+00 +3.3244e+00
82 +7.400589563e+02 +7.400589563e+02 +9.333089563e+02 +9.333089563e+02 +4.4575e+00 +2.7844e+00 -3.5778e+00 -1.4197e+00 +3.4995e+00 +8.6206e-01 +1.3409e+00 -4.6385e+00 -2.0285e+00 -3.2873e+00
161 +5.365624267e+02 +5.365624267e+02 +7.298124267e+02 +7.298124267e+02 -4.5472e+00 -3.6720e+00 -3.9647e+00 +1.7416e+00 -1.7430e+00 +2.6806e+00 -4.6123e+00 -4.7685e+00 -2.1179e+00 +4.2842e+00
472 +2.410393681e+02 +2.410393681e+02 +4.342893681e+02 +4.342893681e+02 -4.6694e+00 -5.0000e+00 -4.7092e+00 -1.1173e+00 -5.0000e+00 +4.7010e+00 -5.0000e+00 -4.9792e+00 -9.8845e-01 +2.8878e+00
634 +1.546465411e+02 +1.546465411e+02 +3.478965411e+02 +3.478965411e+02 -4.8499e+00 -2.0000e+00 -4.7981e+00 -9.6251e-01 -4.1167e+00 +6.4978e-01 -5.0000e+00 -4.9927e+00 -3.8015e+00 +5.0000e+00
1299 +8.928098867e+01 +8.928098867e+01 +2.825309887e+02 +2.825309887e+02 -4.9017e+00 -3.1423e-01 -4.4177e+00 -5.5819e-01 -1.6085e+00 -1.6773e+00 -5.0000e+00 -4.9937e+00 -3.1732e+00 +2.4691e+00
% function evaluation | noise-free fitness - Fopt (-1.815000000000e+02) | best noise-free fitness - Fopt | measured fitness | best measured fitness | x1 | x2...
1 +7.270984603e+06 +7.270984603e+06 +7.270803103e+06 +7.270803103e+06 -4.7333e+00 +4.4323e+00 -1.0897e+00 +2.4298e-01 +1.4314e+00 +1.5757e+00 -2.4841e+00 -4.1854e+00 +4.9686e+00 -4.2320e+00
2 +4.377249196e+05 +4.377249196e+05 +4.375434196e+05 +4.375434196e+05 +1.9060e-01 -3.9466e-02 +2.0396e+00 -4.9765e+00 -3.8954e+00 -2.1722e+00 +2.0890e+00 +3.7948e+00 +4.4226e+00 +1.1334e+00
7 +1.260050286e+05 +1.260050286e+05 +1.258235286e+05 +1.258235286e+05 +8.9126e-02 +4.0431e+00 -2.8251e+00 +4.5653e+00 +1.1382e+00 -4.4487e+00 -2.1710e+00 +2.8483e+00 +4.4601e+00 -2.0694e-01
13 +2.566968781e+03 +2.566968781e+03 +2.385468781e+03 +2.385468781e+03 -4.8746e+00 +3.2485e+00 -3.9356e+00 +1.9514e+00 -7.9841e-01 +7.8810e-02 +2.2793e+00 -5.1069e-01 -1.4454e-01 -1.8170e+00
45 +1.524672230e+02 +1.524672230e+02 -2.903277704e+01 -2.903277704e+01 -4.4244e+00 +2.8590e+00 -1.4970e+00 -2.8718e+00 -1.3707e+00 -2.0983e-01 -4.6614e+00 -3.8012e+00 +1.5091e+00 -2.8416e+00
558 +6.743590638e+01 +6.743590638e+01 -1.140640936e+02 -1.140640936e+02 -5.0000e+00 +9.8518e-01 -4.1803e+00 -7.2881e-01 -2.9586e+00 -1.8257e+00 -3.6042e+00 -5.0000e+00 +4.2777e+00 -2.7404e+00
1151 +5.283898057e+01 +5.283898057e+01 -1.286610194e+02 -1.286610194e+02 -2.4071e+00 +2.0349e+00 -4.4834e+00 +2.8792e+00 -4.0905e+00 -3.8608e+00 -2.9507e+00 -3.9803e+00 +2.4203e+00 -1.0951e+00
3698 +3.407473026e+01 +3.407473026e+01 -1.474252697e+02 -1.474252697e+02 -3.1411e+00 +1.2320e+00 -4.9710e+00 -8.1401e-01 -3.7346e+00 -3.3213e+00 -2.2569e+00 -4.2811e+00 +2.3630e+00 -1.2530e+00
% function evaluation | noise-free fitness - Fopt (4.526200000000e+02) | best noise-free fitness - Fopt | measured fitness | best measured fitness | x1 | x2...
1 +3.184906486e+06 +3.184906486e+06 +3.185359106e+06 +3.185359106e+06 -2.3426e+00 -3.8150e+00 -1.0613e+00 +4.5227e+00 -4.2687e+00 +2.1305e+00 +1.4947e+00 +3.4673e+00 +1.0599e+00 +4.4602e+00
2 +1.157843123e+06 +1.157843123e+06 +1.158295743e+06 +1.158295743e+06 -4.9119e+00 -3.8551e+00 -2.0877e+00 -1.2673e+00 -2.3236e+00 +3.8764e-02 -3.4011e+00 +4.4369e+00 +4.0613e+00 -7.6452e-01
3 +1.321650963e+05 +1.321650963e+05 +1.326177163e+05 +1.326177163e+05 +3.9747e+00 -4.0247e+00 +3.8362e+00 -1.1308e+00 -2.9217e+00 +6.5975e-01 -1.6967e+00 -3.6399e+00 -1.9470e-01 +4.0597e+00
10 +3.814138570e+04 +3.814138570e+04 +3.859400570e+04 +3.859400570e+04 +1.9101e+00 -4.9969e+00 -4.8220e+00 -3.9385e+00 +3.4748e+00 +6.8647e-01 +3.5901e+00 +2.7460e+00 -3.6978e+00 -2.5862e+00
31 +1.907801973e+04 +1.907801973e+04 +1.953063973e+04 +1.953063973e+04 +2.6681e-01 -1.3926e+00 +3.7651e+00 -2.0168e+00 -3.7424e+00 +2.0235e+00 +3.5905e+00 -1.6637e-01 -4.1320e+00 +1.0949e+00
81 +4.586887481e+02 +4.586887481e+02 +9.113087481e+02 +9.113087481e+02 +3.0117e+00 -3.9128e+00 -4.0973e+00 +3.6969e-01 +5.0468e-01 -3.3358e+00 +4.7243e+00 +1.9066e+00 +2.5343e-01 +4.6490e+00
224 +2.335672915e+02 +2.335672915e+02 +6.861872915e+02 +6.861872915e+02 +5.0000e+00 -3.7781e+00 -5.0000e+00 +7.4950e-01 +5.0000e+00 +3.5004e+00 +2.3408e-01 +3.2225e+00 -1.6861e+00 +2.2344e+00
308 +1.424222847e+02 +1.424222847e+02 +5.950422847e+02 +5.950422847e+02 +4.5380e-01 -1.9698e+00 -2.9455e+00 -3.3914e+00 -1.1819e+00 -1.5147e+00 +1.5837e+00 +3.2946e+00 +1.0395e+00 +2.9205e+00
2867 +9.810227083e+01 +9.810227083e+01 +5.507222708e+02 +5.507222708e+02 +3.8822e-01 -1.2629e+00 -3.2895e+00 +1.0709e+00 -2.4363e+00 +7.8026e-01 +1.1461e+00 +3.0335e+00 -1.0028e-01 -4.3885e-01
4243 +6.249024094e+01 +6.249024094e+01 +5.151102409e+02 +5.151102409e+02 +1.0261e-01 -9.1552e-01 -1.4792e+00 +2.6377e+00 -2.0347e+00 +8.3914e-01 +1.3593e+00 +2.7007e+00 +4.9133e-02 +2.0867e+00
% function evaluation | noise-free fitness - Fopt (-1.184600000000e+02) | best noise-free fitness - Fopt | measured fitness | best measured fitness | x1 | x2...
1 +2.235653439e+07 +2.235653439e+07 +2.235641593e+07 +2.235641593e+07 +2.6084e+00 +1.1290e+00 +3.6723e+00 +2.2694e+00 -1.0325e+00 +4.6641e+00 +8.2939e-01 -3.8213e+00 -3.3979e+00 -3.2499e+00
2 +5.937008260e+06 +5.937008260e+06 +5.936889800e+06 +5.936889800e+06 +4.8859e+00 -2.9738e+00 -4.5929e+00 +7.9881e-01 -4.0119e+00 +1.1695e+00 +4.3237e+00 +2.0863e-01 +3.7620e+00 +3.7849e-02
3 +3.673997884e+06 +3.673997884e+06 +3.673879424e+06 +3.673879424e+06 -4.9913e+00 -3.0971e+00 -4.0821e+00 +3.4958e+00 -3.9187e+00 -3.8665e+00 +4.7191e+00 -4.2668e+00 +2.4400e+00 -1.6594e+00
4 +1.094881376e+05 +1.094881376e+05 +1.093696776e+05 +1.093696776e+05 -4.9276e+00 +2.2746e+00 +6.7813e-01 -4.2424e+00 +5.4148e-02 +1.5799e+00 -6.5865e-01 -4.5556e+00 +2.4382e+00 +4.0105e+00
46 +5.118658260e+04 +5.118658260e+04 +5.106812260e+04 +5.106812260e+04 -1.9867e+00 -4.9112e+00 +1.1485e+00 -3.3583e+00 -2.8826e+00 +3.6471e+00 -8.0001e-01 +4.4075e+00 -3.1539e+00 -4.6917e+00
81 +1.573470078e+04 +1.573470078e+04 +1.561624078e+04 +1.561624078e+04 +2.2244e+00 -3.9662e+00 +1.4531e+00 -1.0565e+00 -4.6211e+00 +3.8702e-01 +7.7598e-01 -4.6136e+00 -2.3233e-01 -3.8223e+00
156 +2.546160847e+02 +2.546160847e+02 +1.361560847e+02 +1.361560847e+02 -3.2599e+00 -8.1414e-01 -7.8781e-01 -4.4300e+00 +3.0903e+00 +5.0218e-01 +2.2923e+00 +7.6609e-01 -2.5926e+00 +2.9510e+00
269 +1.330466433e+02 +1.330466433e+02 +1.458664335e+01 +1.458664335e+01 -5.0000e+00 -5.0000e+00 -4.4217e-01 -1.1988e-01 +8.3589e-01 -2.6772e-02 +2.3124e+00 +4.2676e-02 -3.2841e-01 +3.8155e+00
1595 +8.859444563e+01 +8.859444563e+01 -2.986555437e+01 -2.986555437e+01 -3.9022e-01 -4.4996e+00 -4.0510e+00 +1.8649e+00 -5.9333e-01 -5.0000e+00 +2.6221e+00 +8.7785e-01 -3.9223e+00 +3.3651e+00
2329 +5.706448096e+01 +5.706448096e+01 -6.139551904e+01 -6.139551904e+01 +1.5937e-01 -4.0094e+00 -3.3616e+00 +1.1055e+00 -2.4018e+00 -5.0000e+00 +2.7644e+00 +7.9119e-02 -3.0220e+00 +3.0572e+00
% function evaluation | noise-free fitness - Fopt (9.973000000000e+01) | best noise-free fitness - Fopt | measured fitness | best measured fitness | x1 | x2...
1 +4.630223447e+07 +4.630223447e+07 +4.630233420e+07 +4.630233420e+07 +4.9754e+00 +3.1178e+00 +7.4023e-01 -4.4630e+00 +1.8559e+00 -4.0113e+00 -2.3375e-01 +3.1029e+00 +4.9611e+00 +4.8737e+00
2 +9.687918025e+05 +9.687918025e+05 +9.688915325e+05 +9.688915325e+05 -3.1248e+00 +2.5611e+00 -4.9153e+00 +2.8354e+00 +4.3881e+00 -7.6366e-01 +2.4371e+00 +7.9044e-01 -4.8202e+00 -2.4763e+00
3 +2.009317057e+05 +2.009317057e+05 +2.010314357e+05 +2.010314357e+05 +1.9356e+00 -1.2685e+00 -1.0951e+00 +1.1860e+00 +4.5625e+00 +3.5880e+00 -1.6332e+00 +1.2185e+00 -1.4079e+00 -2.0919e-01
18 +3.754802650e+04 +3.754802650e+04 +3.764775650e+04 +3.764775650e+04 +6.3084e-01 -4.1453e+00 +3.0862e+00 -4.6660e+00 -5.4575e-01 -2.5807e+00 +3.3165e+00 +1.7367e-02 +3.4726e+00 +3.1760e+00
31 +1.811234568e+04 +1.811234568e+04 +1.821207568e+04 +1.821207568e+04 +1.8692e+00 -4.7282e+00 +8.6832e-01 +2.3253e+00 +2.4423e+00 +2.2325e+00 -3.8466e+00 -4.6095e-01 +4.4099e+00 +1.4628e+00
136 +1.562308955e+04 +1.562308955e+04 +1.572281955e+04 +1.572281955e+04 +2.9071e+00 +3.7552e-01 -1.4800e+00 +2.8912e+00 +1.2468e+00 -4.8055e+00 +4.2082e+00 +4.6705e+00 +1.5680e+00 -1.5379e+00
222 +5.322533832e+03 +5.322533832e+03 +5.422263832e+03 +5.422263832e+03 +8.8534e-01 +5.0000e+00 -5.0000e+00 +3.0039e+00 -3.0499e+00 -5.1171e-01 +9.3939e-01 -3.3090e-01 +4.8809e+00 -5.0000e+00
332 +3.392979736e+03 +3.392979736e+03 +3.492709736e+03 +3.492709736e+03 +2.0530e+00 -5.0000e+00 +4.4048e+00 -2.2014e+00 +1.1325e+00 -4.2300e+00 +2.8799e+00 -1.4940e-02 -1.6582e+00 +1.8337e+00
532 +3.397762637e+02 +3.397762637e+02 +4.395062637e+02 +4.395062637e+02 +5.0000e+00 -5.0000e+00 +4.9505e+00 -4.0917e+00 -5.3530e-01 -5.0000e+00 +3.9096e+00 +8.8089e-03 -5.0000e+00 +1.7593e+00
697 +2.242132029e+02 +2.242132029e+02 +3.239432029e+02 +3.239432029e+02 +5.0000e+00 -4.6948e+00 +0.0000e+00 +3.3460e+00 +1.6912e+00 -5.0000e+00 +4.6700e+00 -2.3526e-01 -4.3178e+00 +7.7804e-01
2039 +1.169721646e+02 +1.169721646e+02 +2.167021646e+02 +2.167021646e+02 -2.6713e+00 -2.9615e+00 +1.2574e+00 -2.4029e+00 -2.9873e+00 -4.7937e+00 +1.7385e+00 -2.3966e+00 -2.4481e+00 +1.0501e+00
3157 +4.888117131e+01 +4.888117131e+01 +1.486111713e+02 +1.486111713e+02 -3.3678e+00 -1.7295e+00 +3.1600e-01 -2.2550e+00 -1.8778e+00 -8.4903e-01 +1.1547e+00 -3.3277e+00 -1.8543e+00 +6.4459e-01
% function evaluation | noise-free fitness - Fopt (4.044000000000e+01) | best noise-free fitness - Fopt | measured fitness | best measured fitness | x1 | x2...
1 +2.898047591e+07 +2.898047591e+07 +2.898051635e+07 +2.898051635e+07 +3.7078e+00 -1.4493e+00 +1.6871e+00 -4.8546e+00 +4.9548e+00 +3.5319e+00 -1.6621e+00 +3.4942e+00 +4.7775e+00 -4.0009e+00
2 +3.564997183e+06 +3.564997183e+06 +3.565037623e+06 +3.565037623e+06 -2.6722e-01 +2.7061e+00 -1.7019e+00 +4.8420e+00 +8.4756e-01 -4.4201e-01 -2.1676e+00 -2.9567e+00 +4.2597e+00 -1.6543e+00
4 +5.581097612e+04 +5.581097612e+04 +5.585141612e+04 +5.585141612e+04 +8.2647e-01 +2.0387e+00 -3.2533e+00 +1.7360e+00 -4.6874e+00 +3.1553e+00 -3.1730e+00 -6.7089e-01 -1.2666e+00 -1.9807e+00
44 +2.777268565e+04 +2.777268565e+04 +2.781312565e+04 +2.781312565e+04 -2.8906e+00 -1.2257e+00 +2.3773e+00 +3.7198e+00 -5.1636e-02 +4.1521e+00 +3.5102e-01 -7.2406e-01 +7.4662e-03 +6.3563e-01
81 +1.411734240e+03 +1.411734240e+03 +1.452174240e+03 +1.452174240e+03 -4.5879e+00 +1.0752e+00 -1.1945e+00 +1.2348e+00 +1.2846e+00 +1.6124e+00 +2.2717e-01 +2.6461e+00 -4.8706e+00 -5.6238e-01
389 +6.894226356e+01 +6.894226356e+01 +1.093822636e+02 +1.093822636e+02 -9.0103e-01 +4.4091e+00 -3.0000e-01 +2.6784e+00 +2.5147e+00 -1.0538e-01 -6.0052e-01 +1.3141e+00 -5.0000e+00 +9.5627e-01
1611 +4.537243075e+01 +4.537243075e+01 +8.581243075e+01 +8.581243075e+01 +6.5660e-01 +4.2376e+00 +8.9589e-01 -9.2406e-01 +8.7509e-01 +7.5297e-01 +5.7560e-01 -9.6820e-01 -4.5345e+00 +2.1328e+00
1930 +3.232341934e+01 +3.232341934e+01 +7.276341934e+01 +7.276341934e+01 +5.9187e-01 +2.5171e+00 +2.5702e+00 -3.5999e-01 +1.4477e+00 -1.7434e+00 +7.3585e-01 -7.4560e-01 -4.4846e+00 +5.0000e+00
2966 +2.090716838e+01 +2.090716838e+01 +6.134716838e+01 +6.134716838e+01 +1.4863e+00 +2.5982e+00 -9.4542e-01 -1.9495e+00 +1.8516e+00 -1.5550e+00 -6.9204e-01 -1.1723e+00 -4.0985e+00 +4.3472e-01
% function evaluation | noise-free fitness - Fopt (-1.216000000000e+02) | best noise-free fitness - Fopt | measured fitness | best measured fitness | x1 | x2...
1 +6.001912682e+06 +6.001912682e+06 +6.001791082e+06 +6.001791082e+06 +2.9737e+00 +4.4041e+00 -4.1308e+00 +4.4928e+00 -3.9651e+00 -3.8323e+00 +1.6096e+00 +3.7654e+00 +1.5412e+00 -3.0579e+00
2 +1.852487253e+05 +1.852487253e+05 +1.851271253e+05 +1.851271253e+05 +3.9876e+00 -1.0600e+00 -3.5334e+00 -1.1318e+00 +3.8951e+00 +6.0992e-01 -2.3962e-01 -2.8196e+00 -1.7209e+00 +2.1242e+00
28 +9.827777841e+04 +9.827777841e+04 +9.815617841e+04 +9.815617841e+04 -4.5555e+00 -4.4123e+00 +1.4575e+00 +6.3326e-01 -3.5144e+00 +1.2800e-01 +2.6259e+00 +4.4884e+00 -4.5257e+00 +1.8246e+00
36 +4.545141983e+04 +4.545141983e+04 +4.532981983e+04 +4.532981983e+04 -3.3843e+00 +4.8436e+00 -3.1704e+00 +2.6485e+00 +1.3451e+00 +1.2634e+00 +1.5981e+00 -3.9951e+00 +4.8325e+00 +2.0460e+00
42 +5.166964313e+03 +5.166964313e+03 +5.045364313e+03 +5.045364313e+03 +1.9586e+00 +3.4249e+00 -1.4858e+00 +1.5186e+00 -4.3805e-01 -1.2255e+00 +3.5589e+00 -4.4533e+00 -2.8182e+00 -1.5421e+00
152 +1.012837819e+03 +1.012837819e+03 +8.912378194e+02 +8.912378194e+02 +1.0683e+00 +1.8877e+00 -2.3682e-01 -3.4027e+00 -2.5571e+00 +3.4716e+00 -4.7439e+00 +1.5908e+00 -2.4569e+00 -3.2452e+00
380 +4.927507102e+02 +4.927507102e+02 +3.711507102e+02 +3.711507102e+02 +5.7107e-01 +3.5041e+00 -2.8339e+00 +1.1853e+00 -2.0781e+00 +5.0000e+00 -2.7501e+00 +2.0844e-01 +2.4372e-01 -4.8334e+00
383 +1.902705332e+02 +1.902705332e+02 +6.867053317e+01 +6.867053317e+01 +1.4028e-01 +2.4906e+00 +2.5761e+00 -1.7900e+00 -6.5196e-01 -5.0000e+00 -5.0000e+00 +2.3768e+00 -3.1858e+00 -2.3782e+00
633 +9.741717574e+01 +9.741717574e+01 -2.418282426e+01 -2.418282426e+01 +1.2493e-01 +1.1087e+00 +4.4611e-01 -2.2611e+00 +6.1296e-01 -5.0000e+00 -5.0000e+00 -4.4281e-01 +1.2205e+00 -4.3652e-02
% function evaluation | noise-free fitness - Fopt (-3.811000000000e+01) | best noise-free fitness - Fopt | measured fitness | best measured fitness | x1 | x2...
1 +3.522609704e+06 +3.522609704e+06 +3.522571594e+06 +3.522571594e+06 +4.2289e+00 -1.4686e+00 +3.6889e-01 +3.2001e+00 -1.9651e+00 +3.1944e+00 -1.5400e+00 -2.9071e+00 +1.6964e+00 -4.4802e+00
2 +1.658743529e+04 +1.658743529e+04 +1.654932529e+04 +1.654932529e+04 -4.3090e-01 +3.5420e+00 -2.9350e+00 +2.1543e+00 -1.3616e+00 -4.7762e+00 -3.0150e+00 +1.6677e+00 -9.7087e-01 +3.1028e+00
13 +1.384976236e+04 +1.384976236e+04 +1.381165236e+04 +1.381165236e+04 +1.8189e+00 +2.6616e-02 -2.9493e+00 -3.8494e+00 +3.0104e+00 +7.6650e-01 -3.9751e+00 -3.3927e+00 +2.5158e+00 +4.0441e+00
116 +1.826306171e+02 +1.826306171e+02 +1.445206171e+02 +1.445206171e+02 +8.7780e-01 +4.2045e+00 -3.1895e+00 +1.2722e+00 -4.8275e-01 -3.5548e+00 +1.2588e+00 +4.4042e+00 +1.6020e+00 +3.9050e+00
855 +1.329139262e+02 +1.329139262e+02 +9.480392623e+01 +9.480392623e+01 +0.0000e+00 +4.2425e+00 -1.7130e+00 +5.5452e-01 -5.3029e-01 -4.4946e+00 +2.6851e+00 +4.7285e+00 +1.3706e+00 +2.5637e+00
1742 +9.915299823e+01 +9.915299823e+01 +6.104299823e+01 +6.104299823e+01 +5.3354e-01 +2.7567e+00 -3.0000e+00 +5.7736e-01 -5.7143e-01 -3.0441e+00 +2.0724e+00 +4.2569e+00 +1.4636e+00 +2.7168e+00
4417 +5.925688876e+01 +5.925688876e+01 +2.114688876e+01 +2.114688876e+01 -9.4111e-02 +3.1427e+00 -2.1629e+00 +5.0220e-01 +5.4893e-02 -2.8798e+00 +4.2229e-01 +4.3408e+00 +2.7620e+00 +4.2973e+00
