% function evaluation | noise-free fitness - Fopt (7.948000000000e+01) | best noise-free fitness - Fopt | measured fitness | best measured fitness | x1 | x2...
1 +2.121871383e+01 +2.121871383e+01 +1.006987138e+02 +1.006987138e+02 -1.5398e+00 -1.9242e+00 +3.4493e+00
2 +2.273685891e+00 +2.273685891e+00 +8.175368589e+01 +8.175368589e+01 -7.7274e-01 -2.2621e+00 -7.3696e-01
117 +1.247413355e+00 +1.247413355e+00 +8.072741336e+01 +8.072741336e+01 -1.2405e-01 -2.1573e+00 -4.0093e-01
201 +9.785996278e-01 +9.785996278e-01 +8.045859963e+01 +8.045859963e+01 -1.3921e-01 -1.5329e+00 -1.5507e+00
412 +2.294247451e-01 +2.294247451e-01 +7.970942475e+01 +7.970942475e+01 +0.0000e+00 -1.4641e+00 -4.5743e-01
1102 +3.556737313e-02 +3.556737313e-02 +7.951556737e+01 +7.951556737e+01 +4.2030e-01 -1.0842e+00 -6.7674e-01
2439 +2.015461457e-02 +2.015461457e-02 +7.950015461e+01 +7.950015461e+01 +1.9057e-01 -1.0486e+00 -7.9159e-01
2588 +1.229777637e-02 +1.229777637e-02 +7.949229778e+01 +7.949229778e+01 +2.9974e-01 -1.1841e+00 -6.2730e-01
2604 +8.014239389e-03 +8.014239389e-03 +7.948801424e+01 +7.948801424e+01 +2.5663e-01 -1.0700e+00 -7.4562e-01
2844 +1.705373025e-03 +1.705373025e-03 +7.948170537e+01 +7.948170537e+01 +2.1727e-01 -1.1571e+00 -7.0296e-01
3095 +1.532584198e-03 +1.532584198e-03 +7.948153258e+01 +7.948153258e+01 +2.8073e-01 -1.1656e+00 -7.4998e-01
3225 +6.357209155e-04 +6.357209155e-04 +7.948063572e+01 +7.948063572e+01 +2.3100e-01 -1.1694e+00 -7.2275e-01
3503 +5.893133972e-04 +5.893133972e-04 +7.948058931e+01 +7.948058931e+01 +2.6815e-01 -1.1677e+00 -7.0868e-01
3620 +1.361518700e-04 +1.361518700e-04 +7.948013615e+01 +7.948013615e+01 +2.4327e-01 -1.1503e+00 -7.2237e-01
3683 +4.464514573e-05 +4.464514573e-05 +7.948004465e+01 +7.948004465e+01 +2.5062e-01 -1.1628e+00 -7.2213e-01
3936 +2.201355082e-05 +2.201355082e-05 +7.948002201e+01 +7.948002201e+01 +2.5313e-01 -1.1614e+00 -7.2302e-01
4095 +1.191089905e-05 +1.191089905e-05 +7.948001191e+01 +7.948001191e+01 +2.5488e-01 -1.1568e+00 -7.2125e-01
4336 +6.963242569e-06 +6.963242569e-06 +7.948000696e+01 +7.948000696e+01 +2.5467e-01 -1.1574e+00 -7.2575e-01
4445 +3.117296785e-06 +3.117296785e-06 +7.948000312e+01 +7.948000312e+01 +2.5316e-01 -1.1571e+00 -7.2570e-01
4604 +7.693156334e-07 +7.693156334e-07 +7.948000077e+01 +7.948000077e+01 +2.5333e-01 -1.1571e+00 -7.2338e-01
4683 +4.367727371e-07 +4.367727371e-07 +7.948000044e+01 +7.948000044e+01 +2.5343e-01 -1.1569e+00 -7.2386e-01
4826 +3.629819076e-07 +3.629819076e-07 +7.948000036e+01 +7.948000036e+01 +2.5310e-01 -1.1573e+00 -7.2426e-01
4848 +2.187520352e-07 +2.187520352e-07 +7.948000022e+01 +7.948000022e+01 +2.5251e-01 -1.1565e+00 -7.2411e-01
% function evaluation | noise-free fitness - Fopt (3.944800000000e+02) | best noise-free fitness - Fopt | measured fitness | best measured fitness | x1 | x2...
1 +6.445730718e+01 +6.445730718e+01 +4.589373072e+02 +4.589373072e+02 +4.4009e-01 -1.8096e+00 +2.8659e+00
2 +4.947173651e+01 +4.947173651e+01 +4.439517365e+02 +4.439517365e+02 -6.2968e-01 +1.8971e+00 +1.8096e-01
3 +3.061871878e+00 +3.061871878e+00 +3.975418719e+02 +3.975418719e+02 -4.9045e+00 -2.1003e+00 -2.6084e+00
17 +1.966594793e+00 +1.966594793e+00 +3.964465948e+02 +3.964465948e+02 -3.8903e+00 -2.4824e+00 -2.4607e+00
92 +6.617120208e-01 +6.617120208e-01 +3.951417120e+02 +3.951417120e+02 -3.3669e+00 -2.9224e+00 -4.4174e+00
514 +1.995824682e-01 +1.995824682e-01 +3.946795825e+02 +3.946795825e+02 -4.1618e+00 -2.9734e+00 -4.1536e+00
660 +1.575249897e-01 +1.575249897e-01 +3.946375250e+02 +3.946375250e+02 -4.0007e+00 -2.5531e+00 -3.9848e+00
969 +9.034554883e-02 +9.034554883e-02 +3.945703455e+02 +3.945703455e+02 -3.9644e+00 -2.9390e+00 -4.0916e+00
978 +4.822409689e-02 +4.822409689e-02 +3.945282241e+02 +3.945282241e+02 -4.0154e+00 -2.7163e+00 -3.8676e+00
1574 +3.317685564e-02 +3.317685564e-02 +3.945131769e+02 +3.945131769e+02 -3.9371e+00 -3.0277e+00 -3.9156e+00
1629 +2.378287296e-02 +2.378287296e-02 +3.945037829e+02 +3.945037829e+02 -3.9035e+00 -2.8040e+00 -3.9300e+00
1838 +1.460857852e-02 +1.460857852e-02 +3.944946086e+02 +3.944946086e+02 -3.8575e+00 -3.0038e+00 -3.7940e+00
1928 +4.169203121e-03 +4.169203121e-03 +3.944841692e+02 +3.944841692e+02 -3.8417e+00 -2.8643e+00 -3.7858e+00
2413 +1.758399602e-03 +1.758399602e-03 +3.944817584e+02 +3.944817584e+02 -3.8924e+00 -2.8689e+00 -3.8379e+00
2557 +1.454471760e-03 +1.454471760e-03 +3.944814545e+02 +3.944814545e+02 -3.8805e+00 -2.8767e+00 -3.8332e+00
3126 +1.908621436e-04 +1.908621436e-04 +3.944801909e+02 +3.944801909e+02 -3.9043e+00 -2.8969e+00 -3.7917e+00
3606 +4.918438754e-05 +4.918438754e-05 +3.944800492e+02 +3.944800492e+02 -3.9027e+00 -2.8860e+00 -3.7990e+00
3621 +2.008699056e-05 +2.008699056e-05 +3.944800201e+02 +3.944800201e+02 -3.8971e+00 -2.8864e+00 -3.8039e+00
3922 +9.135254459e-06 +9.135254459e-06 +3.944800091e+02 +3.944800091e+02 -3.8986e+00 -2.8879e+00 -3.8007e+00
4269 +5.868694018e-06 +5.868694018e-06 +3.944800059e+02 +3.944800059e+02 -3.8978e+00 -2.8908e+00 -3.8047e+00
4363 +2.982000183e-06 +2.982000183e-06 +3.944800030e+02 +3.944800030e+02 -3.8993e+00 -2.8917e+00 -3.8032e+00
4450 +1.300242047e-06 +1.300242047e-06 +3.944800013e+02 +3.944800013e+02 -3.8989e+00 -2.8913e+00 -3.8030e+00
4662 +2.106754664e-07 +2.106754664e-07 +3.944800002e+02 +3.944800002e+02 -3.8987e+00 -2.8903e+00 -3.8028e+00
4770 +5.310658935e-08 +5.310658935e-08 +3.944800001e+02 +3.944800001e+02 -3.8984e+00 -2.8903e+00 -3.8026e+00
4905 +2.296741286e-08 +2.296741286e-08 +3.944800000e+02 +3.944800000e+02 -3.8984e+00 -2.8903e+00 -3.8025e+00
% function evaluation | noise-free fitness - Fopt (-2.471100000000e+02) | best noise-free fitness - Fopt | measured fitness | best measured fitness | x1 | x2...
1 +2.947928429e+01 +2.947928429e+01 -2.176307157e+02 -2.176307157e+02 +5.7299e-01 -7.4435e-01 +2.3865e+00
3 +1.865958256e+01 +1.865958256e+01 -2.284504174e+02 -2.284504174e+02 -3.3866e+00 +3.6723e+00 +1.8496e+00
5 +4.689278448e+00 +4.689278448e+00 -2.424207216e+02 -2.424207216e+02 -2.1928e+00 +1.6322e+00 -9.5491e-01
66 +2.095710819e+00 +2.095710819e+00 -2.450142892e+02 -2.450142892e+02 -2.7795e+00 +1.0562e+00 -1.2656e+00
125 +1.257828489e+00 +1.257828489e+00 -2.458521715e+02 -2.458521715e+02 -4.5730e+00 -6.0780e-01 -6.9826e-01
286 +8.561731142e-01 +8.561731142e-01 -2.462538269e+02 -2.462538269e+02 -3.6345e+00 +5.4986e-01 +1.5090e-01
322 +3.406090804e-01 +3.406090804e-01 -2.467693909e+02 -2.467693909e+02 -4.2712e+00 +5.3576e-01 -7.7149e-01
593 +1.432754224e-01 +1.432754224e-01 -2.469667246e+02 -2.469667246e+02 -4.1381e+00 +3.5241e-01 -6.1622e-01
855 +5.709562863e-02 +5.709562863e-02 -2.470529044e+02 -2.470529044e+02 -3.9720e+00 +1.8998e-01 -5.2757e-01
1359 +1.931282913e-02 +1.931282913e-02 -2.470906872e+02 -2.470906872e+02 -3.9213e+00 +1.4210e-01 -6.6953e-01
1507 +1.093811756e-02 +1.093811756e-02 -2.470990619e+02 -2.470990619e+02 -3.7407e+00 +1.2222e-01 -7.2358e-01
2223 +3.803674902e-03 +3.803674902e-03 -2.471061963e+02 -2.471061963e+02 -3.7383e+00 +2.0458e-01 -7.0511e-01
2967 +1.143006007e-03 +1.143006007e-03 -2.471088570e+02 -2.471088570e+02 -3.8247e+00 +2.1050e-01 -6.7120e-01
3095 +7.954789199e-04 +7.954789199e-04 -2.471092045e+02 -2.471092045e+02 -3.7819e+00 +2.0712e-01 -6.6868e-01
3357 +3.048705322e-04 +3.048705322e-04 -2.471096951e+02 -2.471096951e+02 -3.7958e+00 +1.8785e-01 -6.9911e-01
3766 +6.610860800e-05 +6.610860800e-05 -2.471099339e+02 -2.471099339e+02 -3.7952e+00 +1.9577e-01 -6.9217e-01
3826 +2.656167240e-05 +2.656167240e-05 -2.471099734e+02 -2.471099734e+02 -3.7971e+00 +1.9827e-01 -6.9040e-01
4048 +1.357820673e-05 +1.357820673e-05 -2.471099864e+02 -2.471099864e+02 -3.7960e+00 +2.0040e-01 -6.9122e-01
4264 +9.859400308e-06 +9.859400308e-06 -2.471099901e+02 -2.471099901e+02 -3.7956e+00 +2.0195e-01 -6.9170e-01
4448 +5.938225229e-06 +5.938225229e-06 -2.471099941e+02 -2.471099941e+02 -3.7967e+00 +2.0147e-01 -6.9111e-01
4525 +2.386697787e-06 +2.386697787e-06 -2.471099976e+02 -2.471099976e+02 -3.7990e+00 +2.0351e-01 -6.9260e-01
4625 +8.856261502e-07 +8.856261502e-07 -2.471099991e+02 -2.471099991e+02 -3.7993e+00 +2.0348e-01 -6.9103e-01
4815 +3.076717121e-07 +3.076717121e-07 -2.471099997e+02 -2.471099997e+02 -3.7987e+00 +2.0274e-01 -6.9110e-01
4940 +2.330837106e-07 +2.330837106e-07 -2.471099998e+02 -2.471099998e+02 -3.7986e+00 +2.0357e-01 -6.9142e-01
% function evaluation | noise-free fitness - Fopt (-1.520400000000e+02) | best noise-free fitness - Fopt | measured fitness | best measured fitness | x1 | x2...
1 +3.858096874e+01 +3.858096874e+01 -1.134590313e+02 -1.134590313e+02 -1.8779e+00 +2.8026e+00 +1.9135e+00
3 +3.481397158e+00 +3.481397158e+00 -1.485586028e+02 -1.485586028e+02 -1.4343e+00 +7.6504e-03 -3.5883e+00
91 +2.267365217e+00 +2.267365217e+00 -1.497726348e+02 -1.497726348e+02 +5.3667e-01 +1.5080e-01 -3.9354e+00
211 +3.557294813e-01 +3.557294813e-01 -1.516842705e+02 -1.516842705e+02 -6.6831e-01 +1.0038e+00 -3.7896e+00
426 +1.400137754e-01 +1.400137754e-01 -1.518999862e+02 -1.518999862e+02 +0.0000e+00 +1.6365e+00 -3.7717e+00
747 +6.553328594e-02 +6.553328594e-02 -1.519744667e+02 -1.519744667e+02 -4.5459e-02 +1.4818e+00 -4.0389e+00
1321 +4.864995235e-02 +4.864995235e-02 -1.519913500e+02 -1.519913500e+02 -3.7062e-01 +1.2524e+00 -4.0171e+00
1413 +8.936794198e-03 +8.936794198e-03 -1.520310632e+02 -1.520310632e+02 -3.4560e-01 +1.4764e+00 -3.9313e+00
2670 +6.217242142e-03 +6.217242142e-03 -1.520337828e+02 -1.520337828e+02 -1.9241e-01 +1.4200e+00 -3.9495e+00
2765 +3.359969764e-03 +3.359969764e-03 -1.520366400e+02 -1.520366400e+02 -2.7624e-01 +1.3847e+00 -3.9665e+00
3013 +1.231418864e-03 +1.231418864e-03 -1.520387686e+02 -1.520387686e+02 -2.4767e-01 +1.4337e+00 -3.8973e+00
3294 +9.300012595e-04 +9.300012595e-04 -1.520390700e+02 -1.520390700e+02 -2.7684e-01 +1.4116e+00 -3.8987e+00
3347 +3.702346403e-04 +3.702346403e-04 -1.520396298e+02 -1.520396298e+02 -2.5285e-01 +1.4198e+00 -3.9127e+00
3852 +1.272891778e-04 +1.272891778e-04 -1.520398727e+02 -1.520398727e+02 -2.5845e-01 +1.4281e+00 -3.9306e+00
3921 +6.624137643e-05 +6.624137643e-05 -1.520399338e+02 -1.520399338e+02 -2.6142e-01 +1.4219e+00 -3.9195e+00
4022 +2.517857214e-05 +2.517857214e-05 -1.520399748e+02 -1.520399748e+02 -2.6642e-01 +1.4289e+00 -3.9240e+00
4027 +3.966706913e-06 +3.966706913e-06 -1.520399960e+02 -1.520399960e+02 -2.6649e-01 +1.4222e+00 -3.9245e+00
4266 +3.867220357e-07 +3.867220357e-07 -1.520399996e+02 -1.520399996e+02 -2.6700e-01 +1.4236e+00 -3.9244e+00
4559 +2.302108157e-07 +2.302108157e-07 -1.520399998e+02 -1.520399998e+02 -2.6693e-01 +1.4241e+00 -3.9244e+00
4943 +3.276372240e-08 +3.276372240e-08 -1.520400000e+02 -1.520400000e+02 -2.6712e-01 +1.4240e+00 -3.9250e+00
% function evaluation | noise-free fitness - Fopt (-2.525000000000e+01) | best noise-free fitness - Fopt | measured fitness | best measured fitness | x1 | x2...
1 +8.525584874e+01 +8.525584874e+01 +6.000584874e+01 +6.000584874e+01 -4.8357e+00 -2.5886e+00 -3.2811e+00
2 +4.299666793e+01 +4.299666793e+01 +1.774666793e+01 +1.774666793e+01 +2.4576e-01 +3.4881e+00 +3.4271e+00
5 +3.539646688e+01 +3.539646688e+01 +1.014646688e+01 +1.014646688e+01 +1.6155e+00 -2.6142e+00 +3.1437e+00
7 +2.229132678e+01 +2.229132678e+01 -2.958673224e+00 -2.958673224e+00 +1.4365e+00 +1.6314e+00 +2.6473e+00
9 +8.781493364e+00 +8.781493364e+00 -1.646850664e+01 -1.646850664e+01 +1.1127e+00 +2.0818e+00 -2.0775e+00
32 +2.858748260e+00 +2.858748260e+00 -2.239125174e+01 -2.239125174e+01 +2.5725e+00 +6.3422e-01 -2.7532e+00
69 +2.133757655e+00 +2.133757655e+00 -2.311624235e+01 -2.311624235e+01 +3.5807e+00 -5.0268e-01 -5.0626e-01
350 +2.923572333e-01 +2.923572333e-01 -2.495764277e+01 -2.495764277e+01 +3.5618e+00 +1.0217e-01 -1.3477e+00
426 +1.578935905e-01 +1.578935905e-01 -2.509210641e+01 -2.509210641e+01 +3.7401e+00 +7.7676e-01 -1.7710e+00
1456 +9.055860009e-02 +9.055860009e-02 -2.515944140e+01 -2.515944140e+01 +3.3688e+00 +7.1459e-01 -1.5762e+00
1502 +5.242340098e-02 +5.242340098e-02 -2.519757660e+01 -2.519757660e+01 +3.4232e+00 +6.4137e-01 -1.5474e+00
1616 +3.681901189e-02 +3.681901189e-02 -2.521318099e+01 -2.521318099e+01 +3.5688e+00 +7.3694e-01 -1.2654e+00
1845 +2.236679421e-02 +2.236679421e-02 -2.522763321e+01 -2.522763321e+01 +3.7609e+00 +6.1403e-01 -1.4006e+00
1881 +1.478471597e-02 +1.478471597e-02 -2.523521528e+01 -2.523521528e+01 +3.7289e+00 +6.4842e-01 -1.3829e+00
2055 +8.333498716e-03 +8.333498716e-03 -2.524166650e+01 -2.524166650e+01 +3.6404e+00 +6.2133e-01 -1.5080e+00
2443 +4.259873222e-03 +4.259873222e-03 -2.524574013e+01 -2.524574013e+01 +3.6300e+00 +5.8371e-01 -1.4585e+00
2639 +2.893898412e-03 +2.893898412e-03 -2.524710610e+01 -2.524710610e+01 +3.6279e+00 +6.4713e-01 -1.3709e+00
3053 +5.210733501e-05 +5.210733501e-05 -2.524994789e+01 -2.524994789e+01 +3.6121e+00 +6.3988e-01 -1.4266e+00
3855 +2.926818785e-05 +2.926818785e-05 -2.524997073e+01 -2.524997073e+01 +3.6137e+00 +6.4053e-01 -1.4210e+00
4086 +8.807090001e-06 +8.807090001e-06 -2.524999119e+01 -2.524999119e+01 +3.6146e+00 +6.3745e-01 -1.4235e+00
4222 +3.054700098e-06 +3.054700098e-06 -2.524999695e+01 -2.524999695e+01 +3.6143e+00 +6.3353e-01 -1.4211e+00
4259 +2.259460722e-06 +2.259460722e-06 -2.524999774e+01 -2.524999774e+01 +3.6132e+00 +6.3526e-01 -1.4225e+00
4459 +9.920468962e-07 +9.920468962e-07 -2.524999901e+01 -2.524999901e+01 +3.6144e+00 +6.3620e-01 -1.4216e+00
4607 +3.350855984e-07 +3.350855984e-07 -2.524999966e+01 -2.524999966e+01 +3.6141e+00 +6.3560e-01 -1.4213e+00
4622 +1.196515811e-07 +1.196515811e-07 -2.524999988e+01 -2.524999988e+01 +3.6143e+00 +6.3545e-01 -1.4214e+00
4675 +9.264158152e-08 +9.264158152e-08 -2.524999991e+01 -2.524999991e+01 +3.6146e+00 +6.3508e-01 -1.4215e+00
4859 +5.778973744e-08 +5.778973744e-08 -2.524999994e+01 -2.524999994e+01 +3.6145e+00 +6.3497e-01 -1.4216e+00
4876 +3.754963984e-08 +3.754963984e-08 -2.524999996e+01 -2.524999996e+01 +3.6142e+00 +6.3523e-01 -1.4217e+00
% function evaluation | noise-free fitness - Fopt (-2.017200000000e+02) | best noise-free fitness - Fopt | measured fitness | best measured fitness | x1 | x2...
1 +1.435636818e+01 +1.435636818e+01 -1.873636318e+02 -1.873636318e+02 -4.8411e+00 -2.6888e+00 -2.5613e+00
14 +5.490041663e+00 +5.490041663e+00 -1.962299583e+02 -1.962299583e+02 +6.7344e-01 -3.9199e+00 -1.2203e+00
86 +2.114389486e+00 +2.114389486e+00 -1.996056105e+02 -1.996056105e+02 +2.4749e-02 -2.8770e+00 -1.1004e+00
148 +5.937137112e-01 +5.937137112e-01 -2.011262863e+02 -2.011262863e+02 -1.6937e+00 -3.6198e+00 -8.4964e-01
307 +3.968000943e-01 +3.968000943e-01 -2.013231999e+02 -2.013231999e+02 -9.6433e-01 -2.4975e+00 -1.0935e+00
689 +1.225647929e-01 +1.225647929e-01 -2.015974352e+02 -2.015974352e+02 -1.7334e+00 -2.7582e+00 -1.0017e+00
934 +3.533908545e-02 +3.533908545e-02 -2.016846609e+02 -2.016846609e+02 -1.4284e+00 -3.0927e+00 -9.6205e-01
1781 +2.494314444e-02 +2.494314444e-02 -2.016950569e+02 -2.016950569e+02 -1.2930e+00 -2.9942e+00 -9.1810e-01
2276 +2.852328492e-03 +2.852328492e-03 -2.017171477e+02 -2.017171477e+02 -1.3739e+00 -2.9292e+00 -9.3589e-01
2660 +2.461503931e-03 +2.461503931e-03 -2.017175385e+02 -2.017175385e+02 -1.4074e+00 -2.9263e+00 -9.0255e-01
2984 +2.429756873e-04 +2.429756873e-04 -2.017197570e+02 -2.017197570e+02 -1.4134e+00 -2.9131e+00 -9.3415e-01
3584 +1.040422877e-04 +1.040422877e-04 -2.017198960e+02 -2.017198960e+02 -1.4212e+00 -2.9011e+00 -9.3645e-01
3806 +5.298990101e-05 +5.298990101e-05 -2.017199470e+02 -2.017199470e+02 -1.4208e+00 -2.9114e+00 -9.4123e-01
3984 +1.165168953e-05 +1.165168953e-05 -2.017199883e+02 -2.017199883e+02 -1.4182e+00 -2.9041e+00 -9.4395e-01
4115 +8.738560950e-07 +8.738560950e-07 -2.017199991e+02 -2.017199991e+02 -1.4210e+00 -2.9060e+00 -9.4478e-01
4358 +3.230162804e-07 +3.230162804e-07 -2.017199997e+02 -2.017199997e+02 -1.4211e+00 -2.9055e+00 -9.4517e-01
4692 +2.344013126e-07 +2.344013126e-07 -2.017199998e+02 -2.017199998e+02 -1.4205e+00 -2.9060e+00 -9.4550e-01
4924 +1.343932468e-07 +1.343932468e-07 -2.017199999e+02 -2.017199999e+02 -1.4208e+00 -2.9059e+00 -9.4548e-01
4948 +5.976332318e-08 +5.976332318e-08 -2.017199999e+02 -2.017199999e+02 -1.4210e+00 -2.9057e+00 -9.4561e-01
% function evaluation | noise-free fitness - Fopt (-1.000000000000e+03) | best noise-free fitness - Fopt | measured fitness | best measured fitness | x1 | x2...
1 +2.478757552e+01 +2.478757552e+01 -9.752124245e+02 -9.752124245e+02 -8.7812e-01 -2.2913e+00 +4.0988e+00
4 +3.233170774e+00 +3.233170774e+00 -9.967668292e+02 -9.967668292e+02 +9.6616e-01 -8.0989e-01 +9.1353e-01
178 +1.678963390e+00 +1.678963390e+00 -9.983210366e+02 -9.983210366e+02 +5.0866e-01 +1.2540e+00 +4.1252e-01
313 +5.542640629e-01 +5.542640629e-01 -9.994457359e+02 -9.994457359e+02 +6.3782e-01 +2.1054e-01 -3.2802e-01
566 +2.482763174e-01 +2.482763174e-01 -9.997517237e+02 -9.997517237e+02 +3.6259e-01 +0.0000e+00 -1.7684e-01
569 +7.083532010e-02 +7.083532010e-02 -9.999291647e+02 -9.999291647e+02 -1.4352e-01 +0.0000e+00 +0.0000e+00
1150 +5.291019375e-02 +5.291019375e-02 -9.999470898e+02 -9.999470898e+02 +5.2281e-02 +3.9903e-01 -3.6355e-02
1686 +2.478213030e-02 +2.478213030e-02 -9.999752179e+02 -9.999752179e+02 +5.8632e-02 +3.0784e-01 -1.1192e-01
2460 +7.659699784e-03 +7.659699784e-03 -9.999923403e+02 -9.999923403e+02 -7.5813e-02 +2.0630e-01 -2.0478e-01
2508 +1.442668973e-03 +1.442668973e-03 -9.999985573e+02 -9.999985573e+02 -4.5766e-02 +2.1586e-01 -1.0177e-01
3308 +7.785701923e-04 +7.785701923e-04 -9.999992214e+02 -9.999992214e+02 -6.3829e-02 +2.4606e-01 -1.3685e-01
3410 +5.486016520e-04 +5.486016520e-04 -9.999994514e+02 -9.999994514e+02 -5.4824e-02 +2.2028e-01 -1.2246e-01
3678 +1.749631793e-04 +1.749631793e-04 -9.999998250e+02 -9.999998250e+02 -6.5680e-02 +2.2758e-01 -1.2715e-01
3837 +7.309345688e-05 +7.309345688e-05 -9.999999269e+02 -9.999999269e+02 -7.5033e-02 +2.3514e-01 -1.2436e-01
3953 +2.797346440e-05 +2.797346440e-05 -9.999999720e+02 -9.999999720e+02 -7.3666e-02 +2.3225e-01 -1.1966e-01
4035 +2.454317894e-05 +2.454317894e-05 -9.999999755e+02 -9.999999755e+02 -7.5280e-02 +2.3237e-01 -1.2177e-01
4184 +1.538062838e-05 +1.538062838e-05 -9.999999846e+02 -9.999999846e+02 -7.4938e-02 +2.3012e-01 -1.2272e-01
4483 +9.483093777e-06 +9.483093777e-06 -9.999999905e+02 -9.999999905e+02 -7.4936e-02 +2.3010e-01 -1.2127e-01
4504 +5.783576057e-06 +5.783576057e-06 -9.999999942e+02 -9.999999942e+02 -7.8171e-02 +2.2672e-01 -1.1849e-01
4528 +1.697347329e-06 +1.697347329e-06 -9.999999983e+02 -9.999999983e+02 -7.7525e-02 +2.2826e-01 -1.1895e-01
4576 +1.541820893e-07 +1.541820893e-07 -9.999999998e+02 -9.999999998e+02 -7.6837e-02 +2.2783e-01 -1.2035e-01
4824 +3.428272066e-08 +3.428272066e-08 -1.000000000e+03 -1.000000000e+03 -7.6852e-02 +2.2787e-01 -1.1988e-01
% function evaluation | noise-free fitness - Fopt (-4.290000000000e+01) | best noise-free fitness - Fopt | measured fitness | best measured fitness | x1 | x2...
1 +1.918775551e+01 +1.918775551e+01 -2.371224449e+01 -2.371224449e+01 +5.6736e-01 -1.3622e+00 +3.1238e+00
14 +1.105654477e+01 +1.105654477e+01 -3.184345523e+01 -3.184345523e+01 +2.2854e+00 -8.3900e-01 +4.3911e+00
22 +6.154439179e+00 +6.154439179e+00 -3.674556082e+01 -3.674556082e+01 +4.6512e+00 +1.2536e+00 +4.7122e+00
77 +1.052230409e+00 +1.052230409e+00 -4.184776959e+01 -4.184776959e+01 +1.9642e+00 +1.8929e+00 +3.3081e+00
211 +6.013054819e-01 +6.013054819e-01 -4.229869452e+01 -4.229869452e+01 +2.8011e+00 +1.9833e+00 +3.2605e+00
251 +1.680107836e-01 +1.680107836e-01 -4.273198922e+01 -4.273198922e+01 +2.2355e+00 +2.5020e+00 +3.9409e+00
734 +1.217766903e-01 +1.217766903e-01 -4.277822331e+01 -4.277822331e+01 +2.6444e+00 +2.3483e+00 +4.2133e+00
1134 +9.543119347e-02 +9.543119347e-02 -4.280456881e+01 -4.280456881e+01 +2.7464e+00 +2.3051e+00 +4.1337e+00
1287 +3.193356178e-02 +3.193356178e-02 -4.286806644e+01 -4.286806644e+01 +2.4864e+00 +2.4443e+00 +3.9746e+00
1500 +1.965082352e-02 +1.965082352e-02 -4.288034918e+01 -4.288034918e+01 +2.5573e+00 +2.3753e+00 +3.7675e+00
1936 +7.056560786e-03 +7.056560786e-03 -4.289294344e+01 -4.289294344e+01 +2.6448e+00 +2.4498e+00 +3.7936e+00
2194 +3.155726472e-03 +3.155726472e-03 -4.289684427e+01 -4.289684427e+01 +2.6673e+00 +2.3990e+00 +3.8394e+00
2952 +1.295384086e-03 +1.295384086e-03 -4.289870462e+01 -4.289870462e+01 +2.6646e+00 +2.4436e+00 +3.8698e+00
3022 +8.519532346e-04 +8.519532346e-04 -4.289914805e+01 -4.289914805e+01 +2.6185e+00 +2.4114e+00 +3.8935e+00
3266 +5.491343121e-04 +5.491343121e-04 -4.289945087e+01 -4.289945087e+01 +2.6152e+00 +2.4209e+00 +3.8877e+00
3422 +3.738948984e-04 +3.738948984e-04 -4.289962611e+01 -4.289962611e+01 +2.6351e+00 +2.4137e+00 +3.8873e+00
3476 +2.276152159e-04 +2.276152159e-04 -4.289977238e+01 -4.289977238e+01 +2.6234e+00 +2.4338e+00 +3.8834e+00
3676 +1.191375739e-04 +1.191375739e-04 -4.289988086e+01 -4.289988086e+01 +2.6373e+00 +2.4293e+00 +3.8833e+00
3843 +4.576644724e-05 +4.576644724e-05 -4.289995423e+01 -4.289995423e+01 +2.6282e+00 +2.4275e+00 +3.8786e+00
3952 +2.574673615e-05 +2.574673615e-05 -4.289997425e+01 -4.289997425e+01 +2.6283e+00 +2.4290e+00 +3.8752e+00
4092 +1.806254625e-05 +1.806254625e-05 -4.289998194e+01 -4.289998194e+01 +2.6359e+00 +2.4262e+00 +3.8763e+00
4114 +5.269483886e-06 +5.269483886e-06 -4.289999473e+01 -4.289999473e+01 +2.6351e+00 +2.4273e+00 +3.8739e+00
4367 +3.313791602e-06 +3.313791602e-06 -4.289999669e+01 -4.289999669e+01 +2.6329e+00 +2.4256e+00 +3.8728e+00
4411 +2.301227056e-06 +2.301227056e-06 -4.289999770e+01 -4.289999770e+01 +2.6314e+00 +2.4269e+00 +3.8741e+00
4551 +1.098521487e-06 +1.098521487e-06 -4.289999890e+01 -4.289999890e+01 +2.6325e+00 +2.4282e+00 +3.8738e+00
4658 +2.118763263e-07 +2.118763263e-07 -4.289999979e+01 -4.289999979e+01 +2.6330e+00 +2.4269e+00 +3.8739e+00
4811 +5.969373262e-08 +5.969373262e-08 -4.289999994e+01 -4.289999994e+01 +2.6328e+00 +2.4274e+00 +3.8738e+00
% function evaluation | noise-free fitness - Fopt (-1.013200000000e+02) | best noise-free fitness - Fopt | measured fitness | best measured fitness | x1 | x2...
1 +8.303885600e+00 +8.303885600e+00 -9.301611440e+01 -9.301611440e+01 +3.0020e+00 +5.5466e-01 +3.2995e+00
9 +4.258510728e+00 +4.258510728e+00 -9.706148927e+01 -9.706148927e+01 -3.5377e-01 +2.5256e+00 +2.0044e+00
70 +1.987696174e+00 +1.987696174e+00 -9.933230383e+01 -9.933230383e+01 +1.8453e+00 +4.0974e+00 +1.5684e+00
109 +4.260414912e-01 +4.260414912e-01 -1.008939585e+02 -1.008939585e+02 +1.8696e+00 +3.3554e+00 +1.7841e+00
196 +1.501771308e-01 +1.501771308e-01 -1.011698229e+02 -1.011698229e+02 +2.0746e+00 +2.6955e+00 +1.9110e+00
667 +4.273483754e-02 +4.273483754e-02 -1.012772652e+02 -1.012772652e+02 +1.8585e+00 +2.7518e+00 +2.1024e+00
1363 +2.228354876e-02 +2.228354876e-02 -1.012977165e+02 -1.012977165e+02 +1.8387e+00 +2.7132e+00 +1.9540e+00
2176 +1.427351213e-02 +1.427351213e-02 -1.013057265e+02 -1.013057265e+02 +1.5917e+00 +2.7361e+00 +1.9201e+00
2187 +8.104654356e-03 +8.104654356e-03 -1.013118953e+02 -1.013118953e+02 +1.7079e+00 +2.6783e+00 +1.9281e+00
2706 +2.778345765e-03 +2.778345765e-03 -1.013172217e+02 -1.013172217e+02 +1.6794e+00 +2.7764e+00 +1.9286e+00
2849 +1.987680198e-03 +1.987680198e-03 -1.013180123e+02 -1.013180123e+02 +1.6586e+00 +2.7534e+00 +1.9507e+00
3078 +8.944351452e-04 +8.944351452e-04 -1.013191056e+02 -1.013191056e+02 +1.7171e+00 +2.7437e+00 +1.9549e+00
3100 +2.601116142e-04 +2.601116142e-04 -1.013197399e+02 -1.013197399e+02 +1.6881e+00 +2.7640e+00 +1.9839e+00
3486 +1.939767922e-04 +1.939767922e-04 -1.013198060e+02 -1.013198060e+02 +1.6913e+00 +2.7680e+00 +1.9735e+00
3604 +1.278981849e-04 +1.278981849e-04 -1.013198721e+02 -1.013198721e+02 +1.6875e+00 +2.7563e+00 +1.9672e+00
3961 +8.849909872e-05 +8.849909872e-05 -1.013199115e+02 -1.013199115e+02 +1.6980e+00 +2.7565e+00 +1.9644e+00
4010 +3.039371411e-05 +3.039371411e-05 -1.013199696e+02 -1.013199696e+02 +1.6965e+00 +2.7521e+00 +1.9781e+00
4243 +1.261940596e-05 +1.261940596e-05 -1.013199874e+02 -1.013199874e+02 +1.6953e+00 +2.7545e+00 +1.9767e+00
4306 +9.038448738e-06 +9.038448738e-06 -1.013199910e+02 -1.013199910e+02 +1.6940e+00 +2.7544e+00 +1.9728e+00
4447 +5.951072282e-06 +5.951072282e-06 -1.013199940e+02 -1.013199940e+02 +1.6953e+00 +2.7563e+00 +1.9752e+00
4525 +3.496737378e-06 +3.496737378e-06 -1.013199965e+02 -1.013199965e+02 +1.6951e+00 +2.7544e+00 +1.9734e+00
4601 +2.036182693e-06 +2.036182693e-06 -1.013199980e+02 -1.013199980e+02 +1.6971e+00 +2.7554e+00 +1.9750e+00
4728 +3.380871050e-07 +3.380871050e-07 -1.013199997e+02 -1.013199997e+02 +1.6967e+00 +2.7547e+00 +1.9734e+00
4811 +1.549724686e-07 +1.549724686e-07 -1.013199998e+02 -1.013199998e+02 +1.6965e+00 +2.7549e+00 +1.9735e+00
4892 +1.999671895e-08 +1.999671895e-08 -1.013200000e+02 -1.013200000e+02 +1.6969e+00 +2.7551e+00 +1.9736e+00
% function evaluation | noise-free fitness - Fopt (3.650000000000e+00) | best noise-free fitness - Fopt | measured fitness | best measured fitness | x1 | x2...
1 +1.640705794e+01 +1.640705794e+01 +2.005705794e+01 +2.005705794e+01 -1.6999e+00 -1.9210e-01 -2.3721e+00
4 +1.468814449e+01 +1.468814449e+01 +1.833814449e+01 +1.833814449e+01 -2.6333e+00 -1.4029e-02 -5.0197e-01
8 +3.489376750e+00 +3.489376750e+00 +7.139376750e+00 +7.139376750e+00 -1.3713e+00 -2.0630e+00 +5.0217e-01
87 +4.924505980e-01 +4.924505980e-01 +4.142450598e+00 +4.142450598e+00 +1.0675e+00 -2.1591e+00 +8.8926e-01
427 +9.378274274e-02 +9.378274274e-02 +3.743782743e+00 +3.743782743e+00 +5.4442e-01 -1.7582e+00 +3.1779e-01
1451 +3.470082456e-02 +3.470082456e-02 +3.684700825e+00 +3.684700825e+00 +5.6078e-01 -2.1485e+00 +5.2986e-01
1744 +1.526266754e-02 +1.526266754e-02 +3.665262668e+00 +3.665262668e+00 +6.0101e-01 -2.0351e+00 +5.1439e-01
2334 +6.518012780e-03 +6.518012780e-03 +3.656518013e+00 +3.656518013e+00 +4.5138e-01 -2.0202e+00 +4.7815e-01
2543 +3.032271628e-03 +3.032271628e-03 +3.653032272e+00 +3.653032272e+00 +4.9252e-01 -1.9486e+00 +4.8017e-01
3111 +1.849542527e-03 +1.849542527e-03 +3.651849543e+00 +3.651849543e+00 +5.0883e-01 -1.9597e+00 +5.6654e-01
3321 +1.566819315e-03 +1.566819315e-03 +3.651566819e+00 +3.651566819e+00 +4.9291e-01 -1.9411e+00 +5.5013e-01
3466 +9.923672088e-04 +9.923672088e-04 +3.650992367e+00 +3.650992367e+00 +5.1976e-01 -1.9597e+00 +5.1721e-01
3609 +5.300299501e-04 +5.300299501e-04 +3.650530030e+00 +3.650530030e+00 +4.9937e-01 -1.9964e+00 +5.2424e-01
3679 +2.460390554e-05 +2.460390554e-05 +3.650024604e+00 +3.650024604e+00 +4.9650e-01 -1.9699e+00 +5.2877e-01
4431 +7.908213677e-06 +7.908213677e-06 +3.650007908e+00 +3.650007908e+00 +4.9500e-01 -1.9769e+00 +5.2772e-01
4622 +4.128030260e-06 +4.128030260e-06 +3.650004128e+00 +3.650004128e+00 +4.9638e-01 -1.9747e+00 +5.2842e-01
4716 +8.914179683e-07 +8.914179683e-07 +3.650000891e+00 +3.650000891e+00 +4.9357e-01 -1.9741e+00 +5.2848e-01
4810 +3.861127729e-07 +3.861127729e-07 +3.650000386e+00 +3.650000386e+00 +4.9495e-01 -1.9743e+00 +5.2908e-01
4885 +1.728533383e-07 +1.728533383e-07 +3.650000173e+00 +3.650000173e+00 +4.9468e-01 -1.9744e+00 +5.2849e-01
4989 +1.357484569e-07 +1.357484569e-07 +3.650000136e+00 +3.650000136e+00 +4.9441e-01 -1.9744e+00 +5.2917e-01
% function evaluation | noise-free fitness - Fopt (2.205300000000e+02) | best noise-free fitness - Fopt | measured fitness | best measured fitness | x1 | x2...
1 +7.571079440e+01 +7.571079440e+01 +2.962407944e+02 +2.962407944e+02 +4.4540e+00 +4.6951e+00 +1.7624e-01
2 +1.222187254e+01 +1.222187254e+01 +2.327518725e+02 +2.327518725e+02 +2.4350e+00 -4.4879e+00 +4.3435e+00
4 +5.809718930e+00 +5.809718930e+00 +2.263397189e+02 +2.263397189e+02 +4.0056e+00 -4.0448e+00 +3.1330e+00
129 +7.975764370e-01 +7.975764370e-01 +2.213275764e+02 +2.213275764e+02 +3.2019e+00 -4.6836e+00 +7.1345e-01
363 +3.747479800e-01 +3.747479800e-01 +2.209047480e+02 +2.209047480e+02 +3.5358e+00 -3.5757e+00 +1.0530e+00
634 +1.610897548e-01 +1.610897548e-01 +2.206910898e+02 +2.206910898e+02 +3.3059e+00 -3.9407e+00 +7.1413e-01
756 +1.402061723e-01 +1.402061723e-01 +2.206702062e+02 +2.206702062e+02 +3.1136e+00 -3.5199e+00 +1.0903e+00
931 +8.016832348e-02 +8.016832348e-02 +2.206101683e+02 +2.206101683e+02 +2.7816e+00 -3.7910e+00 +1.1278e+00
1290 +3.200111795e-02 +3.200111795e-02 +2.205620011e+02 +2.205620011e+02 +2.9238e+00 -4.0098e+00 +9.3062e-01
1866 +1.228723130e-02 +1.228723130e-02 +2.205422872e+02 +2.205422872e+02 +2.8885e+00 -3.8493e+00 +9.2932e-01
2323 +5.770293008e-03 +5.770293008e-03 +2.205357703e+02 +2.205357703e+02 +2.9398e+00 -3.8982e+00 +9.5240e-01
2854 +2.406359830e-03 +2.406359830e-03 +2.205324064e+02 +2.205324064e+02 +2.9860e+00 -3.8486e+00 +9.0494e-01
3054 +9.732331153e-04 +9.732331153e-04 +2.205309732e+02 +2.205309732e+02 +2.9992e+00 -3.8667e+00 +9.2795e-01
3069 +2.278789537e-04 +2.278789537e-04 +2.205302279e+02 +2.205302279e+02 +3.0055e+00 -3.8412e+00 +9.6307e-01
3509 +1.118333111e-04 +1.118333111e-04 +2.205301118e+02 +2.205301118e+02 +2.9978e+00 -3.8583e+00 +9.5485e-01
3909 +8.413027052e-05 +8.413027052e-05 +2.205300841e+02 +2.205300841e+02 +2.9921e+00 -3.8558e+00 +9.5423e-01
4059 +4.022836021e-05 +4.022836021e-05 +2.205300402e+02 +2.205300402e+02 +3.0020e+00 -3.8447e+00 +9.5430e-01
4232 +2.686544568e-05 +2.686544568e-05 +2.205300269e+02 +2.205300269e+02 +2.9946e+00 -3.8435e+00 +9.5422e-01
4237 +1.932190125e-05 +1.932190125e-05 +2.205300193e+02 +2.205300193e+02 +2.9985e+00 -3.8440e+00 +9.5270e-01
4353 +1.503262084e-05 +1.503262084e-05 +2.205300150e+02 +2.205300150e+02 +2.9977e+00 -3.8459e+00 +9.5591e-01
4438 +9.524129808e-06 +9.524129808e-06 +2.205300095e+02 +2.205300095e+02 +2.9955e+00 -3.8486e+00 +9.5553e-01
4471 +5.923351125e-06 +5.923351125e-06 +2.205300059e+02 +2.205300059e+02 +2.9977e+00 -3.8464e+00 +9.5443e-01
4482 +1.106547103e-06 +1.106547103e-06 +2.205300011e+02 +2.205300011e+02 +2.9960e+00 -3.8476e+00 +9.5230e-01
4780 +8.019430027e-07 +8.019430027e-07 +2.205300008e+02 +2.205300008e+02 +2.9967e+00 -3.8489e+00 +9.5287e-01
4802 +6.198513915e-07 +6.198513915e-07 +2.205300006e+02 +2.205300006e+02 +2.9975e+00 -3.8483e+00 +9.5256e-01
4833 +3.566482860e-07 +3.566482860e-07 +2.205300004e+02 +2.205300004e+02 +2.9966e+00 -3.8485e+00 +9.5287e-01
4852 +1.743719622e-07 +1.743719622e-07 +2.205300002e+02 +2.205300002e+02 +2.9970e+00 -3.8479e+00 +9.5312e-01
4926 +8.979864674e-08 +8.979864674e-08 +2.205300001e+02 +2.205300001e+02 +2.9969e+00 -3.8478e+00 +9.5299e-01
% function evaluation | noise-free fitness - Fopt (4.212900000000e+02) | best noise-free fitness - Fopt | measured fitness | best measured fitness | x1 | x2...
1 +9.389770849e+00 +9.389770849e+00 +4.306797708e+02 +4.306797708e+02 -1.6833e+00 +4.6096e+00 +2.6552e+00
4 +1.121576241e+00 +1.121576241e+00 +4.224115762e+02 +4.224115762e+02 -4.8159e+00 +3.6746e+00 +5.7006e-01
234 +6.010131145e-01 +6.010131145e-01 +4.218910131e+02 +4.218910131e+02 -4.5650e+00 +3.7830e+00 +1.0663e+00
634 +1.997439073e-01 +1.997439073e-01 +4.214897439e+02 +4.214897439e+02 -3.8697e+00 +3.7228e+00 +1.2013e+00
1009 +1.555315429e-01 +1.555315429e-01 +4.214455315e+02 +4.214455315e+02 -3.8857e+00 +3.2757e+00 +6.7513e-01
1217 +3.785589101e-02 +3.785589101e-02 +4.213278559e+02 +4.213278559e+02 -4.0377e+00 +3.1771e+00 +9.4382e-01
2201 +2.302769863e-03 +2.302769863e-03 +4.212923028e+02 +4.212923028e+02 -4.0012e+00 +3.3001e+00 +1.0623e+00
3052 +1.335952818e-03 +1.335952818e-03 +4.212913360e+02 +4.212913360e+02 -3.9491e+00 +3.2949e+00 +1.0280e+00
3217 +6.121002857e-04 +6.121002857e-04 +4.212906121e+02 +4.212906121e+02 -3.9677e+00 +3.2913e+00 +1.0488e+00
3365 +2.754128053e-04 +2.754128053e-04 +4.212902754e+02 +4.212902754e+02 -3.9402e+00 +3.2966e+00 +1.0630e+00
3458 +2.048497305e-04 +2.048497305e-04 +4.212902048e+02 +4.212902048e+02 -3.9630e+00 +3.3069e+00 +1.0516e+00
3640 +4.982257320e-05 +4.982257320e-05 +4.212900498e+02 +4.212900498e+02 -3.9551e+00 +3.2997e+00 +1.0639e+00
3812 +3.149070250e-05 +3.149070250e-05 +4.212900315e+02 +4.212900315e+02 -3.9583e+00 +3.3068e+00 +1.0654e+00
3827 +5.428254497e-06 +5.428254497e-06 +4.212900054e+02 +4.212900054e+02 -3.9557e+00 +3.3058e+00 +1.0633e+00
4206 +2.767428157e-06 +2.767428157e-06 +4.212900028e+02 +4.212900028e+02 -3.9522e+00 +3.3062e+00 +1.0633e+00
4212 +7.668299418e-07 +7.668299418e-07 +4.212900008e+02 +4.212900008e+02 -3.9531e+00 +3.3062e+00 +1.0631e+00
4489 +2.071419090e-07 +2.071419090e-07 +4.212900002e+02 +4.212900002e+02 -3.9534e+00 +3.3066e+00 +1.0628e+00
4683 +1.547663828e-07 +1.547663828e-07 +4.212900002e+02 +4.212900002e+02 -3.9534e+00 +3.3065e+00 +1.0621e+00
4869 +5.725354413e-08 +5.725354413e-08 +4.212900001e+02 +4.212900001e+02 -3.9534e+00 +3.3065e+00 +1.0624e+00
4872 +3.233276402e-08 +3.233276402e-08 +4.212900000e+02 +4.212900000e+02 -3.9535e+00 +3.3063e+00 +1.0623e+00
% function evaluation | noise-free fitness - Fopt (-7.900000000000e+01) | best noise-free fitness - Fopt | measured fitness | best measured fitness | x1 | x2...
1 +1.857015109e+01 +1.857015109e+01 -6.042984891e+01 -6.042984891e+01 +6.0719e-01 +2.9804e+00 -9.3005e-01
8 +1.425329009e+01 +1.425329009e+01 -6.474670991e+01 -6.474670991e+01 -9.0278e-01 +4.1837e+00 -2.9727e-01
12 +3.255928311e+00 +3.255928311e+00 -7.574407169e+01 -7.574407169e+01 -3.0678e+00 -4.8277e-01 -2.5945e-01
97 +1.451721647e+00 +1.451721647e+00 -7.754827835e+01 -7.754827835e+01 -2.3290e+00 +2.6675e-01 +1.1986e-01
177 +6.754726367e-01 +6.754726367e-01 -7.832452736e+01 -7.832452736e+01 -3.7298e+00 +8.9448e-01 +9.5452e-02
215 +3.417366337e-01 +3.417366337e-01 -7.865826337e+01 -7.865826337e+01 -3.3559e+00 +6.9849e-01 +3.0840e-01
634 +2.501640544e-01 +2.501640544e-01 -7.874983595e+01 -7.874983595e+01 -2.8800e+00 +7.1899e-01 +3.2949e-01
1080 +3.066461959e-02 +3.066461959e-02 -7.896933538e+01 -7.896933538e+01 -3.0414e+00 +1.2028e+00 +2.8950e-01
1807 +9.903651749e-03 +9.903651749e-03 -7.899009635e+01 -7.899009635e+01 -3.0023e+00 +1.1892e+00 +3.7505e-01
3015 +4.842762088e-03 +4.842762088e-03 -7.899515724e+01 -7.899515724e+01 -3.0915e+00 +1.1249e+00 +4.3323e-01
3113 +3.697796581e-03 +3.697796581e-03 -7.899630220e+01 -7.899630220e+01 -3.0986e+00 +1.1764e+00 +4.2824e-01
3174 +1.178050039e-03 +1.178050039e-03 -7.899882195e+01 -7.899882195e+01 -3.0474e+00 +1.1972e+00 +4.3916e-01
3188 +6.732808935e-04 +6.732808935e-04 -7.899932672e+01 -7.899932672e+01 -3.0415e+00 +1.1947e+00 +4.5271e-01
3418 +3.450673843e-04 +3.450673843e-04 -7.899965493e+01 -7.899965493e+01 -3.0491e+00 +1.1859e+00 +4.7296e-01
3579 +1.293997131e-05 +1.293997131e-05 -7.899998706e+01 -7.899998706e+01 -3.0458e+00 +1.1686e+00 +4.6056e-01
4009 +9.679395305e-06 +9.679395305e-06 -7.899999032e+01 -7.899999032e+01 -3.0501e+00 +1.1690e+00 +4.6098e-01
4112 +2.046421088e-06 +2.046421088e-06 -7.899999795e+01 -7.899999795e+01 -3.0479e+00 +1.1698e+00 +4.6128e-01
4453 +8.365564383e-07 +8.365564383e-07 -7.899999916e+01 -7.899999916e+01 -3.0480e+00 +1.1710e+00 +4.6249e-01
4801 +5.183663490e-07 +5.183663490e-07 -7.899999948e+01 -7.899999948e+01 -3.0477e+00 +1.1717e+00 +4.6112e-01
4834 +2.710405482e-07 +2.710405482e-07 -7.899999973e+01 -7.899999973e+01 -3.0483e+00 +1.1708e+00 +4.6168e-01
% function evaluation | noise-free fitness - Fopt (-4.133000000000e+01) | best noise-free fitness - Fopt | measured fitness | best measured fitness | x1 | x2...
1 +3.040636327e+01 +3.040636327e+01 -1.092363673e+01 -1.092363673e+01 +4.5503e+00 +2.0663e+00 -2.0507e+00
2 +1.573771959e+01 +1.573771959e+01 -2.559228041e+01 -2.559228041e+01 -4.0510e-02 -3.9476e+00 +2.1165e+00
3 +8.670817788e+00 +8.670817788e+00 -3.265918221e+01 -3.265918221e+01 -1.7004e+00 -1.9795e-01 +6.4567e-01
70 +4.170155608e+00 +4.170155608e+00 -3.715984439e+01 -3.715984439e+01 +1.4133e+00 -2.6498e+00 -2.2689e+00
171 +1.302955287e+00 +1.302955287e+00 -4.002704471e+01 -4.002704471e+01 -6.5862e-01 -1.4017e+00 -6.7238e-01
275 +6.535981627e-01 +6.535981627e-01 -4.067640184e+01 -4.067640184e+01 +5.5281e-01 -9.0179e-01 -3.3783e-01
425 +3.024256831e-01 +3.024256831e-01 -4.102757432e+01 -4.102757432e+01 +4.5425e-01 -1.3961e+00 -3.7740e-01
574 +9.087441143e-02 +9.087441143e-02 -4.123912559e+01 -4.123912559e+01 +4.0301e-01 -1.1715e+00 -1.0316e+00
1644 +5.699637315e-02 +5.699637315e-02 -4.127300363e+01 -4.127300363e+01 +5.1300e-01 -1.2375e+00 -1.0187e+00
1809 +3.863597861e-02 +3.863597861e-02 -4.129136402e+01 -4.129136402e+01 +4.1226e-01 -1.6406e+00 -9.3664e-01
2253 +2.413525719e-02 +2.413525719e-02 -4.130586474e+01 -4.130586474e+01 +4.2896e-01 -1.3057e+00 -9.8016e-01
2274 +7.681241773e-03 +7.681241773e-03 -4.132231876e+01 -4.132231876e+01 +5.3188e-01 -1.4383e+00 -9.6277e-01
2551 +4.477613496e-03 +4.477613496e-03 -4.132552239e+01 -4.132552239e+01 +4.4736e-01 -1.4048e+00 -9.7481e-01
2974 +2.042670311e-03 +2.042670311e-03 -4.132795733e+01 -4.132795733e+01 +4.1012e-01 -1.4596e+00 -9.1876e-01
3038 +4.248363963e-04 +4.248363963e-04 -4.132957516e+01 -4.132957516e+01 +4.3384e-01 -1.4546e+00 -9.2391e-01
3634 +2.690345658e-04 +2.690345658e-04 -4.132973097e+01 -4.132973097e+01 +4.4474e-01 -1.4486e+00 -9.3860e-01
3646 +2.223697157e-04 +2.223697157e-04 -4.132977763e+01 -4.132977763e+01 +4.4428e-01 -1.4551e+00 -9.3458e-01
3834 +1.000413642e-05 +1.000413642e-05 -4.132999000e+01 -4.132999000e+01 +4.5335e-01 -1.4466e+00 -9.2706e-01
4254 +7.497844344e-06 +7.497844344e-06 -4.132999250e+01 -4.132999250e+01 +4.5262e-01 -1.4481e+00 -9.2725e-01
4298 +2.817120297e-06 +2.817120297e-06 -4.132999718e+01 -4.132999718e+01 +4.5400e-01 -1.4487e+00 -9.2643e-01
4408 +7.095382273e-07 +7.095382273e-07 -4.132999929e+01 -4.132999929e+01 +4.5433e-01 -1.4487e+00 -9.2438e-01
4575 +5.820488127e-07 +5.820488127e-07 -4.132999942e+01 -4.132999942e+01 +4.5297e-01 -1.4488e+00 -9.2523e-01
4634 +3.063330212e-07 +3.063330212e-07 -4.132999969e+01 -4.132999969e+01 +4.5413e-01 -1.4490e+00 -9.2480e-01
4796 +1.714443059e-07 +1.714443059e-07 -4.132999983e+01 -4.132999983e+01 +4.5349e-01 -1.4491e+00 -9.2508e-01
4897 +6.038100508e-08 +6.038100508e-08 -4.132999994e+01 -4.132999994e+01 +4.5369e-01 -1.4489e+00 -9.2501e-01
4975 +2.684267031e-08 +2.684267031e-08 -4.132999997e+01 -4.132999997e+01 +4.5347e-01 -1.4487e+00 -9.2489e-01
% function evaluation | noise-free fitness - Fopt (2.127500000000e+02) | best noise-free fitness - Fopt | measured fitness | best measured fitness | x1 | x2...
1 +2.751750765e+01 +2.751750765e+01 +2.402675077e+02 +2.402675077e+02 -4.0267e+00 +1.3075e+00 +5.0694e-02
7 +2.473116388e+01 +2.473116388e+01 +2.374811639e+02 +2.374811639e+02 -3.9400e+00 -4.4570e+00 +1.2795e+00
8 +6.873532370e+00 +6.873532370e+00 +2.196235324e+02 +2.196235324e+02 -3.8528e+00 -1.9705e+00 -8.3566e-01
27 +3.330581947e+00 +3.330581947e+00 +2.160805819e+02 +2.160805819e+02 -4.4514e+00 -3.8548e+00 -4.6155e+00
46 +2.048089312e+00 +2.048089312e+00 +2.147980893e+02 +2.147980893e+02 -4.3695e+00 -1.3425e+00 -3.2676e+00
91 +1.071634794e+00 +1.071634794e+00 +2.138216348e+02 +2.138216348e+02 -3.2695e+00 -3.5027e+00 -3.1486e+00
290 +2.365854057e-01 +2.365854057e-01 +2.129865854e+02 +2.129865854e+02 -3.8801e+00 -2.8205e+00 -3.8241e+00
620 +6.555544858e-02 +6.555544858e-02 +2.128155554e+02 +2.128155554e+02 -3.9432e+00 -2.5537e+00 -3.1548e+00
1013 +5.664010182e-02 +5.664010182e-02 +2.128066401e+02 +2.128066401e+02 -3.7389e+00 -2.7520e+00 -3.1668e+00
1052 +1.345736467e-02 +1.345736467e-02 +2.127634574e+02 +2.127634574e+02 -3.7360e+00 -2.6783e+00 -3.3430e+00
1415 +9.582140695e-03 +9.582140695e-03 +2.127595821e+02 +2.127595821e+02 -3.8324e+00 -2.6952e+00 -3.2680e+00
1804 +4.729978251e-03 +4.729978251e-03 +2.127547300e+02 +2.127547300e+02 -3.8502e+00 -2.6723e+00 -3.2928e+00
2428 +1.735074084e-03 +1.735074084e-03 +2.127517351e+02 +2.127517351e+02 -3.8131e+00 -2.6866e+00 -3.3492e+00
2695 +1.029255224e-03 +1.029255224e-03 +2.127510293e+02 +2.127510293e+02 -3.8520e+00 -2.6878e+00 -3.3899e+00
2802 +9.994638316e-04 +9.994638316e-04 +2.127509995e+02 +2.127509995e+02 -3.8472e+00 -2.6600e+00 -3.3903e+00
3013 +5.982072746e-04 +5.982072746e-04 +2.127505982e+02 +2.127505982e+02 -3.8460e+00 -2.6758e+00 -3.3377e+00
3033 +2.458919557e-04 +2.458919557e-04 +2.127502459e+02 +2.127502459e+02 -3.8608e+00 -2.6632e+00 -3.3547e+00
3433 +1.378358546e-04 +1.378358546e-04 +2.127501378e+02 +2.127501378e+02 -3.8523e+00 -2.6614e+00 -3.3598e+00
3690 +7.702805493e-05 +7.702805493e-05 +2.127500770e+02 +2.127500770e+02 -3.8538e+00 -2.6647e+00 -3.3618e+00
3706 +4.295410361e-05 +4.295410361e-05 +2.127500430e+02 +2.127500430e+02 -3.8540e+00 -2.6782e+00 -3.3625e+00
3833 +1.184104102e-05 +1.184104102e-05 +2.127500118e+02 +2.127500118e+02 -3.8476e+00 -2.6717e+00 -3.3632e+00
4033 +5.629318707e-06 +5.629318707e-06 +2.127500056e+02 +2.127500056e+02 -3.8488e+00 -2.6728e+00 -3.3634e+00
4210 +1.122790962e-06 +1.122790962e-06 +2.127500011e+02 +2.127500011e+02 -3.8498e+00 -2.6721e+00 -3.3611e+00
4541 +3.667261410e-07 +3.667261410e-07 +2.127500004e+02 +2.127500004e+02 -3.8502e+00 -2.6723e+00 -3.3613e+00
4621 +1.597512664e-07 +1.597512664e-07 +2.127500002e+02 +2.127500002e+02 -3.8503e+00 -2.6726e+00 -3.3613e+00
4823 +1.281428581e-07 +1.281428581e-07 +2.127500001e+02 +2.127500001e+02 -3.8504e+00 -2.6725e+00 -3.3614e+00
4983 +3.115030722e-08 +3.115030722e-08 +2.127500000e+02 +2.127500000e+02 -3.8503e+00 -2.6729e+00 -3.3615e+00
