% function evaluation | noise-free fitness - Fopt (7.948000000000e+01) | best noise-free fitness - Fopt | measured fitness | best measured fitness | x1 | x2...
1 +5.544920504e+00 +5.544920504e+00 +8.502492050e+01 +8.502492050e+01 +2.5911e+00 -1.4346e+00
5 +1.141352225e+00 +1.141352225e+00 +8.062135222e+01 +8.062135222e+01 -8.1264e-01 -1.0781e+00
12 +4.003281849e-01 +4.003281849e-01 +7.988032818e+01 +7.988032818e+01 -1.8469e-01 -6.9971e-01
75 +2.487782434e-01 +2.487782434e-01 +7.972877824e+01 +7.972877824e+01 +7.5132e-01 -1.1727e+00
180 +1.389505115e-01 +1.389505115e-01 +7.961895051e+01 +7.961895051e+01 +4.3308e-01 -1.4831e+00
397 +4.417794692e-02 +4.417794692e-02 +7.952417795e+01 +7.952417795e+01 +2.4741e-01 -1.3669e+00
506 +3.978785325e-02 +3.978785325e-02 +7.951978785e+01 +7.951978785e+01 +1.4716e-01 -1.3260e+00
650 +4.836346470e-03 +4.836346470e-03 +7.948483635e+01 +7.948483635e+01 +3.2221e-01 -1.1525e+00
1786 +1.243721468e-03 +1.243721468e-03 +7.948124372e+01 +7.948124372e+01 +2.8012e-01 -1.1791e+00
2119 +2.284119976e-04 +2.284119976e-04 +7.948022841e+01 +7.948022841e+01 +2.4018e-01 -1.1651e+00
3047 +7.511393844e-05 +7.511393844e-05 +7.948007511e+01 +7.948007511e+01 +2.6110e-01 -1.1543e+00
3605 +3.609031290e-05 +3.609031290e-05 +7.948003609e+01 +7.948003609e+01 +2.4753e-01 -1.1539e+00
3805 +1.661925380e-05 +1.661925380e-05 +7.948001662e+01 +7.948001662e+01 +2.5182e-01 -1.1608e+00
3876 +5.312927271e-07 +5.312927271e-07 +7.948000053e+01 +7.948000053e+01 +2.5230e-01 -1.1573e+00
4006 +6.862309476e-08 +6.862309476e-08 +7.948000007e+01 +7.948000007e+01 +2.5301e-01 -1.1570e+00
4405 +2.594710224e-08 +2.594710224e-08 +7.948000003e+01 +7.948000003e+01 +2.5296e-01 -1.1568e+00
4605 +1.303179431e-08 +1.303179431e-08 +7.948000001e+01 +7.948000001e+01 +2.5289e-01 -1.1569e+00
4764 +6.795914942e-09 +6.795914942e-09 +7.948000001e+01 +7.948000001e+01 +2.5288e-01 -1.1568e+00
4876 +4.046725621e-09 +4.046725621e-09 +7.948000000e+01 +7.948000000e+01 +2.5275e-01 -1.1568e+00
4964 +1.127901328e-09 +1.127901328e-09 +7.948000000e+01 +7.948000000e+01 +2.5281e-01 -1.1568e+00
% function evaluation | noise-free fitness - Fopt (3.944800000000e+02) | best noise-free fitness - Fopt | measured fitness | best measured fitness | x1 | x2...
1 +6.236056079e+00 +6.236056079e+00 +4.007160561e+02 +4.007160561e+02 -3.0827e+00 -5.3016e-01
26 +2.038420753e-01 +2.038420753e-01 +3.946838421e+02 +3.946838421e+02 -4.2341e+00 -3.1923e+00
438 +1.482565527e-01 +1.482565527e-01 +3.946282566e+02 +3.946282566e+02 -4.2832e+00 -2.9039e+00
600 +4.024852185e-02 +4.024852185e-02 +3.945202485e+02 +3.945202485e+02 -3.9193e+00 -3.0899e+00
648 +1.539745965e-02 +1.539745965e-02 +3.944953975e+02 +3.944953975e+02 -3.7928e+00 -2.9555e+00
949 +7.271464708e-03 +7.271464708e-03 +3.944872715e+02 +3.944872715e+02 -3.9302e+00 -2.9695e+00
1354 +5.523502593e-03 +5.523502593e-03 +3.944855235e+02 +3.944855235e+02 -3.9057e+00 -2.9644e+00
1488 +2.773360997e-03 +2.773360997e-03 +3.944827734e+02 +3.944827734e+02 -3.9150e+00 -2.9404e+00
1653 +2.032066865e-04 +2.032066865e-04 +3.944802032e+02 +3.944802032e+02 -3.8864e+00 -2.8982e+00
2178 +5.656874760e-05 +5.656874760e-05 +3.944800566e+02 +3.944800566e+02 -3.8962e+00 -2.8832e+00
2929 +2.725616457e-05 +2.725616457e-05 +3.944800273e+02 +3.944800273e+02 -3.9033e+00 -2.8887e+00
3119 +1.473584354e-05 +1.473584354e-05 +3.944800147e+02 +3.944800147e+02 -3.9009e+00 -2.8933e+00
3371 +8.487096920e-06 +8.487096920e-06 +3.944800085e+02 +3.944800085e+02 -3.8956e+00 -2.8898e+00
4002 +4.248884409e-06 +4.248884409e-06 +3.944800042e+02 +3.944800042e+02 -3.8989e+00 -2.8884e+00
4186 +2.457321386e-06 +2.457321386e-06 +3.944800025e+02 +3.944800025e+02 -3.8987e+00 -2.8919e+00
4218 +5.272813155e-07 +5.272813155e-07 +3.944800005e+02 +3.944800005e+02 -3.8990e+00 -2.8907e+00
4262 +3.395563795e-07 +3.395563795e-07 +3.944800003e+02 +3.944800003e+02 -3.8978e+00 -2.8904e+00
4418 +1.047239948e-07 +1.047239948e-07 +3.944800001e+02 +3.944800001e+02 -3.8987e+00 -2.8904e+00
4470 +9.702205261e-08 +9.702205261e-08 +3.944800001e+02 +3.944800001e+02 -3.8987e+00 -2.8905e+00
4529 +2.925446552e-09 +2.925446552e-09 +3.944800000e+02 +3.944800000e+02 -3.8984e+00 -2.8904e+00
4818 +9.058567230e-10 +9.058567230e-10 +3.944800000e+02 +3.944800000e+02 -3.8984e+00 -2.8904e+00
% function evaluation | noise-free fitness - Fopt (-2.471100000000e+02) | best noise-free fitness - Fopt | measured fitness | best measured fitness | x1 | x2...
1 +1.733113777e+01 +1.733113777e+01 -2.297788622e+02 -2.297788622e+02 -1.8893e+00 -3.4963e+00
2 +5.590097212e+00 +5.590097212e+00 -2.415199028e+02 -2.415199028e+02 -2.2269e+00 +1.9697e+00
13 +2.661174754e+00 +2.661174754e+00 -2.444488252e+02 -2.444488252e+02 -2.1679e+00 +2.5305e-01
17 +1.279502236e+00 +1.279502236e+00 -2.458304978e+02 -2.458304978e+02 -2.8516e+00 -4.1575e-01
22 +9.576675879e-01 +9.576675879e-01 -2.461523324e+02 -2.461523324e+02 -3.1327e+00 +9.2051e-01
58 +5.748327921e-01 +5.748327921e-01 -2.465351672e+02 -2.465351672e+02 -4.3108e+00 -3.5560e-01
120 +3.414709023e-03 +3.414709023e-03 -2.471065853e+02 -2.471065853e+02 -3.8248e+00 +1.5108e-01
1666 +1.091869672e-03 +1.091869672e-03 -2.471089081e+02 -2.471089081e+02 -3.8260e+00 +2.2142e-01
2248 +4.008386145e-04 +4.008386145e-04 -2.471095992e+02 -2.471095992e+02 -3.8021e+00 +1.8353e-01
2432 +3.625958514e-04 +3.625958514e-04 -2.471096374e+02 -2.471096374e+02 -3.7803e+00 +1.9736e-01
2639 +9.219650764e-06 +9.219650764e-06 -2.471099908e+02 -2.471099908e+02 -3.7978e+00 +2.0023e-01
3441 +2.811248123e-09 +2.811248123e-09 -2.471100000e+02 -2.471100000e+02 -3.7984e+00 +2.0325e-01
% function evaluation | noise-free fitness - Fopt (-1.520400000000e+02) | best noise-free fitness - Fopt | measured fitness | best measured fitness | x1 | x2...
1 +5.789598737e+00 +5.789598737e+00 -1.462504013e+02 -1.462504013e+02 +2.1364e+00 +1.5357e+00
2 +3.239674057e+00 +3.239674057e+00 -1.488003259e+02 -1.488003259e+02 -1.4672e+00 +8.2474e-02
5 +1.527460259e+00 +1.527460259e+00 -1.505125397e+02 -1.505125397e+02 +2.9275e-01 +2.5258e+00
20 +8.871221399e-01 +8.871221399e-01 -1.511528779e+02 -1.511528779e+02 -1.1246e-01 +4.9493e-01
25 +5.896208802e-01 +5.896208802e-01 -1.514503791e+02 -1.514503791e+02 +3.4212e-01 +1.8913e+00
122 +1.163910496e-01 +1.163910496e-01 -1.519236090e+02 -1.519236090e+02 -4.0505e-01 +1.7361e+00
409 +8.402216326e-02 +8.402216326e-02 -1.519559778e+02 -1.519559778e+02 +0.0000e+00 +1.3116e+00
433 +4.686144192e-02 +4.686144192e-02 -1.519931386e+02 -1.519931386e+02 -9.6924e-02 +1.5577e+00
891 +1.212747627e-02 +1.212747627e-02 -1.520278725e+02 -1.520278725e+02 -2.1052e-01 +1.5184e+00
1201 +7.069217745e-04 +7.069217745e-04 -1.520392931e+02 -1.520392931e+02 -2.8966e-01 +1.4382e+00
2606 +4.694321143e-04 +4.694321143e-04 -1.520395306e+02 -1.520395306e+02 -2.8885e-01 +1.4231e+00
2860 +2.463806928e-04 +2.463806928e-04 -1.520397536e+02 -1.520397536e+02 -2.5473e-01 +1.4335e+00
3025 +7.330369974e-05 +7.330369974e-05 -1.520399267e+02 -1.520399267e+02 -2.7264e-01 +1.4306e+00
3490 +8.919489233e-06 +8.919489233e-06 -1.520399911e+02 -1.520399911e+02 -2.6848e-01 +1.4267e+00
3600 +2.322455288e-06 +2.322455288e-06 -1.520399977e+02 -1.520399977e+02 -2.6825e-01 +1.4251e+00
3922 +8.273399601e-07 +8.273399601e-07 -1.520399992e+02 -1.520399992e+02 -2.6634e-01 +1.4243e+00
4033 +7.458751838e-08 +7.458751838e-08 -1.520399999e+02 -1.520399999e+02 -2.6738e-01 +1.4238e+00
4465 +5.067781217e-08 +5.067781217e-08 -1.520399999e+02 -1.520399999e+02 -2.6728e-01 +1.4238e+00
4519 +9.365777487e-09 +9.365777487e-09 -1.520400000e+02 -1.520400000e+02 -2.6711e-01 +1.4240e+00
4855 +1.616484724e-09 +1.616484724e-09 -1.520400000e+02 -1.520400000e+02 -2.6722e-01 +1.4240e+00
% function evaluation | noise-free fitness - Fopt (-2.525000000000e+01) | best noise-free fitness - Fopt | measured fitness | best measured fitness | x1 | x2...
1 +7.846045288e-01 +7.846045288e-01 -2.446539547e+01 -2.446539547e+01 +3.0627e+00 +1.3282e+00
18 +3.798560970e-01 +3.798560970e-01 -2.487014390e+01 -2.487014390e+01 +3.1199e+00 +2.6731e-01
84 +3.825767708e-02 +3.825767708e-02 -2.521174232e+01 -2.521174232e+01 +3.4590e+00 +5.1644e-01
771 +1.728382605e-02 +1.728382605e-02 -2.523271617e+01 -2.523271617e+01 +3.5617e+00 +7.5566e-01
820 +1.510904391e-02 +1.510904391e-02 -2.523489096e+01 -2.523489096e+01 +3.4941e+00 +6.1001e-01
1320 +8.928012349e-03 +8.928012349e-03 -2.524107199e+01 -2.524107199e+01 +3.6520e+00 +7.2189e-01
1532 +4.078417845e-04 +4.078417845e-04 -2.524959216e+01 -2.524959216e+01 +3.6156e+00 +6.1504e-01
2580 +5.784540456e-05 +5.784540456e-05 -2.524994215e+01 -2.524994215e+01 +3.6070e+00 +6.3678e-01
2867 +1.789545640e-05 +1.789545640e-05 -2.524998210e+01 -2.524998210e+01 +3.6113e+00 +6.3235e-01
3471 +2.045292543e-06 +2.045292543e-06 -2.524999795e+01 -2.524999795e+01 +3.6143e+00 +6.3663e-01
3679 +2.194990714e-07 +2.194990714e-07 -2.524999978e+01 -2.524999978e+01 +3.6140e+00 +6.3548e-01
4233 +7.761729748e-08 +7.761729748e-08 -2.524999992e+01 -2.524999992e+01 +3.6143e+00 +6.3494e-01
4279 +5.520040247e-08 +5.520040247e-08 -2.524999994e+01 -2.524999994e+01 +3.6143e+00 +6.3539e-01
4487 +2.872167926e-08 +2.872167926e-08 -2.524999997e+01 -2.524999997e+01 +3.6142e+00 +6.3515e-01
4625 +5.107878565e-09 +5.107878565e-09 -2.524999999e+01 -2.524999999e+01 +3.6143e+00 +6.3521e-01
4827 +2.373990782e-09 +2.373990782e-09 -2.525000000e+01 -2.525000000e+01 +3.6144e+00 +6.3519e-01
4845 +3.217692779e-10 +3.217692779e-10 -2.525000000e+01 -2.525000000e+01 +3.6144e+00 +6.3520e-01
% function evaluation | noise-free fitness - Fopt (-2.017200000000e+02) | best noise-free fitness - Fopt | measured fitness | best measured fitness | x1 | x2...
1 +3.463010199e+00 +3.463010199e+00 -1.982569898e+02 -1.982569898e+02 -2.9657e+00 -3.9431e+00
18 +1.912533513e+00 +1.912533513e+00 -1.998074665e+02 -1.998074665e+02 -1.8693e+00 -1.5974e+00
70 +1.036942854e+00 +1.036942854e+00 -2.006830571e+02 -2.006830571e+02 -4.5378e-01 -2.5865e+00
74 +2.102176255e-01 +2.102176255e-01 -2.015097824e+02 -2.015097824e+02 -1.6343e+00 -2.4998e+00
266 +7.137101967e-02 +7.137101967e-02 -2.016486290e+02 -2.016486290e+02 -1.1711e+00 -3.0006e+00
738 +7.284326634e-03 +7.284326634e-03 -2.017127157e+02 -2.017127157e+02 -1.3481e+00 -2.9503e+00
1073 +3.749771274e-03 +3.749771274e-03 -2.017162502e+02 -2.017162502e+02 -1.3603e+00 -2.8959e+00
2263 +1.677562718e-03 +1.677562718e-03 -2.017183224e+02 -2.017183224e+02 -1.3925e+00 -2.8760e+00
2424 +1.054698634e-03 +1.054698634e-03 -2.017189453e+02 -2.017189453e+02 -1.3982e+00 -2.9289e+00
2592 +9.955578545e-04 +9.955578545e-04 -2.017190044e+02 -2.017190044e+02 -1.4349e+00 -2.8774e+00
2965 +8.082878247e-05 +8.082878247e-05 -2.017199192e+02 -2.017199192e+02 -1.4120e+00 -2.9076e+00
3298 +3.901224983e-05 +3.901224983e-05 -2.017199610e+02 -2.017199610e+02 -1.4182e+00 -2.8999e+00
3365 +2.500411824e-06 +2.500411824e-06 -2.017199975e+02 -2.017199975e+02 -1.4223e+00 -2.9062e+00
4033 +1.018954663e-06 +1.018954663e-06 -2.017199990e+02 -2.017199990e+02 -1.4210e+00 -2.9066e+00
4165 +1.374549186e-07 +1.374549186e-07 -2.017199999e+02 -2.017199999e+02 -1.4204e+00 -2.9056e+00
4425 +9.677660273e-08 +9.677660273e-08 -2.017199999e+02 -2.017199999e+02 -1.4210e+00 -2.9054e+00
4509 +1.497798507e-08 +1.497798507e-08 -2.017200000e+02 -2.017200000e+02 -1.4208e+00 -2.9055e+00
4664 +4.257685760e-09 +4.257685760e-09 -2.017200000e+02 -2.017200000e+02 -1.4208e+00 -2.9057e+00
4709 +3.276994676e-09 +3.276994676e-09 -2.017200000e+02 -2.017200000e+02 -1.4209e+00 -2.9056e+00
% function evaluation | noise-free fitness - Fopt (-1.000000000000e+03) | best noise-free fitness - Fopt | measured fitness | best measured fitness | x1 | x2...
1 +3.110398946e+01 +3.110398946e+01 -9.688960105e+02 -9.688960105e+02 +4.0816e+00 -3.4885e+00
2 +5.150496259e+00 +5.150496259e+00 -9.948495037e+02 -9.948495037e+02 +8.3799e-01 +2.3049e+00
5 +3.288770425e+00 +3.288770425e+00 -9.967112296e+02 -9.967112296e+02 +5.2737e-02 +2.0369e+00
9 +2.231452740e+00 +2.231452740e+00 -9.977685473e+02 -9.977685473e+02 -1.4966e+00 -2.3629e-01
18 +1.011060242e+00 +1.011060242e+00 -9.989889398e+02 -9.989889398e+02 -6.9252e-01 +1.0230e+00
19 +9.133466562e-01 +9.133466562e-01 -9.990866533e+02 -9.990866533e+02 +4.0955e-01 -5.9468e-01
21 +3.796726401e-01 +3.796726401e-01 -9.996203274e+02 -9.996203274e+02 -2.5711e-01 -3.6120e-01
393 +1.156343730e-01 +1.156343730e-01 -9.998843656e+02 -9.998843656e+02 -4.1033e-01 +1.6174e-01
511 +5.469786699e-02 +5.469786699e-02 -9.999453021e+02 -9.999453021e+02 -2.9866e-01 +3.0201e-01
1075 +8.226505088e-03 +8.226505088e-03 -9.999917735e+02 -9.999917735e+02 +0.0000e+00 +2.7625e-01
1405 +5.297617271e-03 +5.297617271e-03 -9.999947024e+02 -9.999947024e+02 -1.0751e-02 +2.5858e-01
2047 +2.153861971e-03 +2.153861971e-03 -9.999978461e+02 -9.999978461e+02 -1.1806e-01 +2.4924e-01
2485 +1.216786085e-03 +1.216786085e-03 -9.999987832e+02 -9.999987832e+02 -4.7243e-02 +2.4653e-01
2538 +8.852266649e-04 +8.852266649e-04 -9.999991148e+02 -9.999991148e+02 -7.2963e-02 +2.5750e-01
2687 +5.742266408e-04 +5.742266408e-04 -9.999994258e+02 -9.999994258e+02 -8.2132e-02 +2.0464e-01
2879 +1.253409960e-05 +1.253409960e-05 -9.999999875e+02 -9.999999875e+02 -7.3506e-02 +2.2930e-01
3231 +7.737142937e-06 +7.737142937e-06 -9.999999923e+02 -9.999999923e+02 -7.6227e-02 +2.2528e-01
3685 +5.401299632e-06 +5.401299632e-06 -9.999999946e+02 -9.999999946e+02 -7.8978e-02 +2.2719e-01
3805 +5.397454288e-07 +5.397454288e-07 -9.999999995e+02 -9.999999995e+02 -7.7503e-02 +2.2821e-01
4253 +3.095682359e-07 +3.095682359e-07 -9.999999997e+02 -9.999999997e+02 -7.7353e-02 +2.2806e-01
4332 +7.637891031e-08 +7.637891031e-08 -9.999999999e+02 -9.999999999e+02 -7.6990e-02 +2.2820e-01
4625 +7.680682756e-09 +7.680682756e-09 -1.000000000e+03 -1.000000000e+03 -7.6712e-02 +2.2800e-01
4799 +2.055685400e-09 +2.055685400e-09 -1.000000000e+03 -1.000000000e+03 -7.6762e-02 +2.2802e-01
4818 +9.697487258e-11 +9.697487258e-11 -1.000000000e+03 -1.000000000e+03 -7.6805e-02 +2.2801e-01
% function evaluation | noise-free fitness - Fopt (-4.290000000000e+01) | best noise-free fitness - Fopt | measured fitness | best measured fitness | x1 | x2...
1 +5.314187271e+01 +5.314187271e+01 +1.024187271e+01 +1.024187271e+01 -4.5624e+00 +3.5981e+00
2 +1.298830166e+01 +1.298830166e+01 -2.991169834e+01 -2.991169834e+01 -5.2860e-01 +6.9693e-01
3 +5.499773069e+00 +5.499773069e+00 -3.740022693e+01 -3.740022693e+01 +1.1938e+00 +4.2790e+00
7 +2.778506892e+00 +2.778506892e+00 -4.012149311e+01 -4.012149311e+01 +3.7974e+00 +1.2346e+00
9 +8.104750437e-01 +8.104750437e-01 -4.208952496e+01 -4.208952496e+01 +3.3782e+00 +1.9224e+00
15 +4.260178590e-01 +4.260178590e-01 -4.247398214e+01 -4.247398214e+01 +1.9803e+00 +2.4117e+00
28 +2.861326453e-01 +2.861326453e-01 -4.261386735e+01 -4.261386735e+01 +3.1648e+00 +2.4828e+00
193 +7.813724162e-02 +7.813724162e-02 -4.282186276e+01 -4.282186276e+01 +2.7548e+00 +2.6787e+00
596 +3.874861505e-02 +3.874861505e-02 -4.286125138e+01 -4.286125138e+01 +2.4976e+00 +2.2842e+00
818 +2.411076841e-02 +2.411076841e-02 -4.287588923e+01 -4.287588923e+01 +2.5314e+00 +2.3096e+00
928 +2.389191336e-03 +2.389191336e-03 -4.289761081e+01 -4.289761081e+01 +2.6380e+00 +2.4758e+00
2042 +4.845218642e-04 +4.845218642e-04 -4.289951548e+01 -4.289951548e+01 +2.6541e+00 +2.4329e+00
2232 +2.012370677e-05 +2.012370677e-05 -4.289997988e+01 -4.289997988e+01 +2.6336e+00 +2.4316e+00
3534 +8.882819685e-06 +8.882819685e-06 -4.289999112e+01 -4.289999112e+01 +2.6353e+00 +2.4288e+00
3853 +4.187769292e-06 +4.187769292e-06 -4.289999581e+01 -4.289999581e+01 +2.6319e+00 +2.4254e+00
3890 +1.293262031e-07 +1.293262031e-07 -4.289999987e+01 -4.289999987e+01 +2.6326e+00 +2.4275e+00
4248 +5.668024983e-08 +5.668024983e-08 -4.289999994e+01 -4.289999994e+01 +2.6330e+00 +2.4273e+00
4423 +2.712123859e-08 +2.712123859e-08 -4.289999997e+01 -4.289999997e+01 +2.6328e+00 +2.4270e+00
4490 +1.661432236e-08 +1.661432236e-08 -4.289999998e+01 -4.289999998e+01 +2.6328e+00 +2.4273e+00
4672 +4.989331615e-09 +4.989331615e-09 -4.290000000e+01 -4.290000000e+01 +2.6328e+00 +2.4273e+00
4872 +3.400295157e-09 +3.400295157e-09 -4.290000000e+01 -4.290000000e+01 +2.6328e+00 +2.4273e+00
% function evaluation | noise-free fitness - Fopt (-1.013200000000e+02) | best noise-free fitness - Fopt | measured fitness | best measured fitness | x1 | x2...
1 +5.965986574e+00 +5.965986574e+00 -9.535401343e+01 -9.535401343e+01 +4.9626e-01 +6.2807e-01
22 +1.531229803e+00 +1.531229803e+00 -9.978877020e+01 -9.978877020e+01 +1.1066e+00 +1.6676e+00
43 +9.599487540e-01 +9.599487540e-01 -1.003600512e+02 -1.003600512e+02 +2.6227e+00 +3.0756e+00
45 +6.155172179e-02 +6.155172179e-02 -1.012584483e+02 -1.012584483e+02 +1.9196e+00 +2.8644e+00
771 +3.750260799e-02 +3.750260799e-02 -1.012824974e+02 -1.012824974e+02 +1.8620e+00 +2.6541e+00
1166 +1.229242123e-02 +1.229242123e-02 -1.013077076e+02 -1.013077076e+02 +1.6418e+00 +2.6589e+00
1272 +2.180887515e-03 +2.180887515e-03 -1.013178191e+02 -1.013178191e+02 +1.7328e+00 +2.7850e+00
1927 +6.628076717e-04 +6.628076717e-04 -1.013193372e+02 -1.013193372e+02 +1.7225e+00 +2.7538e+00
2089 +1.891828661e-04 +1.891828661e-04 -1.013198108e+02 -1.013198108e+02 +1.7016e+00 +2.7681e+00
2447 +4.238981947e-05 +4.238981947e-05 -1.013199576e+02 -1.013199576e+02 +1.7022e+00 +2.7516e+00
3522 +2.917099170e-05 +2.917099170e-05 -1.013199708e+02 -1.013199708e+02 +1.6953e+00 +2.7500e+00
3695 +5.193336250e-06 +5.193336250e-06 -1.013199948e+02 -1.013199948e+02 +1.6948e+00 +2.7562e+00
3889 +1.955329424e-06 +1.955329424e-06 -1.013199980e+02 -1.013199980e+02 +1.6972e+00 +2.7565e+00
4165 +7.194349365e-07 +7.194349365e-07 -1.013199993e+02 -1.013199993e+02 +1.6968e+00 +2.7560e+00
4289 +5.962845506e-07 +5.962845506e-07 -1.013199994e+02 -1.013199994e+02 +1.6975e+00 +2.7548e+00
4405 +3.976153522e-07 +3.976153522e-07 -1.013199996e+02 -1.013199996e+02 +1.6973e+00 +2.7549e+00
4468 +1.321343603e-07 +1.321343603e-07 -1.013199999e+02 -1.013199999e+02 +1.6971e+00 +2.7550e+00
4706 +3.414058369e-09 +3.414058369e-09 -1.013200000e+02 -1.013200000e+02 +1.6968e+00 +2.7551e+00
% function evaluation | noise-free fitness - Fopt (3.650000000000e+00) | best noise-free fitness - Fopt | measured fitness | best measured fitness | x1 | x2...
1 +1.019909894e+01 +1.019909894e+01 +1.384909894e+01 +1.384909894e+01 +2.3547e+00 -4.5702e+00
3 +1.975011252e+00 +1.975011252e+00 +5.625011252e+00 +5.625011252e+00 +1.8915e+00 -1.8224e+00
14 +1.454423532e-01 +1.454423532e-01 +3.795442353e+00 +3.795442353e+00 +4.0820e-01 -1.6029e+00
328 +9.330131850e-02 +9.330131850e-02 +3.743301318e+00 +3.743301318e+00 +1.9852e-01 -2.0503e+00
395 +6.103346886e-02 +6.103346886e-02 +3.711033469e+00 +3.711033469e+00 +5.8561e-01 -1.7448e+00
630 +2.774308061e-02 +2.774308061e-02 +3.677743081e+00 +3.677743081e+00 +4.1641e-01 -1.8272e+00
1146 +1.411069595e-02 +1.411069595e-02 +3.664110696e+00 +3.664110696e+00 +6.0593e-01 -1.9335e+00
1265 +3.042596459e-03 +3.042596459e-03 +3.653042596e+00 +3.653042596e+00 +4.4491e-01 -1.9988e+00
1719 +1.713727342e-03 +1.713727342e-03 +3.651713727e+00 +3.651713727e+00 +5.0012e-01 -1.9334e+00
2045 +1.472179499e-03 +1.472179499e-03 +3.651472179e+00 +3.651472179e+00 +5.2976e-01 -1.9893e+00
2967 +1.180479481e-04 +1.180479481e-04 +3.650118048e+00 +3.650118048e+00 +4.8541e-01 -1.9805e+00
3514 +3.082054666e-05 +3.082054666e-05 +3.650030821e+00 +3.650030821e+00 +4.9677e-01 -1.9794e+00
3543 +5.567594937e-06 +5.567594937e-06 +3.650005568e+00 +3.650005568e+00 +4.9439e-01 -1.9768e+00
4010 +3.890977116e-06 +3.890977116e-06 +3.650003891e+00 +3.650003891e+00 +4.9243e-01 -1.9744e+00
4308 +1.988165492e-06 +1.988165492e-06 +3.650001988e+00 +3.650001988e+00 +4.9301e-01 -1.9746e+00
4423 +6.347692967e-07 +6.347692967e-07 +3.650000635e+00 +3.650000635e+00 +4.9494e-01 -1.9750e+00
4434 +2.910912276e-07 +2.910912276e-07 +3.650000291e+00 +3.650000291e+00 +4.9415e-01 -1.9749e+00
4623 +1.568638752e-07 +1.568638752e-07 +3.650000157e+00 +3.650000157e+00 +4.9421e-01 -1.9747e+00
4708 +9.801068401e-08 +9.801068401e-08 +3.650000098e+00 +3.650000098e+00 +4.9442e-01 -1.9747e+00
4843 +1.913813952e-08 +1.913813952e-08 +3.650000019e+00 +3.650000019e+00 +4.9427e-01 -1.9744e+00
4917 +6.663994689e-09 +6.663994689e-09 +3.650000007e+00 +3.650000007e+00 +4.9441e-01 -1.9743e+00
% function evaluation | noise-free fitness - Fopt (2.205300000000e+02) | best noise-free fitness - Fopt | measured fitness | best measured fitness | x1 | x2...
1 +1.434574757e+01 +1.434574757e+01 +2.348757476e+02 +2.348757476e+02 +2.9498e+00 -6.0714e-02
18 +5.059580993e+00 +5.059580993e+00 +2.255895810e+02 +2.255895810e+02 +3.4526e+00 -1.6453e+00
48 +1.911624425e+00 +1.911624425e+00 +2.224416244e+02 +2.224416244e+02 +2.9955e+00 -2.4654e+00
56 +1.131391258e+00 +1.131391258e+00 +2.216613913e+02 +2.216613913e+02 +3.0147e+00 -2.7845e+00
61 +2.681632539e-02 +2.681632539e-02 +2.205568163e+02 +2.205568163e+02 +2.8899e+00 -3.9720e+00
473 +2.155058727e-02 +2.155058727e-02 +2.205515506e+02 +2.205515506e+02 +2.9075e+00 -3.9645e+00
940 +7.350426605e-03 +7.350426605e-03 +2.205373504e+02 +2.205373504e+02 +3.0705e+00 -3.8919e+00
1309 +3.499308461e-03 +3.499308461e-03 +2.205334993e+02 +2.205334993e+02 +2.9383e+00 -3.8389e+00
1649 +7.284643624e-04 +7.284643624e-04 +2.205307285e+02 +2.205307285e+02 +2.9994e+00 -3.8749e+00
2532 +5.561683122e-04 +5.561683122e-04 +2.205305562e+02 +2.205305562e+02 +3.0087e+00 -3.8277e+00
2877 +3.316349471e-04 +3.316349471e-04 +2.205303316e+02 +2.205303316e+02 +3.0078e+00 -3.8335e+00
2950 +2.948732802e-05 +2.948732802e-05 +2.205300295e+02 +2.205300295e+02 +2.9974e+00 -3.8426e+00
3029 +1.473937365e-05 +1.473937365e-05 +2.205300147e+02 +2.205300147e+02 +2.9994e+00 -3.8451e+00
3415 +9.815885846e-06 +9.815885846e-06 +2.205300098e+02 +2.205300098e+02 +2.9994e+00 -3.8498e+00
3519 +6.308547711e-06 +6.308547711e-06 +2.205300063e+02 +2.205300063e+02 +2.9957e+00 -3.8457e+00
3685 +2.894957362e-06 +2.894957362e-06 +2.205300029e+02 +2.205300029e+02 +2.9964e+00 -3.8496e+00
4007 +1.449301095e-06 +1.449301095e-06 +2.205300014e+02 +2.205300014e+02 +2.9969e+00 -3.8492e+00
4080 +3.275218887e-07 +3.275218887e-07 +2.205300003e+02 +2.205300003e+02 +2.9967e+00 -3.8486e+00
4287 +2.260763381e-07 +2.260763381e-07 +2.205300002e+02 +2.205300002e+02 +2.9970e+00 -3.8484e+00
4410 +1.578946183e-07 +1.578946183e-07 +2.205300002e+02 +2.205300002e+02 +2.9971e+00 -3.8478e+00
4604 +6.865309388e-08 +6.865309388e-08 +2.205300001e+02 +2.205300001e+02 +2.9966e+00 -3.8482e+00
4607 +4.470214776e-08 +4.470214776e-08 +2.205300000e+02 +2.205300000e+02 +2.9968e+00 -3.8482e+00
4721 +2.143849542e-08 +2.143849542e-08 +2.205300000e+02 +2.205300000e+02 +2.9969e+00 -3.8481e+00
4781 +9.310838323e-09 +9.310838323e-09 +2.205300000e+02 +2.205300000e+02 +2.9967e+00 -3.8480e+00
4850 +3.066077170e-09 +3.066077170e-09 +2.205300000e+02 +2.205300000e+02 +2.9968e+00 -3.8480e+00
4983 +1.408579919e-10 +1.408579919e-10 +2.205300000e+02 +2.205300000e+02 +2.9968e+00 -3.8480e+00
% function evaluation | noise-free fitness - Fopt (4.212900000000e+02) | best noise-free fitness - Fopt | measured fitness | best measured fitness | x1 | x2...
1 +4.108231211e+00 +4.108231211e+00 +4.253982312e+02 +4.253982312e+02 -2.4572e+00 +1.9392e+00
8 +5.430492852e-01 +5.430492852e-01 +4.218330493e+02 +4.218330493e+02 -3.9831e+00 +4.0427e+00
308 +3.828798799e-01 +3.828798799e-01 +4.216728799e+02 +4.216728799e+02 -4.0262e+00 +2.6919e+00
342 +2.145921775e-01 +2.145921775e-01 +4.215045922e+02 +4.215045922e+02 -3.5943e+00 +3.0140e+00
408 +5.938452766e-02 +5.938452766e-02 +4.213493845e+02 +4.213493845e+02 -3.9126e+00 +3.0662e+00
454 +3.374927503e-02 +3.374927503e-02 +4.213237493e+02 +4.213237493e+02 -4.0800e+00 +3.4397e+00
581 +1.629766413e-02 +1.629766413e-02 +4.213062977e+02 +4.213062977e+02 -3.9165e+00 +3.1843e+00
621 +1.396140328e-02 +1.396140328e-02 +4.213039614e+02 +4.213039614e+02 -3.9078e+00 +3.1975e+00
826 +7.834936114e-03 +7.834936114e-03 +4.212978349e+02 +4.212978349e+02 -3.8812e+00 +3.2555e+00
1225 +1.714173782e-03 +1.714173782e-03 +4.212917142e+02 +4.212917142e+02 -3.9147e+00 +3.3207e+00
1620 +3.142194595e-05 +3.142194595e-05 +4.212900314e+02 +4.212900314e+02 -3.9539e+00 +3.3008e+00
3213 +1.841193955e-05 +1.841193955e-05 +4.212900184e+02 +4.212900184e+02 -3.9576e+00 +3.3080e+00
3421 +3.729989771e-06 +3.729989771e-06 +4.212900037e+02 +4.212900037e+02 -3.9547e+00 +3.3048e+00
3961 +1.845900442e-06 +1.845900442e-06 +4.212900018e+02 +4.212900018e+02 -3.9523e+00 +3.3068e+00
4073 +8.364723953e-07 +8.364723953e-07 +4.212900008e+02 +4.212900008e+02 -3.9528e+00 +3.3060e+00
4200 +2.213000130e-07 +2.213000130e-07 +4.212900002e+02 +4.212900002e+02 -3.9532e+00 +3.3066e+00
4420 +1.053035703e-08 +1.053035703e-08 +4.212900000e+02 +4.212900000e+02 -3.9537e+00 +3.3065e+00
4648 +3.431978257e-09 +3.431978257e-09 +4.212900000e+02 +4.212900000e+02 -3.9536e+00 +3.3064e+00
4658 +7.225366971e-10 +7.225366971e-10 +4.212900000e+02 +4.212900000e+02 -3.9536e+00 +3.3064e+00
4873 +1.788862392e-10 +1.788862392e-10 +4.212900000e+02 +4.212900000e+02 -3.9536e+00 +3.3064e+00
% function evaluation | noise-free fitness - Fopt (-7.900000000000e+01) | best noise-free fitness - Fopt | measured fitness | best measured fitness | x1 | x2...
1 +5.377000743e+01 +5.377000743e+01 -2.522999257e+01 -2.522999257e+01 +4.2511e+00 +1.8733e+00
3 +5.852932749e+00 +5.852932749e+00 -7.314706725e+01 -7.314706725e+01 -1.8948e+00 +3.2980e+00
8 +3.934987263e+00 +3.934987263e+00 -7.506501274e+01 -7.506501274e+01 -2.6081e+00 -7.6309e-01
27 +2.103956409e+00 +2.103956409e+00 -7.689604359e+01 -7.689604359e+01 -3.3614e+00 +2.5874e+00
49 +6.841955783e-01 +6.841955783e-01 -7.831580442e+01 -7.831580442e+01 -3.8720e+00 +1.2430e+00
168 +3.410077709e-01 +3.410077709e-01 -7.865899223e+01 -7.865899223e+01 -3.2430e+00 +1.7216e+00
204 +6.485603027e-02 +6.485603027e-02 -7.893514397e+01 -7.893514397e+01 -3.2901e+00 +1.0921e+00
336 +2.039246184e-02 +2.039246184e-02 -7.897960754e+01 -7.897960754e+01 -2.9129e+00 +1.1249e+00
1003 +1.170864077e-02 +1.170864077e-02 -7.898829136e+01 -7.898829136e+01 -3.0321e+00 +1.0642e+00
1341 +8.241751671e-03 +8.241751671e-03 -7.899175825e+01 -7.899175825e+01 -2.9597e+00 +1.1501e+00
1551 +4.846832152e-03 +4.846832152e-03 -7.899515317e+01 -7.899515317e+01 -3.0067e+00 +1.1151e+00
1604 +8.205012122e-06 +8.205012122e-06 -7.899999179e+01 -7.899999179e+01 -3.0509e+00 +1.1714e+00
3583 +5.018290210e-07 +5.018290210e-07 -7.899999950e+01 -7.899999950e+01 -3.0484e+00 +1.1718e+00
4438 +3.366654084e-07 +3.366654084e-07 -7.899999966e+01 -7.899999966e+01 -3.0474e+00 +1.1711e+00
4489 +1.409640475e-07 +1.409640475e-07 -7.899999986e+01 -7.899999986e+01 -3.0483e+00 +1.1714e+00
4683 +9.728385919e-08 +9.728385919e-08 -7.899999990e+01 -7.899999990e+01 -3.0482e+00 +1.1709e+00
4773 +1.660346527e-08 +1.660346527e-08 -7.899999998e+01 -7.899999998e+01 -3.0479e+00 +1.1713e+00
% function evaluation | noise-free fitness - Fopt (-4.133000000000e+01) | best noise-free fitness - Fopt | measured fitness | best measured fitness | x1 | x2...
1 +1.185065607e+01 +1.185065607e+01 -2.947934393e+01 -2.947934393e+01 +3.6422e+00 -2.7464e+00
3 +8.316150339e+00 +8.316150339e+00 -3.301384966e+01 -3.301384966e+01 +3.0411e+00 -2.7220e+00
4 +5.938753945e+00 +5.938753945e+00 -3.539124605e+01 -3.539124605e+01 -1.8498e+00 -2.2445e+00
5 +3.415769810e+00 +3.415769810e+00 -3.791423019e+01 -3.791423019e+01 +4.6254e-01 +3.9936e-01
25 +2.017282033e+00 +2.017282033e+00 -3.931271797e+01 -3.931271797e+01 -9.5613e-01 -1.2757e+00
50 +1.420638707e+00 +1.420638707e+00 -3.990936129e+01 -3.990936129e+01 -7.3795e-01 -1.4197e+00
72 +7.251325734e-01 +7.251325734e-01 -4.060486743e+01 -4.060486743e+01 -3.6307e-01 -1.2076e+00
95 +1.520478547e-01 +1.520478547e-01 -4.117795215e+01 -4.117795215e+01 +1.0413e-01 -1.2758e+00
187 +9.949159110e-02 +9.949159110e-02 -4.123050841e+01 -4.123050841e+01 +7.6849e-01 -1.4305e+00
239 +4.991027919e-02 +4.991027919e-02 -4.128008972e+01 -4.128008972e+01 +3.1294e-01 -1.6224e+00
282 +6.839653239e-03 +6.839653239e-03 -4.132316035e+01 -4.132316035e+01 +5.3620e-01 -1.4529e+00
685 +4.042846712e-05 +4.042846712e-05 -4.132995957e+01 -4.132995957e+01 +4.5908e-01 -1.4520e+00
2643 +3.730613073e-05 +3.730613073e-05 -4.132996269e+01 -4.132996269e+01 +4.4765e-01 -1.4502e+00
3206 +1.630924625e-05 +1.630924625e-05 -4.132998369e+01 -4.132998369e+01 +4.5200e-01 -1.4525e+00
3294 +9.909935784e-06 +9.909935784e-06 -4.132999009e+01 -4.132999009e+01 +4.5406e-01 -1.4519e+00
4022 +4.631381735e-06 +4.631381735e-06 -4.132999537e+01 -4.132999537e+01 +4.5347e-01 -1.4509e+00
4030 +1.774232956e-06 +1.774232956e-06 -4.132999823e+01 -4.132999823e+01 +4.5283e-01 -1.4477e+00
4177 +6.621753528e-07 +6.621753528e-07 -4.132999934e+01 -4.132999934e+01 +4.5389e-01 -1.4480e+00
4346 +4.543677790e-07 +4.543677790e-07 -4.132999955e+01 -4.132999955e+01 +4.5313e-01 -1.4483e+00
4349 +6.904850380e-08 +6.904850380e-08 -4.132999993e+01 -4.132999993e+01 +4.5350e-01 -1.4486e+00
4403 +1.114025849e-08 +1.114025849e-08 -4.132999999e+01 -4.132999999e+01 +4.5357e-01 -1.4489e+00
4658 +6.785022322e-09 +6.785022322e-09 -4.132999999e+01 -4.132999999e+01 +4.5352e-01 -1.4488e+00
4806 +5.996817265e-09 +5.996817265e-09 -4.132999999e+01 -4.132999999e+01 +4.5354e-01 -1.4488e+00
% function evaluation | noise-free fitness - Fopt (2.127500000000e+02) | best noise-free fitness - Fopt | measured fitness | best measured fitness | x1 | x2...
1 +3.702727145e+01 +3.702727145e+01 +2.497772715e+02 +2.497772715e+02 -4.6422e+00 +3.3605e+00
2 +5.530566680e+00 +5.530566680e+00 +2.182805667e+02 +2.182805667e+02 -4.7417e+00 -4.9654e-01
25 +6.062928015e-01 +6.062928015e-01 +2.133562928e+02 +2.133562928e+02 -3.1305e+00 -2.9695e+00
104 +2.029473201e-01 +2.029473201e-01 +2.129529473e+02 +2.129529473e+02 -3.4162e+00 -2.5529e+00
440 +4.898337026e-02 +4.898337026e-02 +2.127989834e+02 +2.127989834e+02 -4.0668e+00 -2.7194e+00
722 +1.610754509e-02 +1.610754509e-02 +2.127661075e+02 +2.127661075e+02 -3.7573e+00 -2.7590e+00
1145 +2.385963101e-03 +2.385963101e-03 +2.127523860e+02 +2.127523860e+02 -3.8853e+00 -2.7069e+00
2054 +9.952461298e-05 +9.952461298e-05 +2.127500995e+02 +2.127500995e+02 -3.8407e+00 -2.6707e+00
2737 +2.719432553e-05 +2.719432553e-05 +2.127500272e+02 +2.127500272e+02 -3.8554e+00 -2.6714e+00
2900 +2.495882242e-05 +2.495882242e-05 +2.127500250e+02 +2.127500250e+02 -3.8542e+00 -2.6695e+00
3719 +4.214500478e-06 +4.214500478e-06 +2.127500042e+02 +2.127500042e+02 -3.8524e+00 -2.6723e+00
3886 +1.722093032e-06 +1.722093032e-06 +2.127500017e+02 +2.127500017e+02 -3.8492e+00 -2.6734e+00
4007 +7.163927478e-07 +7.163927478e-07 +2.127500007e+02 +2.127500007e+02 -3.8498e+00 -2.6722e+00
4254 +5.017675164e-07 +5.017675164e-07 +2.127500005e+02 +2.127500005e+02 -3.8511e+00 -2.6727e+00
4282 +2.282707214e-07 +2.282707214e-07 +2.127500002e+02 +2.127500002e+02 -3.8500e+00 -2.6726e+00
4428 +1.373278451e-07 +1.373278451e-07 +2.127500001e+02 +2.127500001e+02 -3.8501e+00 -2.6730e+00
4506 +6.707907119e-08 +6.707907119e-08 +2.127500001e+02 +2.127500001e+02 -3.8502e+00 -2.6726e+00
4622 +8.030184517e-09 +8.030184517e-09 +2.127500000e+02 +2.127500000e+02 -3.8504e+00 -2.6727e+00
4999 +3.444057484e-09 +3.444057484e-09 +2.127500000e+02 +2.127500000e+02 -3.8504e+00 -2.6728e+00
