% function evaluation | noise-free fitness - Fopt (7.948000000000e+01) | best noise-free fitness - Fopt | measured fitness | best measured fitness | x1 | x2...
1 +2.163044159e+02 +2.163044159e+02 +2.957844159e+02 +2.957844159e+02 +2.2478e+00 +4.5753e+00 +1.3229e+00 -4.8681e+00 +1.4783e+00 +3.3938e-01 -8.9356e-01 +4.4297e+00 -2.8087e+00 +1.3330e-01 -1.4406e-01 +4.6219e+00 +2.7199e+00 +2.8398e+00 +2.0508e-01 +4.3508e+00 -4.2532e+00 -3.9992e+00 +4.4051e+00 -2.4078e+00
5 +1.506125886e+02 +1.506125886e+02 +2.300925886e+02 +2.300925886e+02 -1.5865e+00 -1.5025e-01 +1.6402e+00 -5.8008e-01 +2.0841e+00 -2.0794e+00 -1.7886e+00 +4.7452e+00 -4.1112e+00 -4.5311e+00 -3.3995e+00 +2.1320e+00 -2.6402e+00 +1.3428e+00 -1.1907e+00 +1.8402e+00 +3.8919e+00 -2.0029e+00 -2.8015e-01 +3.6562e+00
119 +9.683265957e+01 +9.683265957e+01 +1.763126596e+02 +1.763126596e+02 +3.1711e-02 -3.1561e+00 -1.1406e+00 +1.0523e+00 -1.0564e-01 +4.9042e+00 +6.3143e-01 -2.9546e-01 -1.8740e+00 -2.7409e+00 +4.3530e-01 -1.4511e+00 -4.4357e-02 -5.7081e-01 -6.1856e-01 +9.7489e-01 +2.9242e+00 -4.5128e+00 +1.4302e+00 +1.2029e+00
371 +6.275075177e+01 +6.275075177e+01 +1.422307518e+02 +1.422307518e+02 +1.2368e+00 -3.7180e-01 +6.8819e-02 +1.8905e+00 -2.7579e+00 +5.0000e+00 -2.7207e+00 +1.6993e-01 -2.8229e+00 -3.9197e+00 +3.7771e-01 +1.5802e+00 +2.4576e-01 -1.3925e+00 +2.8103e+00 +2.6025e+00 -1.6003e+00 -4.6259e+00 +6.2561e-01 -5.9258e-01
639 +3.654514585e+01 +3.654514585e+01 +1.160251459e+02 +1.160251459e+02 +2.0199e+00 +2.8814e-01 +7.8708e-01 +9.7067e-01 -1.2392e-01 +5.6199e-01 -1.0032e-01 +3.7744e-01 -1.1071e+00 -2.5711e+00 -2.5520e+00 +2.7894e+00 +1.4481e-01 +4.1687e-01 +1.9233e+00 +3.0345e+00 -1.1029e+00 -5.0000e+00 +8.8063e-01 -1.8486e+00
1467 +2.479756522e+01 +2.479756522e+01 +1.042775652e+02 +1.042775652e+02 +5.9538e-01 -1.9500e+00 -5.4056e-01 +1.3248e+00 -4.6559e+00 -7.8404e-01 -5.1097e-02 -7.4644e-01 -2.2572e+00 -3.6732e+00 -1.5354e+00 -5.3098e-01 +2.5367e+00 +2.8193e-01 +2.8005e+00 +3.7220e+00 +2.5313e-01 -4.5679e+00 +3.1887e+00 +1.4957e+00
1724 +1.501208657e+01 +1.501208657e+01 +9.449208657e+01 +9.449208657e+01 +1.3516e+00 -8.5117e-01 +8.9191e-01 +7.4245e-01 -2.1522e+00 -8.6451e-01 +7.3026e-01 +4.8680e-01 -7.6269e-01 -3.7960e+00 -3.7902e+00 +1.2380e+00 +1.7625e+00 +5.2503e-01 +2.6153e+00 +3.5208e+00 -8.0644e-01 -4.6361e+00 +2.5628e+00 +6.9452e-02
2202 +8.773626397e+00 +8.773626397e+00 +8.825362640e+01 +8.825362640e+01 +8.2461e-02 -1.8894e+00 -8.8803e-01 +1.2088e+00 -1.6509e+00 +1.0678e-01 +9.4261e-01 +6.4920e-01 -1.0531e+00 -2.5597e+00 -4.5976e+00 +1.4671e+00 +1.0776e+00 +6.0817e-01 +4.6696e+00 +2.1115e+00 -7.5487e-01 -4.5866e+00 +2.8809e+00 +7.3271e-01
2657 +5.978454295e+00 +5.978454295e+00 +8.545845430e+01 +8.545845430e+01 -8.9972e-02 -1.7431e+00 -8.5540e-01 +2.8474e+00 -3.2696e+00 +2.4110e-01 +4.7461e-02 +1.1273e+00 -1.1309e+00 -3.0139e+00 -3.9975e+00 +1.4517e+00 +1.6468e+00 +4.2980e-02 +4.9134e+00 +3.2479e+00 -1.9363e-01 -4.6823e+00 +2.4144e+00 +1.3912e+00
3206 +2.026249735e+00 +2.026249735e+00 +8.150624973e+01 +8.150624973e+01 +4.2892e-01 -1.2148e+00 -6.2082e-01 +1.5605e+00 -2.8078e+00 +7.6124e-01 -9.1279e-02 +6.2059e-01 -1.8813e+00 -3.0381e+00 -3.8215e+00 +1.3432e+00 +1.0561e+00 +1.7984e-02 +4.4349e+00 +3.2783e+00 -3.5189e-01 -4.2343e+00 +2.5192e+00 +1.5137e+00
3616 +1.382506596e+00 +1.382506596e+00 +8.086250660e+01 +8.086250660e+01 +1.4790e-02 -1.3546e+00 -6.7149e-01 +1.8241e+00 -2.8898e+00 +9.3332e-01 -1.8450e-01 +2.2457e-01 -1.8735e+00 -2.7443e+00 -3.8518e+00 +1.4026e+00 +1.0145e+00 +1.4501e-01 +3.7950e+00 +3.2548e+00 -4.5593e-01 -4.0849e+00 +2.5713e+00 +1.6150e+00
3998 +9.907792587e-01 +9.907792587e-01 +8.047077926e+01 +8.047077926e+01 +1.0058e-01 -1.3280e+00 -8.4033e-01 +1.8906e+00 -2.8700e+00 +4.2756e-01 +7.8450e-02 +6.5872e-02 -1.8033e+00 -3.3334e+00 -3.8909e+00 +1.4131e+00 +9.9483e-01 +1.7364e-01 +3.6917e+00 +3.1246e+00 -3.8821e-01 -4.1616e+00 +2.5379e+00 +1.6669e+00
4596 +5.620789523e-01 +5.620789523e-01 +8.004207895e+01 +8.004207895e+01 +1.2993e-01 -1.2554e+00 -7.4927e-01 +1.9563e+00 -2.8597e+00 +2.8780e-01 -1.7521e-03 +1.0496e-01 -1.5480e+00 -3.1305e+00 -3.8790e+00 +1.5916e+00 +1.0461e+00 +1.8260e-01 +3.6425e+00 +3.1603e+00 -3.6580e-01 -4.0920e+00 +2.5425e+00 +1.4908e+00
% function evaluation | noise-free fitness - Fopt (3.944800000000e+02) | best noise-free fitness - Fopt | measured fitness | best measured fitness | x1 | x2...
1 +4.653204492e+02 +4.653204492e+02 +8.598004492e+02 +8.598004492e+02 +3.7638e+00 +3.2718e-01 +4.4180e+00 +2.0750e-01 -4.7028e+00 +9.4444e-01 +8.9152e-02 -4.9244e+00 +4.0161e+00 +3.2939e-02 +1.2131e+00 +4.4422e+00 +1.5069e+00 -3.9005e+00 +3.1294e+00 -3.6281e+00 -4.3572e+00 +1.1303e+00 -4.8623e+00 +3.9077e+00
2 +2.353300347e+02 +2.353300347e+02 +6.298100347e+02 +6.298100347e+02 +3.2270e+00 -2.3240e+00 +7.2354e-01 +5.4318e-01 +6.0510e-01 +4.8607e+00 +2.8955e+00 -1.9279e+00 +1.2828e+00 -3.1331e+00 +2.5334e+00 -1.4424e+00 +2.4891e-01 -1.2971e+00 -1.3319e+00 +8.1379e-01 +1.3430e+00 -2.3397e+00 +3.7606e+00 +3.8811e+00
38 +1.414527603e+02 +1.414527603e+02 +5.359327603e+02 +5.359327603e+02 +4.3207e-01 -2.6856e+00 -1.4732e+00 +2.6748e+00 -1.1678e+00 -4.9739e+00 +2.3775e+00 -7.7458e-01 +4.6951e+00 -4.3135e+00 -2.0158e-01 -1.3665e+00 +2.0727e+00 +4.4321e+00 -7.1573e-02 +1.2410e+00 -2.7469e+00 -1.5088e+00 +3.8323e+00 -4.3482e+00
301 +9.136860760e+01 +9.136860760e+01 +4.858486076e+02 +4.858486076e+02 -1.0681e+00 -5.0000e+00 -5.0000e+00 +4.0214e+00 +4.1332e+00 -2.0305e+00 +2.4966e+00 -1.9566e+00 +1.1933e+00 -1.2503e+00 -1.5627e+00 +5.0000e+00 +2.8203e+00 +5.0000e+00 -1.7528e+00 +4.4345e+00 -1.2595e+00 +5.3121e-01 -2.6703e-01 -1.9984e+00
435 +5.680053639e+01 +5.680053639e+01 +4.512805364e+02 +4.512805364e+02 -1.9143e+00 -4.3975e+00 -3.7356e+00 +3.8545e+00 -1.7312e-01 -2.9211e+00 +2.3666e+00 +0.0000e+00 -4.9215e-02 -4.4105e+00 +4.9618e+00 +0.0000e+00 +2.1110e+00 +5.0000e+00 -1.2079e+00 +5.0000e+00 -4.9211e+00 -3.5564e+00 -6.4106e-01 +5.0000e+00
707 +3.434224676e+01 +3.434224676e+01 +4.288222468e+02 +4.288222468e+02 -2.1490e+00 -4.7662e+00 -3.6402e+00 +3.3744e+00 -1.3731e+00 -3.3756e+00 +2.1701e+00 +2.2139e-02 +0.0000e+00 -2.3964e+00 +1.6232e+00 +1.2781e+00 +7.6968e-01 +5.0000e+00 -2.5875e+00 +2.1577e+00 -1.7948e+00 -1.7623e+00 +7.8391e-02 -2.1711e+00
1102 +2.363152978e+01 +2.363152978e+01 +4.181115298e+02 +4.181115298e+02 -3.5914e+00 -3.6011e+00 -3.3285e+00 +4.3620e+00 +0.0000e+00 -1.7808e+00 +2.2807e+00 -1.2118e+00 -6.5808e-01 -3.7551e+00 +4.0106e+00 +2.2387e+00 +2.0407e+00 +2.0404e+00 -1.7059e+00 +3.2012e+00 -4.8797e+00 -1.7301e+00 -1.1963e+00 +1.3567e+00
1811 +1.501283043e+01 +1.501283043e+01 +4.094928304e+02 +4.094928304e+02 -3.4444e+00 -2.9068e+00 -3.6775e+00 +4.4228e+00 +6.9687e-01 -1.9408e+00 +2.7451e+00 -1.4765e+00 -7.4168e-01 -2.4943e+00 +3.7896e+00 +1.4111e+00 +1.2985e+00 +3.0490e+00 -2.4992e+00 +4.5943e+00 -3.6844e+00 -2.0628e+00 -8.4495e-01 +1.7586e+00
1878 +9.199209623e+00 +9.199209623e+00 +4.036792096e+02 +4.036792096e+02 -3.0585e+00 -2.5915e+00 -2.6442e+00 +4.3270e+00 +1.1672e+00 -2.7981e+00 +1.7922e+00 -1.0225e+00 -4.9926e-01 -4.0953e+00 +1.8344e+00 +1.0357e+00 +1.7495e+00 +3.6824e+00 -3.6421e+00 +3.1872e+00 -3.6344e+00 -1.8716e+00 -1.5204e+00 +1.2849e+00
2224 +6.098527686e+00 +6.098527686e+00 +4.005785277e+02 +4.005785277e+02 -3.6692e+00 -3.0984e+00 -2.5212e+00 +4.6303e+00 +1.1318e+00 -3.4033e+00 +3.9209e+00 -1.2249e+00 +1.8414e-01 -3.2858e+00 +2.3379e+00 +1.2875e+00 +2.1458e+00 +3.1652e+00 -3.4366e+00 +3.1786e+00 -2.9231e+00 -1.9483e+00 -2.0247e-01 +9.9864e-01
2801 +3.691113967e+00 +3.691113967e+00 +3.981711140e+02 +3.981711140e+02 -4.0743e+00 -3.0948e+00 -3.0401e+00 +4.4903e+00 +1.2320e+00 -3.2280e+00 +3.5325e+00 -1.5582e+00 -2.2292e-01 -3.1514e+00 +1.6988e+00 +1.2622e+00 +1.6501e+00 +3.5156e+00 -3.3003e+00 +3.2803e+00 -3.3949e+00 -1.3805e+00 +1.1282e-02 +1.1834e+00
3408 +2.228486683e+00 +2.228486683e+00 +3.967084867e+02 +3.967084867e+02 -3.7719e+00 -3.0661e+00 -3.3260e+00 +4.4458e+00 +1.0940e+00 -3.0927e+00 +3.3469e+00 -1.2290e+00 -5.8066e-01 -3.1629e+00 +2.2095e+00 +7.3848e-01 +1.5543e+00 +3.9106e+00 -4.0418e+00 +3.3790e+00 -2.8230e+00 -1.6156e+00 -1.5776e-01 +1.2065e+00
3808 +1.460256347e+00 +1.460256347e+00 +3.959402563e+02 +3.959402563e+02 -3.8186e+00 -2.8652e+00 -3.5428e+00 +4.4595e+00 +7.8095e-01 -3.3305e+00 +3.2390e+00 -1.1605e+00 -8.4058e-01 -3.3859e+00 +1.9188e+00 +1.0180e+00 +1.8079e+00 +3.8226e+00 -3.9822e+00 +3.3531e+00 -2.9121e+00 -1.0721e+00 +7.4667e-02 +1.2290e+00
4051 +9.832833966e-01 +9.832833966e-01 +3.954632834e+02 +3.954632834e+02 -3.9396e+00 -2.7633e+00 -3.6185e+00 +4.5075e+00 +1.1105e+00 -3.1196e+00 +3.4128e+00 -9.5093e-01 -8.8765e-01 -3.6216e+00 +1.6120e+00 +1.2384e+00 +1.6520e+00 +3.7848e+00 -3.8130e+00 +3.3643e+00 -2.8594e+00 -1.3800e+00 +2.3869e-01 +1.4906e+00
4517 +6.208439825e-01 +6.208439825e-01 +3.951008440e+02 +3.951008440e+02 -4.0019e+00 -2.7338e+00 -3.6012e+00 +4.4443e+00 +7.1110e-01 -3.0361e+00 +3.3851e+00 -9.2712e-01 -8.1254e-01 -3.7126e+00 +1.7629e+00 +1.2526e+00 +1.6897e+00 +3.7817e+00 -3.6226e+00 +3.0910e+00 -2.9722e+00 -1.3784e+00 +1.5911e-01 +1.2609e+00
% function evaluation | noise-free fitness - Fopt (-2.471100000000e+02) | best noise-free fitness - Fopt | measured fitness | best measured fitness | x1 | x2...
1 +4.169306988e+02 +4.169306988e+02 +1.698206988e+02 +1.698206988e+02 +3.8589e+00 +2.2525e+00 -4.7704e+00 -3.1533e+00 +2.8636e+00 +4.2861e+00 +1.3356e+00 +2.3449e+00 +4.5270e+00 -3.6271e+00 -2.4899e+00 +9.8082e-01 +4.8631e+00 -4.5966e+00 -2.3100e+00 +1.0180e-01 -2.7595e+00 -4.0606e+00 -4.4835e+00 +1.7672e+00
2 +2.125370498e+02 +2.125370498e+02 -3.457295025e+01 -3.457295025e+01 -4.1871e+00 -3.3170e+00 +2.9383e+00 -1.5181e+00 +2.0620e+00 +2.1010e-01 +1.9085e+00 +2.1777e+00 +6.6284e-01 -2.7015e+00 -2.4920e+00 -1.8594e+00 +3.9845e+00 +4.1468e+00 +2.7232e+00 +3.1972e+00 +7.9100e-01 -3.3081e+00 +3.0562e+00 +3.6906e+00
5 +1.425459770e+02 +1.425459770e+02 -1.045640230e+02 -1.045640230e+02 -3.1354e+00 +1.2094e+00 -4.3519e-01 -3.6873e+00 +4.2449e+00 +7.2354e-01 -3.3850e-01 -2.0908e+00 +1.1298e-01 +2.2853e+00 -2.4958e+00 -2.7161e-01 +7.9753e-01 -1.0864e+00 +3.7487e+00 +2.4562e+00 +2.7168e+00 -3.2614e+00 -5.3118e-01 +3.9371e+00
109 +9.543626123e+01 +9.543626123e+01 -1.516737388e+02 -1.516737388e+02 -2.6422e-01 +1.7856e+00 -2.4021e-01 -1.1755e+00 -2.1982e+00 +1.8798e+00 +4.0355e+00 -4.2677e+00 -3.4692e+00 +9.9819e-01 +4.4480e+00 +3.9810e+00 +4.9507e-01 +4.0593e+00 +2.0798e+00 +9.8567e-01 +3.5910e-01 -1.7683e+00 +2.2985e+00 +4.4604e+00
640 +5.892479869e+01 +5.892479869e+01 -1.881852013e+02 -1.881852013e+02 -1.3884e+00 +1.3954e+00 -3.8623e-02 -2.2137e+00 -2.9151e+00 +3.8715e-01 +4.7968e+00 -1.7107e+00 -4.3688e+00 +2.4302e+00 +3.0753e+00 +1.5131e+00 +2.0811e-01 +2.6484e+00 +2.4357e+00 +0.0000e+00 +1.9357e+00 +0.0000e+00 +3.4697e+00 -1.5966e+00
802 +3.723967925e+01 +3.723967925e+01 -2.098703207e+02 -2.098703207e+02 -1.2371e+00 +2.1252e+00 -2.3715e-01 -2.5166e+00 -1.7903e+00 +1.1932e-01 +2.7693e+00 -3.4881e+00 -4.4707e-01 +4.9354e+00 +4.2852e+00 +9.5327e-01 +1.4923e+00 +1.2242e+00 +5.0000e+00 +0.0000e+00 +5.0000e+00 +6.9382e-01 +1.2874e+00 +1.1504e+00
1236 +2.246327291e+01 +2.246327291e+01 -2.246467271e+02 -2.246467271e+02 -4.2112e+00 -6.3952e-01 -9.4593e-01 -2.4631e+00 -4.0369e+00 +2.3067e+00 +4.8869e+00 -4.4940e+00 +5.3792e-01 +1.0004e+00 +2.2756e+00 +1.8738e+00 +2.6788e+00 +2.6579e+00 +3.3416e+00 -1.0105e+00 +3.4412e+00 -2.4201e-01 +3.5142e+00 -1.7380e+00
1809 +1.448417744e+01 +1.448417744e+01 -2.326258226e+02 -2.326258226e+02 -4.1361e+00 -3.1689e-01 -1.7201e+00 -3.4854e+00 -3.7989e+00 +2.7924e+00 +5.0000e+00 -3.4657e+00 +1.4027e+00 +2.7558e+00 +2.2825e+00 +1.3919e+00 +1.8978e+00 +3.4443e-01 +3.3067e+00 +1.2803e+00 +4.2762e+00 -9.9610e-01 +2.5440e+00 -1.1549e+00
2505 +6.479831491e+00 +6.479831491e+00 -2.406301685e+02 -2.406301685e+02 -3.9507e+00 +2.1105e-01 -1.9502e+00 -3.6877e+00 -4.1978e+00 +3.0766e+00 +3.6057e+00 -3.3205e+00 +4.1576e-01 +2.3118e+00 +2.1913e+00 +1.7105e+00 +2.5074e+00 +1.8512e-01 +3.6561e+00 +9.9889e-01 +3.8416e+00 -6.5080e-01 +2.0054e+00 +3.1662e-01
2745 +5.963304482e+00 +5.963304482e+00 -2.411466955e+02 -2.411466955e+02 -3.7556e+00 -2.5160e-01 -1.1203e+00 -3.3161e+00 -3.5442e+00 +3.0950e+00 +4.3048e+00 -3.7982e+00 +8.3238e-01 +2.3748e+00 +2.1522e+00 +1.7824e+00 +2.5404e+00 +3.5915e-01 +3.4343e+00 +8.4799e-01 +3.6791e+00 -8.3559e-01 +2.0432e+00 -4.0966e-01
2856 +3.039442124e+00 +3.039442124e+00 -2.440705579e+02 -2.440705579e+02 -3.6415e+00 +6.1000e-01 -1.1866e+00 -3.7791e+00 -3.5309e+00 +2.7620e+00 +2.9523e+00 -4.1443e+00 +4.2289e-01 +2.3720e+00 +2.2417e+00 +1.3342e+00 +2.1827e+00 +7.6462e-01 +3.8701e+00 +4.9101e-01 +3.6464e+00 -8.6970e-01 +2.0516e+00 +6.8619e-01
3235 +2.460098468e+00 +2.460098468e+00 -2.446499015e+02 -2.446499015e+02 -3.4062e+00 +4.0594e-01 -6.6397e-01 -3.6779e+00 -3.2215e+00 +2.9338e+00 +2.7163e+00 -4.4008e+00 -1.4707e-01 +2.9068e+00 +2.2682e+00 +1.2570e+00 +2.3332e+00 +5.3367e-01 +3.7053e+00 +7.2557e-02 +3.5340e+00 -6.8151e-01 +2.0121e+00 +2.5936e-01
3613 +1.404733483e+00 +1.404733483e+00 -2.457052665e+02 -2.457052665e+02 -3.6840e+00 -8.8407e-02 -8.2520e-01 -3.6717e+00 -3.5268e+00 +2.9960e+00 +2.9766e+00 -4.2317e+00 +2.9397e-01 +2.6633e+00 +2.3291e+00 +1.5675e+00 +2.9234e+00 +7.2842e-01 +3.7215e+00 +7.7029e-01 +3.2825e+00 -2.6106e-01 +2.3746e+00 +1.7617e-01
4093 +9.929165541e-01 +9.929165541e-01 -2.461170834e+02 -2.461170834e+02 -3.8912e+00 +3.6756e-01 -6.7232e-01 -3.4815e+00 -3.4745e+00 +2.8428e+00 +2.9232e+00 -4.0175e+00 +4.2713e-02 +2.5367e+00 +2.2662e+00 +1.4641e+00 +2.5883e+00 +8.0284e-01 +3.8432e+00 +4.7028e-01 +3.1194e+00 -1.1002e-01 +2.4395e+00 +6.3937e-01
4417 +5.607791723e-01 +5.607791723e-01 -2.465492208e+02 -2.465492208e+02 -3.9587e+00 +2.0949e-01 -5.1858e-01 -3.5172e+00 -3.0548e+00 +2.6179e+00 +2.9300e+00 -4.0190e+00 -2.2822e-02 +2.5447e+00 +2.0560e+00 +1.5316e+00 +2.6338e+00 +7.8586e-01 +3.8359e+00 +6.2697e-01 +3.0015e+00 -1.9107e-01 +2.4171e+00 +2.1472e-01
4815 +3.867561057e-01 +3.867561057e-01 -2.467232439e+02 -2.467232439e+02 -3.9478e+00 +2.0174e-01 -5.7843e-01 -3.5172e+00 -3.0687e+00 +2.5535e+00 +3.0280e+00 -4.0210e+00 -5.4969e-02 +2.5529e+00 +2.1268e+00 +1.5091e+00 +2.6836e+00 +7.8847e-01 +3.8457e+00 +6.3617e-01 +2.9651e+00 -2.0921e-01 +2.4172e+00 +2.8384e-01
% function evaluation | noise-free fitness - Fopt (-1.520400000000e+02) | best noise-free fitness - Fopt | measured fitness | best measured fitness | x1 | x2...
1 +3.432203085e+02 +3.432203085e+02 +1.911803085e+02 +1.911803085e+02 +1.8367e+00 -4.8765e+00 +4.5579e+00 +1.8785e+00 +3.4619e-01 -2.0176e-01 +3.5418e+00 -3.1228e+00 +2.2856e+00 +3.8628e-02 +3.4654e+00 +7.3501e-01 -8.0607e-02 -3.3489e+00 -2.7147e+00 -2.1613e+00 +3.8664e+00 -3.9947e-01 -1.0703e+00 -3.8548e+00
11 +2.187044993e+02 +2.187044993e+02 +6.666449931e+01 +6.666449931e+01 +1.9831e-01 -1.5956e+00 -1.9460e+00 -3.9884e-01 +4.5160e+00 +3.3499e+00 +4.7442e-01 -3.5359e-02 +3.8465e+00 +1.0198e+00 -4.5618e+00 -1.4243e+00 -4.3815e-01 +4.7156e+00 -3.3851e+00 +1.6004e-01 -3.1377e+00 +2.0602e+00 +3.1212e+00 -4.9097e+00
15 +1.573746906e+02 +1.573746906e+02 +5.334690560e+00 +5.334690560e+00 -2.9165e+00 +4.3061e+00 -2.5125e+00 +3.6768e+00 +4.1675e+00 -3.3622e-01 -4.1537e+00 -9.7750e-01 +2.7911e+00 +1.9074e+00 -4.5615e+00 +3.3246e+00 -2.9278e+00 +2.1112e+00 +3.8475e+00 -1.1003e+00 +1.3650e+00 -2.1847e+00 +4.2302e+00 -7.6146e-01
61 +8.929767517e+01 +8.929767517e+01 -6.274232483e+01 -6.274232483e+01 +1.9947e-01 +2.9415e+00 -9.1684e-01 +4.0323e+00 +3.4785e+00 -2.4173e+00 -1.3848e-01 -4.4802e+00 +3.2481e+00 +4.2308e+00 -1.7077e+00 -4.2492e+00 -4.7278e-01 +2.6869e+00 -5.2088e-01 -1.7159e+00 -2.0905e-01 -1.4429e+00 +3.3546e+00 +2.1916e+00
824 +4.672401567e+01 +4.672401567e+01 -1.053159843e+02 -1.053159843e+02 +9.7538e-01 +5.2399e-01 +3.7036e-01 +3.2935e+00 +3.4929e+00 +1.2841e+00 +0.0000e+00 +7.8347e-01 +1.0908e+00 +4.4988e+00 -4.7328e-01 -1.9068e+00 -3.8346e+00 +5.0000e+00 -3.1454e+00 -6.4526e-01 +1.0763e+00 +0.0000e+00 +2.7285e-01 +3.1440e+00
1228 +3.115580001e+01 +3.115580001e+01 -1.208842000e+02 -1.208842000e+02 -5.5031e-02 +1.3138e+00 -2.3372e+00 +2.2772e+00 +3.6726e+00 +2.9698e-02 -3.8830e-01 +3.4866e-01 +1.5919e+00 +4.2858e+00 -9.4336e-01 -5.9255e-01 -5.0000e+00 +3.2818e+00 -1.9936e+00 +4.7128e-01 +6.2153e-01 -2.8372e+00 -4.7745e-01 +3.2325e+00
1404 +2.251948547e+01 +2.251948547e+01 -1.295205145e+02 -1.295205145e+02 +1.0286e+00 +1.9685e+00 -1.7552e+00 +5.0000e+00 +2.3968e+00 -7.2792e-01 -2.0739e+00 -4.9068e-01 +1.5143e+00 +4.2767e+00 -6.3278e-01 -4.9662e+00 -5.0000e+00 +4.7674e+00 +2.5961e-01 +2.3570e+00 +2.7464e+00 +7.8552e-01 +4.4078e-01 +4.1251e+00
2013 +1.576476656e+01 +1.576476656e+01 -1.362752334e+02 -1.362752334e+02 +1.3098e-02 +2.0395e+00 -4.8478e+00 +4.0954e+00 +1.2754e+00 +1.7262e-01 -1.2542e+00 -3.5354e-01 +1.5992e+00 +4.4710e+00 -2.2674e-01 -2.0766e+00 -4.7942e+00 +4.0135e+00 +0.0000e+00 +3.0954e+00 +1.1034e+00 -5.1938e-01 -2.5181e+00 +4.0775e+00
2531 +9.058900065e+00 +9.058900065e+00 -1.429810999e+02 -1.429810999e+02 +4.0036e-02 +4.1493e-01 -4.3067e+00 +2.9869e+00 +1.3684e+00 -2.1987e-01 -5.4051e-01 -8.3167e-01 +2.0221e+00 +3.8230e+00 -4.1246e-01 -2.0440e+00 -3.3842e+00 +3.7726e+00 +1.2113e-01 +4.5884e-01 +1.7864e+00 +1.2634e+00 -2.0330e+00 +3.1192e+00
2564 +4.882872930e+00 +4.882872930e+00 -1.471571271e+02 -1.471571271e+02 +7.4796e-01 +1.8823e+00 -4.5244e+00 +2.8650e+00 +2.1798e+00 +6.7450e-01 -9.3369e-01 -5.5133e-01 +2.1407e+00 +3.3498e+00 -9.4669e-01 -2.8140e+00 -3.5185e+00 +4.5704e+00 +2.5783e-01 +9.0065e-01 +1.7170e+00 +4.2874e-01 -1.4920e+00 +3.5681e+00
2818 +3.979649602e+00 +3.979649602e+00 -1.480603504e+02 -1.480603504e+02 +4.3237e-01 +1.6297e+00 -4.2928e+00 +2.8023e+00 +2.5006e+00 +1.1567e+00 -5.6377e-01 -5.4719e-01 +1.9767e+00 +3.3114e+00 -1.0132e+00 -3.1382e+00 -3.6644e+00 +4.5711e+00 +2.2007e-01 +9.9614e-01 +1.9099e+00 +4.1513e-01 -1.2362e+00 +3.8089e+00
3374 +2.253522838e+00 +2.253522838e+00 -1.497864772e+02 -1.497864772e+02 +1.1394e-01 +1.4542e+00 -3.6877e+00 +3.0079e+00 +2.6517e+00 -3.5652e-03 -5.8463e-01 -3.9215e-01 +1.3534e+00 +3.4651e+00 -8.6091e-01 -3.1364e+00 -3.7240e+00 +4.4230e+00 +4.6521e-01 +1.2368e+00 +1.5488e+00 +3.6944e-01 -1.2129e+00 +4.2932e+00
3415 +1.434597120e+00 +1.434597120e+00 -1.506054029e+02 -1.506054029e+02 -1.4866e-01 +1.3053e+00 -3.8440e+00 +3.0185e+00 +2.3258e+00 +3.2583e-01 -1.1040e+00 -6.7781e-01 +1.4870e+00 +3.4234e+00 -8.7823e-01 -2.9945e+00 -3.9461e+00 +4.7605e+00 +5.3994e-01 +9.5127e-01 +1.7006e+00 +2.2040e-01 -6.1980e-01 +4.0430e+00
3812 +8.620155137e-01 +8.620155137e-01 -1.511779845e+02 -1.511779845e+02 -3.3696e-01 +1.3793e+00 -4.0217e+00 +3.0638e+00 +2.6195e+00 +1.6163e-01 -1.0554e+00 -7.8469e-01 +1.6729e+00 +3.6215e+00 -9.7189e-01 -2.8910e+00 -3.8815e+00 +4.3080e+00 +5.3763e-01 +1.0284e+00 +1.6062e+00 +1.9735e-01 -6.7073e-01 +3.9009e+00
4037 +5.882113757e-01 +5.882113757e-01 -1.514517886e+02 -1.514517886e+02 -1.1103e-01 +1.3513e+00 -3.8698e+00 +3.1328e+00 +2.4556e+00 +2.5433e-01 -1.1020e+00 -9.4408e-01 +1.6027e+00 +3.4742e+00 -8.8851e-01 -2.9536e+00 -3.7683e+00 +4.1449e+00 +4.3402e-01 +1.1459e+00 +1.6695e+00 +1.5423e-01 -4.2417e-01 +3.8329e+00
4410 +3.539590909e-01 +3.539590909e-01 -1.516860409e+02 -1.516860409e+02 -6.1776e-02 +1.5118e+00 -3.8488e+00 +3.3087e+00 +2.5068e+00 +1.9818e-01 -8.9128e-01 -8.4561e-01 +1.6385e+00 +3.4987e+00 -8.9778e-01 -2.7938e+00 -3.8076e+00 +3.9330e+00 +4.4598e-01 +1.0823e+00 +1.7536e+00 +1.3235e-01 -5.1271e-01 +3.8046e+00
4801 +2.436241086e-01 +2.436241086e-01 -1.517963759e+02 -1.517963759e+02 -2.5757e-01 +1.3020e+00 -3.8911e+00 +3.2045e+00 +2.4575e+00 +1.4530e-01 -8.1589e-01 -7.5476e-01 +1.6770e+00 +3.5230e+00 -8.9319e-01 -2.8116e+00 -3.8213e+00 +3.9578e+00 +3.9719e-01 +1.1342e+00 +1.8369e+00 +1.4045e-01 -2.8724e-01 +3.7656e+00
% function evaluation | noise-free fitness - Fopt (-2.525000000000e+01) | best noise-free fitness - Fopt | measured fitness | best measured fitness | x1 | x2...
1 +2.451867316e+02 +2.451867316e+02 +2.199367316e+02 +2.199367316e+02 -4.3220e+00 -3.8038e+00 +2.2089e-01 -1.8086e+00 +1.9129e+00 +3.8821e+00 +2.4369e+00 +4.4224e+00 +1.6589e+00 -1.7844e+00 +3.0916e+00 +4.5940e+00 +6.6081e-02 -1.6567e+00 -3.5970e+00 -2.5805e+00 -2.7944e+00 +4.7970e-01 -2.2947e+00 -2.0204e+00
11 +1.154124326e+02 +1.154124326e+02 +9.016243261e+01 +9.016243261e+01 -6.6236e-01 -9.2985e-01 -4.0787e+00 -2.9298e+00 +2.4250e+00 +4.0516e+00 -1.4858e+00 +2.2971e+00 -3.9887e-01 -1.6394e+00 -1.3458e+00 +8.5770e-01 +7.2225e-01 -3.4846e-01 +3.4885e-01 -2.1805e+00 +5.7497e-01 +6.0019e-01 -1.4891e+00 +4.3777e-01
82 +9.480109069e+01 +9.480109069e+01 +6.955109069e+01 +6.955109069e+01 +2.4048e+00 +3.8023e+00 -1.1265e+00 -5.9079e-01 +3.7419e+00 -9.0170e-01 -3.6560e+00 -1.4057e+00 -3.5423e+00 -3.8335e+00 +4.5283e+00 -1.6213e+00 +3.9792e-01 -3.6550e+00 -1.3851e+00 -2.5002e-01 -1.5724e+00 -1.9576e+00 +2.6928e+00 -1.0299e-01
360 +5.554637826e+01 +5.554637826e+01 +3.029637826e+01 +3.029637826e+01 +3.5328e+00 +6.5840e-01 -5.0000e+00 -1.9941e-01 +3.7682e+00 -8.7482e-02 -3.0093e+00 -1.1762e+00 +3.1627e-01 -5.0000e+00 +1.6962e+00 -7.3037e-01 -1.8155e+00 +3.6143e+00 +2.2154e+00 +3.1337e+00 -2.0350e+00 +3.9269e-01 +8.1606e-01 -2.0814e-01
699 +3.366561402e+01 +3.366561402e+01 +8.415614023e+00 +8.415614023e+00 +3.8466e+00 +1.8144e+00 -2.3149e+00 -4.4367e+00 +1.0821e+00 +0.0000e+00 -8.6750e-01 -3.2064e+00 +1.1404e+00 -4.7589e+00 +2.8701e+00 -7.9453e-01 -1.6147e+00 +0.0000e+00 +1.0513e+00 +9.7461e-01 +0.0000e+00 +1.1018e+00 +8.2414e-02 -9.1100e-01
1525 +2.168899733e+01 +2.168899733e+01 -3.561002675e+00 -3.561002675e+00 +2.4323e+00 +7.6050e-01 -9.8496e-01 -2.2386e+00 +2.6112e+00 -5.3550e-01 -3.0538e+00 -1.4639e+00 +1.4381e+00 -5.0000e+00 +1.8397e+00 +5.5200e-01 -2.1457e+00 +1.1499e+00 +3.7892e-01 +0.0000e+00 -1.6926e+00 -1.4647e+00 +2.9445e+00 -1.8394e+00
2003 +1.107458577e+01 +1.107458577e+01 -1.417541423e+01 -1.417541423e+01 +3.0831e+00 +9.9970e-01 -1.4534e+00 -1.8896e+00 +3.1184e+00 -3.2380e-01 -3.5693e+00 -1.5181e+00 +1.6118e+00 -2.0688e+00 +2.3246e+00 +1.4569e+00 -1.0187e+00 +1.3882e+00 +3.9463e+00 +6.6052e-01 -1.1333e+00 -1.2687e+00 +9.3088e-01 -1.0811e+00
2403 +8.556134718e+00 +8.556134718e+00 -1.669386528e+01 -1.669386528e+01 +2.9765e+00 +1.1432e+00 -1.6692e+00 -1.6797e+00 +3.0693e+00 -2.9240e-01 -2.0219e+00 -1.8274e+00 +1.8612e+00 -2.0647e+00 +2.4078e+00 +7.8405e-01 -1.6707e+00 +9.1681e-01 +3.8027e+00 +3.2199e-01 -8.8729e-01 -1.6190e+00 +1.4869e+00 -1.7595e+00
2615 +5.962819086e+00 +5.962819086e+00 -1.928718091e+01 -1.928718091e+01 +3.2759e+00 +1.1772e+00 -1.8358e+00 -1.3127e+00 +3.6844e+00 -1.5807e-01 -1.8288e+00 -1.4846e+00 +2.5646e+00 -3.3381e+00 +2.6051e+00 +1.2571e+00 -2.7707e+00 +7.3395e-01 +1.9808e+00 +6.5907e-01 -1.0664e+00 -2.2763e+00 +7.9696e-01 -1.0612e+00
2804 +3.565972918e+00 +3.565972918e+00 -2.168402708e+01 -2.168402708e+01 +3.4300e+00 +1.2443e+00 -2.5524e+00 -2.0594e+00 +2.8618e+00 -2.5100e-01 -2.2102e+00 -1.3992e+00 +1.0578e+00 -2.9235e+00 +2.4578e+00 +1.1970e+00 -3.1689e+00 +4.3884e-01 +2.1334e+00 +7.1412e-01 -7.8663e-01 -1.5493e+00 -1.5147e-01 -6.8363e-01
3028 +2.406648687e+00 +2.406648687e+00 -2.284335131e+01 -2.284335131e+01 +3.5508e+00 +1.4038e+00 -2.0399e+00 -2.2713e+00 +3.1230e+00 -3.1262e-01 -2.9224e+00 -1.6866e+00 +1.7795e+00 -2.8626e+00 +2.7673e+00 +9.2849e-01 -2.6617e+00 -2.6101e-01 +2.4973e+00 +7.6252e-01 -7.9794e-01 -1.6886e+00 +7.2606e-01 -1.1054e+00
3256 +1.369111057e+00 +1.369111057e+00 -2.388088894e+01 -2.388088894e+01 +3.5888e+00 +9.7552e-01 -1.4746e+00 -2.1103e+00 +2.8050e+00 -4.7992e-01 -2.1159e+00 -1.4043e+00 +1.5693e+00 -2.4304e+00 +2.6846e+00 +9.1991e-01 -2.4070e+00 -1.4039e-02 +1.9670e+00 +2.7070e-01 -7.7707e-01 -7.2556e-01 +3.6540e-01 -1.1244e+00
3649 +9.315810826e-01 +9.315810826e-01 -2.431841892e+01 -2.431841892e+01 +3.6948e+00 +9.2831e-01 -1.3708e+00 -2.2037e+00 +3.0513e+00 -2.2440e-01 -2.6756e+00 -1.7572e+00 +1.3802e+00 -2.3113e+00 +2.9950e+00 +1.1585e+00 -2.3083e+00 +6.0789e-02 +1.9078e+00 +1.6891e-01 -5.8139e-01 -1.3379e+00 +9.4559e-01 -1.1266e+00
4109 +6.282276736e-01 +6.282276736e-01 -2.462177233e+01 -2.462177233e+01 +3.8078e+00 +9.5713e-01 -1.4244e+00 -2.3655e+00 +3.0289e+00 -1.2413e-01 -2.6717e+00 -1.7538e+00 +1.1809e+00 -2.4054e+00 +2.6377e+00 +1.2435e+00 -2.2600e+00 +3.4405e-02 +1.9894e+00 +1.8581e-01 -8.4773e-01 -1.4704e+00 +5.3762e-01 -1.2092e+00
4409 +3.896289187e-01 +3.896289187e-01 -2.486037108e+01 -2.486037108e+01 +3.7748e+00 +5.9361e-01 -1.3358e+00 -1.9578e+00 +3.2436e+00 -1.9960e-02 -2.4726e+00 -1.7016e+00 +1.1290e+00 -2.4710e+00 +2.8380e+00 +1.2053e+00 -2.5671e+00 -1.9797e-02 +2.0909e+00 +1.6226e-01 -7.3516e-01 -1.0224e+00 +5.8752e-01 -1.1876e+00
4828 +2.430935704e-01 +2.430935704e-01 -2.500690643e+01 -2.500690643e+01 +3.7645e+00 +7.6837e-01 -1.3906e+00 -2.0676e+00 +3.1582e+00 -9.0862e-02 -2.5296e+00 -1.6788e+00 +1.3099e+00 -2.4682e+00 +2.8445e+00 +1.1309e+00 -2.5865e+00 +7.9255e-03 +2.1651e+00 +1.9545e-01 -6.3951e-01 -1.2195e+00 +5.3950e-01 -1.1591e+00
% function evaluation | noise-free fitness - Fopt (-2.017200000000e+02) | best noise-free fitness - Fopt | measured fitness | best measured fitness | x1 | x2...
1 +1.539239744e+02 +1.539239744e+02 -4.779602562e+01 -4.779602562e+01 +3.3911e-02 -4.3993e+00 -3.7754e+00 +1.1717e+00 +4.2329e+00 +5.8119e-01 +2.4682e-01 +4.0406e+00 +4.8959e+00 +3.9667e+00 +1.0486e+00 -1.4959e+00 -2.2728e+00 -2.9967e+00 +1.6794e-02 +1.6626e+00 -4.7754e+00 +1.1543e+00 -2.0130e+00 -1.5904e+00
71 +7.885160595e+01 +7.885160595e+01 -1.228683941e+02 -1.228683941e+02 +2.2129e+00 -3.0119e+00 +9.6137e-02 +4.1244e+00 +4.2705e+00 +2.1270e+00 -2.7491e+00 +2.7357e+00 -3.2056e+00 -2.8221e+00 -9.2913e-01 +8.8002e-01 -3.6168e+00 +6.8895e-01 -3.5053e+00 -2.2746e+00 +1.7323e+00 -5.7320e-01 -1.8936e+00 -1.7576e+00
589 +5.962230078e+01 +5.962230078e+01 -1.420976992e+02 -1.420976992e+02 +5.9001e-01 -2.5734e+00 -1.0468e+00 +5.3419e-01 +2.4728e+00 -8.3975e-01 -1.4303e+00 +2.1103e+00 -1.4465e+00 -4.4605e+00 -6.1682e-01 +1.5801e+00 -5.0000e+00 +1.3461e+00 -3.9459e+00 -9.8991e-01 +5.1948e-02 +1.5719e+00 -9.6477e-01 -1.9731e+00
1031 +3.930959563e+01 +3.930959563e+01 -1.624104044e+02 -1.624104044e+02 -1.2848e+00 -4.9759e+00 +7.9631e-02 +2.0034e+00 +1.4634e-01 -3.9742e-01 +2.8022e-01 +3.3752e+00 +0.0000e+00 -1.9008e+00 +7.1600e-01 +6.9571e-01 -4.1817e+00 -1.3475e+00 -3.3395e+00 +9.6262e-01 +0.0000e+00 +3.1907e+00 -2.7913e+00 -1.8334e+00
1505 +1.982465577e+01 +1.982465577e+01 -1.818953442e+02 -1.818953442e+02 -1.4498e+00 -3.6130e+00 -6.7809e-01 +3.2104e+00 +1.9154e+00 +1.3667e+00 -6.0302e-01 +2.5129e+00 -7.0296e-01 -3.8756e+00 +3.2242e+00 +1.1123e+00 -4.9386e+00 +4.8271e-01 -2.4239e+00 +1.5893e+00 -4.5112e-01 +6.3490e-01 -1.5745e+00 -1.7476e+00
1849 +1.474519308e+01 +1.474519308e+01 -1.869748069e+02 -1.869748069e+02 -1.4064e+00 -3.5676e+00 -7.2961e-01 +2.8667e+00 +1.7247e+00 +6.8179e-01 -1.5876e+00 +3.1106e+00 -1.5080e+00 -4.2808e+00 +4.2231e+00 +1.1403e+00 -4.7895e+00 -3.5113e-01 -8.6524e-01 +1.8833e+00 +4.9944e-01 +1.1294e+00 -2.3636e+00 -1.3848e+00
2632 +9.947353929e+00 +9.947353929e+00 -1.917726461e+02 -1.917726461e+02 -1.1972e+00 -1.8755e+00 -8.4044e-01 +2.6576e+00 +2.4231e+00 -1.6612e-03 -2.0062e+00 +3.0009e+00 -7.7871e-01 -4.3213e+00 +3.2151e+00 -1.1987e-01 -3.8325e+00 -1.1934e+00 -2.4124e+00 +2.3273e+00 +1.3918e+00 +1.8839e+00 -2.7951e+00 -1.8792e+00
3028 +6.135390869e+00 +6.135390869e+00 -1.955846091e+02 -1.955846091e+02 -1.8308e+00 -2.9235e+00 -9.5638e-01 +2.3344e+00 +2.6537e+00 +6.4130e-01 -2.1309e+00 +3.5526e+00 -1.1186e+00 -4.2775e+00 +3.6875e+00 -7.5256e-01 -3.9296e+00 -3.6963e-01 -1.8883e+00 +9.5877e-01 +5.4639e-01 +7.4475e-01 -3.5943e+00 -1.2752e+00
3057 +3.682016105e+00 +3.682016105e+00 -1.980379839e+02 -1.980379839e+02 -1.4682e+00 -3.2694e+00 -9.9897e-01 +2.7666e+00 +1.7620e+00 +8.5828e-01 -2.5918e+00 +2.7397e+00 -5.6507e-01 -3.2023e+00 +3.6771e+00 +1.9963e-01 -3.7874e+00 -3.4749e-01 -2.3342e+00 +9.5432e-01 +4.9352e-01 +5.5088e-01 -3.5868e+00 -9.6698e-01
3710 +2.279317880e+00 +2.279317880e+00 -1.994406821e+02 -1.994406821e+02 -1.3432e+00 -3.2310e+00 -9.8772e-01 +2.4733e+00 +1.5155e+00 +4.8423e-01 -2.7753e+00 +3.3719e+00 -4.1131e-01 -3.1718e+00 +3.8007e+00 -2.7824e-01 -3.2745e+00 -5.1786e-01 -2.0785e+00 +1.0822e+00 +4.3198e-01 +3.5674e-01 -3.5780e+00 -1.0858e+00
4066 +1.548951200e+00 +1.548951200e+00 -2.001710488e+02 -2.001710488e+02 -1.3692e+00 -3.2685e+00 -9.9458e-01 +2.3559e+00 +2.0393e+00 +5.8565e-01 -2.1556e+00 +3.4426e+00 -3.8848e-01 -3.1195e+00 +3.8372e+00 +3.9367e-01 -2.9671e+00 -7.4395e-01 -2.2909e+00 +1.0799e+00 +4.2166e-01 +3.9010e-01 -3.6309e+00 -1.5070e+00
4612 +9.807056616e-01 +9.807056616e-01 -2.007392943e+02 -2.007392943e+02 -1.4242e+00 -3.0114e+00 -1.0775e+00 +2.4044e+00 +1.6909e+00 +4.4614e-01 -2.3277e+00 +3.2104e+00 -2.4085e-01 -3.2135e+00 +3.8408e+00 +1.8527e-01 -3.1907e+00 -4.0291e-01 -1.9057e+00 +1.3021e+00 +4.4169e-01 +3.0485e-01 -3.6887e+00 -1.5890e+00
% function evaluation | noise-free fitness - Fopt (-1.000000000000e+03) | best noise-free fitness - Fopt | measured fitness | best measured fitness | x1 | x2...
1 +3.047712484e+02 +3.047712484e+02 -6.952287516e+02 -6.952287516e+02 +4.7246e-01 +1.6687e-01 -2.0403e+00 +3.5335e+00 +4.7621e+00 -1.2998e+00 -9.4589e-01 +3.5584e+00 +1.0684e+00 +1.7979e+00 -2.0055e+00 +2.6842e+00 -2.5459e+00 +4.8547e+00 -3.5103e+00 -2.6620e+00 -2.5831e+00 +3.1481e+00 -4.2441e+00 -4.2183e-02
4 +2.503973063e+02 +2.503973063e+02 -7.496026937e+02 -7.496026937e+02 -4.4539e+00 -3.8170e+00 -1.8923e+00 +3.9853e-01 +4.5630e-02 +2.1261e+00 +3.4363e+00 -2.2030e+00 +4.3198e+00 +2.1300e+00 -6.6735e-01 -3.5215e+00 +3.0427e+00 +4.1305e+00 -3.7056e+00 -1.7869e+00 +2.1696e+00 -1.9741e+00 -4.4409e+00 +1.5907e-01
21 +1.509439475e+02 +1.509439475e+02 -8.490560525e+02 -8.490560525e+02 +3.0328e+00 +3.2739e+00 -3.2167e+00 +2.9904e+00 +4.6150e+00 +4.3812e+00 +2.6720e+00 -4.2927e+00 -1.4081e+00 -1.4293e+00 -2.1829e+00 -9.8853e-01 +1.1659e+00 -2.2504e+00 +4.9720e-01 +4.1448e+00 -3.8017e+00 +3.5359e+00 +6.8774e-01 +2.2179e+00
268 +8.741578838e+01 +8.741578838e+01 -9.125842116e+02 -9.125842116e+02 -2.2474e+00 -4.4977e-01 -3.3701e+00 +1.2108e+00 -5.1893e-01 +1.8542e+00 -3.5156e-01 -1.0077e+00 -2.8028e+00 +1.3286e+00 +5.5909e-01 -1.4064e+00 +3.5585e+00 +1.5379e+00 +1.7136e+00 +1.8155e+00 +2.6612e+00 -4.5490e-01 -1.1164e+00 +4.2845e-01
630 +4.803753068e+01 +4.803753068e+01 -9.519624693e+02 -9.519624693e+02 -8.1224e-01 -1.6211e+00 +1.5518e-01 -2.3620e+00 +2.9447e+00 +1.6373e+00 -8.9503e-01 -4.1598e+00 -3.6742e+00 +2.6391e+00 -3.0323e+00 -3.6604e+00 -1.7575e+00 -1.8198e+00 -4.6789e-01 +2.3569e+00 +3.3460e+00 -1.9089e+00 +1.6654e+00 +1.5395e+00
934 +3.486469671e+01 +3.486469671e+01 -9.651353033e+02 -9.651353033e+02 +2.4388e-01 +0.0000e+00 -2.0765e+00 -1.1409e+00 +4.3547e+00 +2.0876e+00 +7.4369e-01 -5.0000e+00 -4.5203e+00 +6.2524e-01 -2.0413e+00 -3.6252e+00 +8.4020e-02 -1.2138e+00 +0.0000e+00 +3.8547e+00 +0.0000e+00 -2.0324e-01 +1.3988e-01 +2.2638e+00
1572 +2.060138232e+01 +2.060138232e+01 -9.793986177e+02 -9.793986177e+02 +7.7378e-01 -1.3758e+00 +7.5457e-01 -1.3701e+00 +4.0904e+00 -9.3062e-02 +2.1031e+00 -5.0000e+00 -4.1344e+00 +4.0495e+00 -2.2112e+00 -3.3429e+00 +1.4905e+00 +3.0994e-01 +3.0659e+00 +2.5322e+00 +2.2430e+00 +4.6255e-01 +1.1500e+00 +7.7072e-01
1827 +1.371834194e+01 +1.371834194e+01 -9.862816581e+02 -9.862816581e+02 +4.1087e-02 +6.9582e-01 +4.3252e-01 -1.8982e+00 +3.5200e+00 +3.9048e-01 +2.4556e+00 -4.1704e+00 -3.0402e+00 +4.3441e+00 -1.1961e+00 -2.1459e+00 +1.3197e+00 -7.3835e-02 +2.8213e+00 +3.2465e+00 +2.5492e+00 +2.8250e-01 +8.1201e-01 +2.4053e+00
2404 +9.326008840e+00 +9.326008840e+00 -9.906739912e+02 -9.906739912e+02 -8.7848e-01 -2.5824e-01 -9.4281e-02 -6.0742e-01 +3.8550e+00 -1.6516e+00 +1.7516e+00 -4.3094e+00 -3.9303e+00 +3.9168e+00 -2.3052e+00 -3.7490e+00 +1.0564e+00 -1.3796e+00 +2.6114e+00 +2.7467e+00 +8.9135e-01 -7.5336e-01 +1.1064e+00 +2.2618e+00
2914 +6.133062074e+00 +6.133062074e+00 -9.938669379e+02 -9.938669379e+02 -1.5139e-01 -3.6658e-01 +5.7465e-01 +1.1090e-01 +4.0394e+00 -1.3276e+00 +3.4171e-01 -4.3537e+00 -3.8364e+00 +3.5579e+00 -1.7314e+00 -3.1408e+00 +1.2038e+00 -5.3387e-01 +2.5417e+00 +2.7955e+00 +1.0163e+00 -1.7840e-01 +5.7261e-01 +2.2030e+00
3237 +3.841421418e+00 +3.841421418e+00 -9.961585786e+02 -9.961585786e+02 +3.4630e-01 -3.8018e-01 +6.0503e-01 -3.4932e-01 +3.7357e+00 -8.7894e-01 +6.6510e-01 -4.0456e+00 -3.8409e+00 +3.9214e+00 -1.4965e+00 -3.3105e+00 +1.5278e+00 +1.3231e-02 +1.9495e+00 +2.9939e+00 +1.0563e+00 -2.9181e-01 +8.2009e-01 +2.5794e+00
3403 +2.237607641e+00 +2.237607641e+00 -9.977623924e+02 -9.977623924e+02 -2.2740e-01 +6.3592e-01 +6.7815e-02 +1.1558e-01 +3.8585e+00 -1.2835e+00 +1.0082e+00 -4.4809e+00 -3.8208e+00 +4.0584e+00 -9.6905e-01 -3.3011e+00 +1.2987e+00 -4.0606e-01 +1.7291e+00 +2.8467e+00 +1.0954e+00 -3.7591e-02 +9.9389e-01 +2.8283e+00
3756 +1.539273197e+00 +1.539273197e+00 -9.984607268e+02 -9.984607268e+02 -3.5302e-01 +2.1822e-01 +3.2503e-01 +4.9487e-01 +3.5550e+00 -8.2143e-01 +1.1516e+00 -4.2832e+00 -3.7745e+00 +4.0952e+00 -1.2719e-01 -3.9109e+00 +8.5614e-01 -3.9946e-01 +1.6531e+00 +3.0096e+00 +1.2888e+00 +5.2700e-02 +1.1801e+00 +2.5732e+00
3897 +9.017643422e-01 +9.017643422e-01 -9.990982357e+02 -9.990982357e+02 -2.2695e-01 +3.6476e-01 +3.3663e-01 +2.6637e-01 +3.5086e+00 -6.9246e-01 +1.1167e+00 -4.2475e+00 -3.8082e+00 +3.8887e+00 -4.0775e-01 -3.6510e+00 +7.1263e-01 -6.3044e-01 +1.6220e+00 +3.0751e+00 +1.2621e+00 +1.3884e-02 +1.1506e+00 +2.4981e+00
4222 +6.130501344e-01 +6.130501344e-01 -9.993869499e+02 -9.993869499e+02 -2.4018e-01 +1.0818e-01 -3.2781e-02 +9.9742e-02 +3.5358e+00 -7.1198e-01 +1.1754e+00 -4.2654e+00 -3.8137e+00 +3.8332e+00 -5.4997e-01 -3.5735e+00 +7.7873e-01 -4.1588e-01 +1.5885e+00 +3.1588e+00 +1.0979e+00 -3.7878e-02 +1.2368e+00 +2.5383e+00
% function evaluation | noise-free fitness - Fopt (-4.290000000000e+01) | best noise-free fitness - Fopt | measured fitness | best measured fitness | x1 | x2...
1 +3.200768566e+02 +3.200768566e+02 +2.771768566e+02 +2.771768566e+02 -4.8664e+00 +1.2635e+00 -2.6822e-02 +2.4579e+00 +3.4567e+00 +2.4113e+00 -4.0851e+00 -2.8381e+00 +2.2018e+00 +3.1732e+00 -1.4339e+00 +6.2272e-01 +1.2683e+00 -2.5006e+00 +1.7020e+00 +4.8265e+00 -7.7190e-01 -2.4881e+00 -4.7168e-01 -9.1330e-01
6 +1.548935451e+02 +1.548935451e+02 +1.119935451e+02 +1.119935451e+02 -1.7143e+00 +3.5037e-01 +4.9748e+00 -2.2163e+00 -4.3348e-01 +6.0240e-01 +1.5007e+00 -1.7842e+00 -1.9822e+00 -7.9067e-01 +4.5832e+00 +2.3363e+00 +1.0342e+00 +9.4947e-01 +3.9167e+00 -5.8564e-01 -1.3334e+00 +3.5893e+00 +3.2772e+00 +4.1881e+00
214 +7.037493780e+01 +7.037493780e+01 +2.747493780e+01 +2.747493780e+01 +2.6399e+00 +2.0091e+00 +3.1002e+00 +1.2410e-01 +2.1213e+00 -1.8838e+00 -1.4131e+00 +2.1170e-01 +1.4445e+00 -6.1406e-01 +2.5586e+00 -3.9207e+00 +3.3955e-01 -4.3994e+00 +3.6701e+00 -2.4685e-01 +1.3491e+00 -2.8324e+00 +1.4287e+00 -1.1204e-01
544 +5.997395657e+01 +5.997395657e+01 +1.707395657e+01 +1.707395657e+01 +2.3299e+00 +8.0532e-01 +3.8150e+00 +2.1197e+00 +5.1567e-01 -1.8447e+00 +5.7051e-01 +1.3084e+00 +1.4695e+00 -1.3019e+00 +3.1480e+00 -2.5133e+00 +0.0000e+00 -4.5080e+00 +1.1551e+00 -1.4962e+00 +2.3366e+00 -2.7839e+00 -3.7937e-03 -2.8525e-01
1222 +3.253448062e+01 +3.253448062e+01 -1.036551938e+01 -1.036551938e+01 +2.1852e+00 +2.9143e+00 +2.5175e+00 -2.3927e+00 +2.3225e-02 -1.9129e+00 -1.7629e-01 -1.3143e-01 +1.7256e+00 -5.0000e+00 +2.5683e+00 -1.4190e+00 +3.2973e+00 -4.4202e+00 +1.7486e+00 -2.7148e+00 -7.7724e-01 -1.1479e+00 +2.5412e+00 +2.3151e+00
1605 +2.052418178e+01 +2.052418178e+01 -2.237581822e+01 -2.237581822e+01 +3.6919e+00 +3.3089e+00 +2.6153e+00 -5.0977e-01 -1.8940e+00 -2.3134e+00 +1.8214e+00 +2.1007e-01 +3.9862e+00 -3.1176e+00 +4.0543e+00 -1.4352e+00 +2.6687e+00 -4.8666e+00 +5.7200e-01 -1.6844e+00 -9.3685e-01 -2.4275e-01 +3.8885e+00 +2.9495e+00
2068 +1.486839907e+01 +1.486839907e+01 -2.803160093e+01 -2.803160093e+01 +3.1874e+00 +3.3353e-01 +3.2676e+00 -3.3489e-01 -1.8646e+00 -2.4366e+00 +1.4464e+00 +6.1962e-01 +3.6013e+00 -3.4970e+00 +3.9298e+00 -1.5133e+00 +1.5967e+00 -4.8514e+00 -1.0156e-01 -1.5589e+00 -1.5848e+00 -1.9773e+00 +3.1482e+00 +2.9948e+00
2388 +9.924269500e+00 +9.924269500e+00 -3.297573050e+01 -3.297573050e+01 +4.1292e+00 +2.0823e+00 +3.7385e+00 -1.6704e+00 -2.5158e+00 -8.2289e-01 +1.2049e+00 -3.2197e-01 +3.0110e+00 -3.5020e+00 +3.9896e+00 -1.6973e+00 +3.9925e-01 -4.9485e+00 -2.3795e-01 -9.6172e-01 -9.8624e-01 -1.3041e+00 +2.8437e+00 +3.6903e+00
2966 +5.803592439e+00 +5.803592439e+00 -3.709640756e+01 -3.709640756e+01 +3.0526e+00 +2.0281e+00 +3.4267e+00 -7.9724e-01 -2.7186e+00 -2.1256e+00 +2.2893e-01 +2.3197e-01 +3.1164e+00 -3.1428e+00 +4.0076e+00 -1.4137e+00 +1.6444e-01 -4.9853e+00 +7.6736e-01 -1.6455e+00 -1.0514e+00 -1.8422e+00 +2.9404e+00 +3.8172e+00
3499 +3.689628062e+00 +3.689628062e+00 -3.921037194e+01 -3.921037194e+01 +2.5659e+00 +2.6661e+00 +4.0553e+00 -5.5335e-01 -2.8767e+00 -1.8734e+00 +7.3746e-01 +3.0695e-01 +3.1864e+00 -3.1961e+00 +3.6623e+00 -1.6903e+00 +1.4847e-01 -4.3829e+00 +7.4503e-01 -6.7341e-01 -9.7264e-01 -1.7815e+00 +3.3748e+00 +3.4645e+00
3830 +2.161150867e+00 +2.161150867e+00 -4.073884913e+01 -4.073884913e+01 +2.7348e+00 +2.8107e+00 +4.1211e+00 -8.9408e-01 -2.7706e+00 -1.9421e+00 +7.4354e-01 +6.0971e-02 +3.2937e+00 -3.2217e+00 +3.7507e+00 -1.8370e+00 +1.6369e-01 -4.0321e+00 +5.7921e-01 -1.2939e+00 -9.2802e-01 -1.9339e+00 +3.2986e+00 +3.4416e+00
4198 +1.560478603e+00 +1.560478603e+00 -4.133952140e+01 -4.133952140e+01 +3.1108e+00 +2.8114e+00 +4.2752e+00 -9.9095e-01 -2.8298e+00 -2.0906e+00 +7.0092e-01 +8.4797e-02 +2.9376e+00 -3.3165e+00 +3.8514e+00 -1.8866e+00 +1.8064e-01 -4.0412e+00 +5.8077e-01 -1.3425e+00 -9.9528e-01 -1.8276e+00 +2.8374e+00 +2.6182e+00
4427 +9.792609683e-01 +9.792609683e-01 -4.192073903e+01 -4.192073903e+01 +2.7343e+00 +2.7002e+00 +4.1656e+00 -1.0078e+00 -2.7998e+00 -1.9525e+00 +7.0722e-01 +9.2900e-02 +2.7699e+00 -3.3232e+00 +3.9260e+00 -2.0038e+00 +1.0272e-01 -4.0131e+00 +5.8065e-01 -1.3867e+00 -9.6783e-01 -1.9493e+00 +2.8146e+00 +2.5502e+00
% function evaluation | noise-free fitness - Fopt (-1.013200000000e+02) | best noise-free fitness - Fopt | measured fitness | best measured fitness | x1 | x2...
1 +2.634839324e+02 +2.634839324e+02 +1.621639324e+02 +1.621639324e+02 -4.1985e+00 -1.5256e-01 +4.0665e+00 -1.8520e+00 -4.1241e+00 -2.4099e+00 -4.0052e+00 +1.0746e+00 -1.2540e+00 +1.6868e+00 -3.4397e+00 +2.5280e+00 -4.0070e+00 +2.8953e+00 +2.3001e+00 +9.2462e-01 +3.8748e+00 +2.3713e-01 -4.9365e+00 +2.8673e+00
10 +2.311583555e+02 +2.311583555e+02 +1.298383555e+02 +1.298383555e+02 +3.6656e+00 -2.2119e+00 -3.3127e+00 -4.9323e+00 +3.7435e+00 +1.1312e+00 +4.7547e+00 -6.4407e-01 -3.7127e+00 -3.0890e+00 -4.4786e+00 -3.2680e+00 -4.5936e+00 +2.2886e+00 +6.9802e-01 -2.9836e-01 -4.7939e+00 -7.3199e-01 -2.9330e+00 -3.9784e+00
41 +1.582414587e+02 +1.582414587e+02 +5.692145873e+01 +5.692145873e+01 +1.3118e+00 +1.8747e+00 -1.3173e+00 -9.4972e-02 +2.0900e+00 -1.3557e+00 +2.1523e+00 -3.3279e+00 -7.9263e-01 +2.3921e+00 -1.6776e-01 +3.3979e+00 -2.7898e+00 +3.9964e+00 -4.9393e+00 +1.9196e+00 -2.7355e+00 -1.6901e+00 -1.7923e+00 +4.5033e+00
201 +5.826801879e+01 +5.826801879e+01 -4.305198121e+01 -4.305198121e+01 -5.7614e-02 +4.3482e-01 +5.0000e+00 -5.0000e+00 -5.0000e+00 +3.6612e-01 +9.9479e-01 -1.5446e+00 -4.4550e+00 +3.3066e+00 +1.5603e+00 -2.4720e+00 +9.9298e-01 +1.4287e+00 +1.4962e+00 -2.7135e+00 -1.1252e+00 -3.1977e+00 +6.3517e-02 -2.1131e-01
634 +3.645936077e+01 +3.645936077e+01 -6.486063923e+01 -6.486063923e+01 +1.0964e+00 +1.5842e+00 +4.8999e+00 -1.9557e+00 -5.9892e-01 +6.8183e-01 +4.2184e+00 -2.8769e+00 -4.4314e+00 +2.9001e+00 +0.0000e+00 -4.0525e+00 -1.3354e+00 +1.9932e+00 -5.4603e-01 -2.0204e+00 -2.4161e+00 +0.0000e+00 -1.9250e-01 +1.3304e+00
1602 +2.366505576e+01 +2.366505576e+01 -7.765494424e+01 -7.765494424e+01 +9.2830e-01 +2.0419e+00 +1.5167e+00 -1.3793e+00 -4.3779e+00 +7.2507e-02 +3.8527e+00 -3.5559e+00 -1.7691e+00 +3.6431e+00 -3.6107e-01 -3.4372e+00 -2.6817e+00 +3.1436e+00 +1.4053e+00 -2.9150e+00 -3.6200e+00 -2.3379e+00 -4.9596e-01 +2.4642e+00
1882 +1.483868360e+01 +1.483868360e+01 -8.648131640e+01 -8.648131640e+01 +2.8283e+00 +2.1018e+00 +3.2805e-01 -1.8850e+00 -2.6896e+00 -9.9797e-01 +3.8046e+00 -2.5158e+00 -1.8180e+00 +2.9738e+00 +2.9388e-01 -2.8635e+00 -1.0183e+00 +4.0678e+00 -6.1070e-01 -8.9703e-01 -3.8362e+00 -2.4885e+00 -9.5915e-01 +9.6461e-01
2345 +8.154822161e+00 +8.154822161e+00 -9.316517784e+01 -9.316517784e+01 +1.4390e+00 +1.4137e+00 +1.4480e+00 -3.5307e+00 -2.2276e+00 -1.3719e+00 +3.6701e+00 -2.2689e+00 -3.4344e+00 +3.4471e+00 +1.0679e+00 -3.3641e+00 -1.4444e+00 +3.5267e+00 +2.6741e-01 -1.5889e+00 -4.2150e+00 -9.4240e-01 -2.1861e+00 +7.2806e-01
2806 +5.684095028e+00 +5.684095028e+00 -9.563590497e+01 -9.563590497e+01 +1.7335e+00 +2.0278e+00 +2.2115e+00 -3.2399e+00 -2.1617e+00 -1.0488e+00 +3.6966e+00 -2.3198e+00 -2.8630e+00 +3.4461e+00 +7.1390e-01 -3.0099e+00 -1.1281e+00 +3.1356e+00 +9.2209e-01 -2.4857e+00 -4.4980e+00 -1.1943e+00 -1.8079e+00 +5.8156e-01
3230 +3.782836704e+00 +3.782836704e+00 -9.753716330e+01 -9.753716330e+01 +1.9788e+00 +1.9307e+00 +1.5209e+00 -2.7985e+00 -2.5961e+00 -6.9544e-01 +3.7233e+00 -2.1793e+00 -3.3089e+00 +2.9890e+00 +8.5435e-01 -2.7543e+00 -1.0966e+00 +3.3064e+00 +3.4103e-01 -2.0412e+00 -3.5683e+00 -1.5862e+00 -1.0048e+00 +1.1145e+00
3611 +2.296100180e+00 +2.296100180e+00 -9.902389982e+01 -9.902389982e+01 +1.9407e+00 +2.1096e+00 +1.7943e+00 -2.8065e+00 -3.2367e+00 -1.3736e+00 +3.6291e+00 -2.1871e+00 -3.3723e+00 +2.7244e+00 +7.1805e-01 -2.8409e+00 -9.3197e-01 +3.2100e+00 +6.5978e-01 -1.9423e+00 -3.3482e+00 -7.8315e-01 -1.3842e+00 +1.4505e+00
4001 +1.472231111e+00 +1.472231111e+00 -9.984776889e+01 -9.984776889e+01 +1.8833e+00 +2.4133e+00 +1.6375e+00 -2.8586e+00 -3.0629e+00 -1.1137e+00 +3.4029e+00 -2.5135e+00 -3.3197e+00 +2.2939e+00 +1.2713e+00 -2.5772e+00 -7.6339e-01 +3.3559e+00 +5.6759e-01 -1.8479e+00 -3.6387e+00 -9.8430e-01 -6.3231e-01 +1.0787e+00
4332 +9.945805743e-01 +9.945805743e-01 -1.003254194e+02 -1.003254194e+02 +1.8442e+00 +2.4583e+00 +1.7026e+00 -2.6212e+00 -3.2269e+00 -1.2113e+00 +3.3660e+00 -2.5339e+00 -3.3435e+00 +2.4389e+00 +7.0596e-01 -2.6493e+00 -8.0648e-01 +3.3532e+00 +5.6458e-01 -1.8615e+00 -3.5901e+00 -9.8726e-01 -9.9538e-01 +1.2148e+00
4619 +6.277109505e-01 +6.277109505e-01 -1.006922890e+02 -1.006922890e+02 +1.7397e+00 +2.5700e+00 +1.6776e+00 -2.6072e+00 -3.2036e+00 -1.2829e+00 +3.1892e+00 -2.6381e+00 -3.2891e+00 +2.4676e+00 +9.1497e-01 -2.6039e+00 -8.2017e-01 +3.3656e+00 +6.0119e-01 -2.0831e+00 -3.5851e+00 -1.2274e+00 -1.0217e+00 +9.9952e-01
% function evaluation | noise-free fitness - Fopt (3.650000000000e+00) | best noise-free fitness - Fopt | measured fitness | best measured fitness | x1 | x2...
1 +2.508922820e+02 +2.508922820e+02 +2.545422820e+02 +2.545422820e+02 -2.9970e+00 -2.8609e+00 -2.6068e+00 +3.2230e+00 +3.6266e+00 +2.9213e+00 -3.9896e+00 -4.6366e+00 -1.1365e+00 -4.7145e+00 -4.5462e+00 +3.5334e+00 -1.3507e+00 -2.5381e-01 +8.7300e-01 +8.4912e-01 -2.3711e+00 +1.3015e+00 -9.7823e-01 +1.5218e+00
5 +1.074425119e+02 +1.074425119e+02 +1.110925119e+02 +1.110925119e+02 +4.1537e-01 -4.5397e+00 +4.0085e+00 +2.7065e+00 -1.3901e+00 -4.4132e+00 -2.7128e+00 -3.6265e+00 -3.1572e+00 -3.1965e+00 +2.5600e+00 +4.9867e+00 -4.9942e-01 +7.9307e-01 -1.6765e+00 -1.2117e+00 +2.5034e+00 -4.1423e+00 +3.1082e+00 -1.6855e+00
209 +8.395766792e+01 +8.395766792e+01 +8.760766792e+01 +8.760766792e+01 +4.7256e-02 -2.3802e+00 +1.4556e+00 +5.0000e+00 +1.6012e+00 -1.5845e+00 +2.5736e+00 +1.6465e-01 -1.4660e+00 -4.4513e+00 +6.4380e-01 +4.3343e+00 +2.1549e+00 -2.3598e+00 -4.0046e+00 -2.2988e+00 +2.9341e+00 -2.3684e+00 +2.0822e+00 +1.0964e+00
439 +3.678457081e+01 +3.678457081e+01 +4.043457081e+01 +4.043457081e+01 +2.3540e+00 -8.5430e-01 +0.0000e+00 +2.9522e+00 -4.5269e-01 +1.5052e-01 +7.6570e-01 +1.1948e+00 -4.0076e+00 -1.6912e+00 +7.7482e-02 +5.0000e+00 -3.8162e-02 +0.0000e+00 -4.8468e-02 +3.7261e-01 +2.4882e-01 -4.7959e+00 +4.7733e-01 +2.3370e-01
1131 +2.508827596e+01 +2.508827596e+01 +2.873827596e+01 +2.873827596e+01 +1.7449e-01 -2.7679e+00 +1.0532e+00 +3.6804e+00 -2.9957e+00 -2.6320e-01 +2.2101e+00 -1.1880e-01 -2.9970e+00 -2.2283e+00 +9.7270e-01 +5.0000e+00 -5.2789e-01 -1.4621e-02 -3.6640e+00 +1.0496e+00 +1.5787e-01 -2.5957e+00 -8.5347e-01 +1.6061e+00
1460 +1.430087058e+01 +1.430087058e+01 +1.795087058e+01 +1.795087058e+01 +1.1206e+00 -2.4686e+00 +7.6076e-01 +3.7339e+00 -1.5192e+00 -2.8668e+00 +2.1833e+00 +1.0824e+00 -3.9431e+00 -1.5486e+00 +1.7646e-01 +3.9851e+00 +1.3248e-01 +6.2172e-02 -1.0025e+00 +3.3101e+00 -9.3352e-02 -4.0009e+00 +5.0908e-01 +0.0000e+00
2580 +9.508899453e+00 +9.508899453e+00 +1.315889945e+01 +1.315889945e+01 +3.9427e-01 -2.1795e+00 +8.8780e-01 +3.1835e+00 -1.3411e+00 -1.7207e+00 +3.0416e+00 +3.8399e-01 -3.5364e+00 -2.8710e+00 +1.3122e+00 +4.2868e+00 -2.3821e-01 +2.8642e-01 -1.3303e+00 +2.9637e+00 -5.0301e-01 -4.9813e+00 +1.1766e-02 +2.1717e+00
2809 +5.655209598e+00 +5.655209598e+00 +9.305209598e+00 +9.305209598e+00 +5.0701e-01 -2.1222e+00 +8.6105e-01 +3.6460e+00 -2.1469e+00 -1.8219e+00 +2.2904e+00 +6.2248e-01 -3.8616e+00 -2.5787e+00 +1.0844e+00 +3.9555e+00 +5.4647e-01 +4.9773e-01 -1.0577e+00 +2.9356e+00 +2.0997e+00 -4.1844e+00 +1.3501e+00 +3.4987e+00
3240 +3.708082452e+00 +3.708082452e+00 +7.358082452e+00 +7.358082452e+00 +8.6174e-01 -9.4330e-01 +4.9716e-01 +3.7918e+00 -2.1895e+00 -3.4394e+00 +1.2685e+00 +7.2777e-01 -3.8768e+00 -2.5704e+00 +1.4546e+00 +3.5979e+00 -2.6097e-01 +6.8178e-01 -7.8507e-01 +1.9544e+00 -7.5232e-02 -4.1998e+00 +4.2244e-01 +3.1340e+00
3453 +1.910122617e+00 +1.910122617e+00 +5.560122617e+00 +5.560122617e+00 +6.0666e-01 -1.8770e+00 +6.9287e-01 +3.4931e+00 -2.3894e+00 -3.2683e+00 +1.7534e+00 +5.9082e-01 -4.0925e+00 -2.1033e+00 +9.8206e-01 +3.5830e+00 -5.3199e-02 +4.0049e-01 -1.1056e+00 +2.2300e+00 -1.6538e-01 -3.9608e+00 +8.4462e-01 +2.2593e+00
3631 +1.533081861e+00 +1.533081861e+00 +5.183081861e+00 +5.183081861e+00 +9.2284e-01 -2.1260e+00 +6.4969e-01 +3.4500e+00 -2.4990e+00 -3.4303e+00 +2.0947e+00 +5.6354e-01 -4.1054e+00 -2.4298e+00 +1.0232e+00 +3.6037e+00 -5.5139e-02 +3.2746e-01 -1.2506e+00 +2.1923e+00 +5.5317e-01 -4.0129e+00 +8.2360e-01 +2.1878e+00
3856 +9.309132723e-01 +9.309132723e-01 +4.580913272e+00 +4.580913272e+00 +6.1138e-01 -1.9252e+00 +6.7597e-01 +3.5815e+00 -2.2067e+00 -3.2232e+00 +1.4678e+00 +6.6188e-01 -4.0893e+00 -1.8940e+00 +1.0396e+00 +3.6764e+00 +2.6389e-01 +5.4005e-01 -1.2196e+00 +2.2568e+00 +5.5109e-01 -3.8513e+00 +5.7819e-01 +2.4982e+00
4242 +6.247366421e-01 +6.247366421e-01 +4.274736642e+00 +4.274736642e+00 +6.2526e-01 -1.9474e+00 +5.6962e-01 +3.5594e+00 -2.2306e+00 -3.3433e+00 +1.8217e+00 +5.4961e-01 -4.0623e+00 -1.9800e+00 +1.0676e+00 +3.6107e+00 +2.6516e-01 +6.2174e-01 -1.4297e+00 +2.2599e+00 +5.8489e-01 -3.8386e+00 +4.5409e-01 +2.5329e+00
4601 +3.530651135e-01 +3.530651135e-01 +4.003065113e+00 +4.003065113e+00 +5.4673e-01 -2.0287e+00 +5.0502e-01 +3.6314e+00 -2.1707e+00 -3.1003e+00 +1.9866e+00 +6.5043e-01 -4.1172e+00 -1.9954e+00 +1.3609e+00 +3.7230e+00 +2.1342e-01 +6.2185e-01 -1.1982e+00 +2.1928e+00 +7.8272e-01 -3.8774e+00 +4.9900e-01 +2.5427e+00
4801 +2.329455987e-01 +2.329455987e-01 +3.882945599e+00 +3.882945599e+00 +5.4250e-01 -1.9730e+00 +5.0504e-01 +3.6240e+00 -2.1664e+00 -3.0881e+00 +1.9695e+00 +6.3979e-01 -4.1061e+00 -2.0175e+00 +1.3496e+00 +3.6962e+00 +8.1508e-02 +6.8549e-01 -1.2009e+00 +2.0934e+00 +7.7872e-01 -3.8373e+00 +5.6285e-01 +2.6385e+00
% function evaluation | noise-free fitness - Fopt (2.205300000000e+02) | best noise-free fitness - Fopt | measured fitness | best measured fitness | x1 | x2...
1 +4.272755142e+02 +4.272755142e+02 +6.478055142e+02 +6.478055142e+02 +4.1553e+00 +4.6198e+00 -3.0127e+00 -2.7480e+00 -3.2866e+00 -1.5290e+00 -9.9707e-01 +1.5814e+00 +2.7121e+00 +5.7181e-01 +1.7991e+00 -3.1318e+00 +2.7367e+00 -1.4837e+00 +2.6032e+00 +2.5271e+00 -3.9180e+00 -4.7810e+00 -1.2598e+00 -4.9070e+00
2 +1.781779051e+02 +1.781779051e+02 +3.987079051e+02 +3.987079051e+02 +3.8355e+00 -4.9862e+00 +3.7130e+00 -1.5103e+00 +1.8335e+00 -2.8460e+00 +1.5640e+00 +8.6144e-01 -4.9733e+00 +2.0006e+00 -3.6072e+00 +2.0736e+00 +3.7501e+00 +4.8236e+00 -2.1544e-01 -1.9862e+00 -2.1759e+00 +1.6821e+00 -2.6560e+00 +1.6566e-01
70 +1.012875524e+02 +1.012875524e+02 +3.218175524e+02 +3.218175524e+02 +4.4355e+00 -5.1918e-01 -3.6407e-01 +9.6672e-01 +3.3840e+00 -2.8550e+00 -1.3364e-01 +4.2368e+00 -8.8253e-01 -1.1755e+00 -1.9717e-01 +3.5705e-01 -4.6679e+00 +1.4707e+00 -1.5776e-01 +2.3215e-01 +2.5758e+00 +6.4306e-01 +4.0016e+00 -1.7188e+00
333 +9.717206761e+01 +9.717206761e+01 +3.177020676e+02 +3.177020676e+02 +3.6151e+00 -2.2773e+00 +5.4126e-01 +3.5841e+00 +1.2846e+00 -3.3612e+00 +3.9557e-01 +1.0241e+00 -1.1946e+00 +1.9836e+00 -3.1489e+00 -2.4399e+00 -5.7753e-01 +1.9626e+00 -2.1208e+00 -2.6832e+00 +2.7357e+00 -7.8504e-01 +5.0000e+00 +1.5614e-01
670 +4.805503129e+01 +4.805503129e+01 +2.685850313e+02 +2.685850313e+02 +1.1562e+00 -1.2624e+00 +3.1275e+00 -1.8303e-01 +3.3174e+00 -3.7695e+00 -1.0984e+00 +4.7573e+00 -1.6039e+00 +2.8753e+00 -6.6991e-01 +4.0717e+00 -3.0784e+00 +4.6725e+00 -2.6805e+00 -3.4632e+00 -6.2203e-01 +7.4202e-01 +5.0000e+00 +3.3413e+00
1051 +3.233240966e+01 +3.233240966e+01 +2.528624097e+02 +2.528624097e+02 +2.9192e+00 -3.6536e+00 +0.0000e+00 -3.4725e+00 +5.0000e+00 -3.4855e+00 -4.6389e+00 +3.6582e+00 +1.3329e+00 +3.2299e+00 -1.2293e+00 -3.4921e-01 -1.7037e+00 +1.9971e+00 -2.2401e+00 -3.7046e+00 +8.7262e-01 +6.8136e-01 +4.0548e+00 +1.4679e+00
1338 +1.991687268e+01 +1.991687268e+01 +2.404468727e+02 +2.404468727e+02 +1.2259e+00 -3.8830e+00 +2.4168e+00 +1.6182e+00 +2.8945e+00 -2.6915e+00 -3.0508e+00 +2.7810e+00 +8.3524e-01 +3.4723e+00 -8.3099e-02 +1.4031e+00 -2.3272e+00 +1.0758e+00 -1.5361e+00 -2.8944e+00 -1.5027e+00 -1.9770e-01 +2.9881e+00 +2.2738e+00
2196 +1.353235977e+01 +1.353235977e+01 +2.340623598e+02 +2.340623598e+02 +2.0650e+00 -3.3513e+00 +2.0570e+00 +2.7215e-01 +2.7601e+00 -1.7559e+00 -3.1255e+00 +3.4280e+00 +1.6306e+00 +3.7665e+00 +8.2199e-02 +2.0833e-01 -1.9841e+00 +1.7954e+00 -1.7875e+00 -2.8629e+00 -1.0258e+00 +1.1716e+00 +3.0001e+00 +3.6074e+00
2505 +8.861208831e+00 +8.861208831e+00 +2.293912088e+02 +2.293912088e+02 +2.0278e+00 -3.7452e+00 +1.6691e+00 +6.9532e-01 +2.7906e+00 -2.7515e+00 -3.0641e+00 +3.6361e+00 +8.8940e-01 +2.1697e+00 -1.1583e-01 +3.6115e-01 -3.3530e+00 +1.6330e+00 -2.2770e+00 -3.1551e+00 -5.8150e-01 +7.3760e-01 +2.5198e+00 +2.6079e+00
2823 +6.075510691e+00 +6.075510691e+00 +2.266055107e+02 +2.266055107e+02 +1.9216e+00 -3.8584e+00 +1.2759e+00 +1.8220e-01 +2.5590e+00 -2.9028e+00 -3.1944e+00 +3.5184e+00 +5.9577e-02 +3.0649e+00 -2.8905e-01 +9.6417e-01 -3.6540e+00 +1.8729e+00 -2.5539e+00 -2.9302e+00 -3.5373e-01 +1.3710e+00 +2.4440e+00 +2.7849e+00
3046 +3.722226123e+00 +3.722226123e+00 +2.242522261e+02 +2.242522261e+02 +2.3537e+00 -3.6780e+00 +1.4834e+00 +6.8329e-01 +2.5406e+00 -3.0832e+00 -3.0174e+00 +3.5356e+00 +2.6371e-01 +2.6655e+00 -1.0175e+00 +1.0008e+00 -3.4308e+00 +2.5102e+00 -2.6341e+00 -2.7489e+00 -3.8566e-01 +1.4287e+00 +2.3715e+00 +3.1142e+00
3446 +2.503578171e+00 +2.503578171e+00 +2.230335782e+02 +2.230335782e+02 +2.4051e+00 -3.6799e+00 +1.1837e+00 -3.1942e-01 +2.6577e+00 -3.2279e+00 -3.0570e+00 +3.1552e+00 +3.8324e-01 +2.8680e+00 -1.3927e+00 +1.5864e+00 -2.9932e+00 +2.9515e+00 -2.5336e+00 -2.6016e+00 -3.5454e-01 +1.5938e+00 +2.2986e+00 +3.1036e+00
4007 +1.569438684e+00 +1.569438684e+00 +2.220994387e+02 +2.220994387e+02 +2.6317e+00 -3.6077e+00 +1.3297e+00 +1.4784e-01 +3.6597e+00 -3.1435e+00 -3.2284e+00 +3.0439e+00 +8.4096e-01 +3.1814e+00 -1.5595e+00 +1.8158e+00 -3.5710e+00 +2.6396e+00 -2.5316e+00 -2.6832e+00 -5.9519e-01 +1.5483e+00 +2.3033e+00 +3.2851e+00
4410 +9.651828170e-01 +9.651828170e-01 +2.214951828e+02 +2.214951828e+02 +2.8159e+00 -3.6735e+00 +1.3170e+00 +3.2067e-02 +3.6875e+00 -3.1321e+00 -3.2302e+00 +3.1785e+00 +8.8319e-01 +3.1678e+00 -1.4440e+00 +1.4856e+00 -3.6077e+00 +2.6165e+00 -2.4719e+00 -3.0499e+00 -3.6785e-01 +1.5954e+00 +2.2979e+00 +3.0458e+00
4607 +6.062101023e-01 +6.062101023e-01 +2.211362101e+02 +2.211362101e+02 +2.7951e+00 -3.5885e+00 +1.3815e+00 +6.0068e-02 +3.4020e+00 -2.8930e+00 -3.2154e+00 +3.1221e+00 +8.6430e-01 +3.1339e+00 -1.4175e+00 +1.1410e+00 -3.4534e+00 +3.0270e+00 -2.5304e+00 -2.7989e+00 -3.2677e-01 +1.5475e+00 +2.2983e+00 +2.9258e+00
4805 +3.880461376e-01 +3.880461376e-01 +2.209180461e+02 +2.209180461e+02 +2.7833e+00 -3.6441e+00 +1.1312e+00 +7.9513e-02 +3.4803e+00 -2.8812e+00 -3.1874e+00 +3.1809e+00 +8.5183e-01 +3.1459e+00 -1.4230e+00 +1.1495e+00 -2.9629e+00 +2.8324e+00 -2.5254e+00 -2.8009e+00 -3.7851e-01 +1.5419e+00 +2.2677e+00 +2.9413e+00
% function evaluation | noise-free fitness - Fopt (4.212900000000e+02) | best noise-free fitness - Fopt | measured fitness | best measured fitness | x1 | x2...
1 +2.146031844e+02 +2.146031844e+02 +6.358931844e+02 +6.358931844e+02 +4.2235e+00 -2.2101e+00 -1.6404e+00 -3.6706e+00 -4.4559e+00 +1.1950e+00 +6.0541e-02 +8.5877e-01 -4.8289e+00 -3.8785e-01 +1.4614e+00 +2.5246e+00 -3.0062e+00 +6.9075e-01 +4.4550e+00 +1.9643e+00 +3.2564e-01 +2.9119e+00 +1.7968e+00 -1.6104e+00
30 +1.381048755e+02 +1.381048755e+02 +5.593948755e+02 +5.593948755e+02 -2.1086e+00 +1.6972e+00 -1.3425e+00 -4.1753e+00 +3.5971e-01 +4.9969e+00 +1.5964e+00 -3.9001e-01 -9.0950e-02 -2.8657e+00 -2.2777e+00 +1.1828e+00 +1.1854e+00 +2.8451e+00 -1.5080e+00 +5.2301e-01 -4.2761e+00 -2.9336e+00 -1.1793e+00 +3.2899e+00
209 +7.544163416e+01 +7.544163416e+01 +4.967316342e+02 +4.967316342e+02 -5.0000e+00 +1.1312e+00 +3.2617e+00 -5.0000e+00 +1.5106e+00 +2.0149e+00 -2.5936e-01 +1.2648e+00 +2.5261e+00 -1.9767e+00 -1.1454e+00 -4.6792e+00 -1.9207e+00 +1.0821e+00 +4.6750e+00 +2.3854e+00 +2.5983e+00 +3.6076e+00 +2.7748e+00 +1.7935e+00
447 +6.030633529e+01 +6.030633529e+01 +4.815963353e+02 +4.815963353e+02 +9.6294e-01 +2.2653e+00 +7.5382e-01 -4.8910e+00 -1.3032e+00 +3.0073e+00 +1.1200e+00 +1.0599e+00 +1.7145e+00 +0.0000e+00 +5.8303e-01 -1.8947e+00 -1.4878e+00 -4.0919e-01 -3.1979e-01 +3.1009e+00 -3.2219e+00 +2.4911e+00 +3.2010e+00 +1.2256e+00
642 +3.384780661e+01 +3.384780661e+01 +4.551378066e+02 +4.551378066e+02 -4.8543e-01 +1.6506e+00 +0.0000e+00 -3.0637e+00 -1.1623e-01 +3.1899e+00 +3.8899e-01 +2.6872e-01 +4.9060e-01 -2.6528e+00 +9.4471e-01 -1.3796e+00 -5.5538e-04 -2.6115e+00 +3.4006e+00 +3.2871e+00 +0.0000e+00 +1.2754e+00 +1.8393e+00 +0.0000e+00
1409 +2.094706076e+01 +2.094706076e+01 +4.422370608e+02 +4.422370608e+02 -2.1905e+00 +2.7896e+00 -2.5974e-01 -2.2811e+00 -8.2002e-01 +3.0248e+00 +1.4806e+00 +2.6144e+00 +2.4876e+00 -4.5495e-01 +2.1100e-01 -8.0783e-01 -7.5695e-01 -7.9485e-01 +3.2287e+00 +9.6968e-01 -2.9263e+00 +9.0823e-01 +1.7109e+00 +7.2509e-01
1863 +1.515814116e+01 +1.515814116e+01 +4.364481412e+02 +4.364481412e+02 -3.5315e+00 +3.8015e+00 +1.4090e+00 -2.4376e+00 +2.4023e-01 +1.8270e+00 -6.6917e-02 +4.6478e+00 +2.7908e+00 -9.7903e-01 -5.0850e-01 -2.5535e+00 +5.9305e-04 -9.3343e-01 +2.3032e+00 +2.3603e+00 -2.7325e+00 +1.1781e+00 +2.4825e+00 +1.4457e+00
2550 +9.969432513e+00 +9.969432513e+00 +4.312594325e+02 +4.312594325e+02 -3.6248e+00 +3.1426e+00 +1.4586e+00 -2.9654e+00 -1.7732e+00 +1.6104e+00 +1.2260e-01 +3.1841e+00 +2.0480e+00 -6.4242e-01 -1.4234e-01 -2.5433e+00 -8.9794e-01 -2.0129e+00 +2.7453e+00 +3.6451e+00 -2.9429e+00 +7.9433e-01 +2.3016e+00 +1.0634e+00
3035 +6.108321460e+00 +6.108321460e+00 +4.273983215e+02 +4.273983215e+02 -4.2053e+00 +3.1576e+00 +1.6692e+00 -3.0351e+00 -1.2699e+00 +1.8497e+00 +3.5159e-01 +3.1146e+00 +1.4616e+00 -9.2993e-01 +2.3968e-01 -2.2541e+00 -8.7404e-01 -7.5846e-01 +2.2923e+00 +3.5950e+00 -2.1037e+00 +7.5068e-01 +1.2030e+00 +9.2645e-01
3403 +3.764681317e+00 +3.764681317e+00 +4.250546813e+02 +4.250546813e+02 -3.7082e+00 +3.3152e+00 +5.2884e-01 -3.0721e+00 -6.1775e-01 +2.1753e+00 -8.3255e-01 +2.9676e+00 +1.2800e+00 -1.1537e+00 +5.0964e-01 -2.1922e+00 -9.3014e-01 -1.0684e+00 +3.3242e+00 +2.9174e+00 -1.9397e+00 +1.1521e+00 +1.5794e+00 +1.1412e+00
3650 +2.465524478e+00 +2.465524478e+00 +4.237555245e+02 +4.237555245e+02 -3.8789e+00 +2.7665e+00 +5.4295e-01 -3.2786e+00 -8.2025e-01 +2.3425e+00 +6.4697e-02 +2.8735e+00 +1.2802e+00 -1.3353e+00 +1.6953e-01 -1.7216e+00 -8.5115e-01 -1.5656e+00 +3.8016e+00 +3.9204e+00 -2.3534e+00 +1.0872e+00 +1.5994e+00 +9.8452e-01
3978 +1.525248124e+00 +1.525248124e+00 +4.228152481e+02 +4.228152481e+02 -3.8733e+00 +3.1807e+00 +1.2851e+00 -2.9759e+00 -7.2371e-01 +2.4106e+00 +7.3791e-02 +2.9355e+00 +9.9541e-01 -1.2551e+00 +7.9566e-02 -1.9228e+00 -8.5221e-01 -1.1398e+00 +3.7364e+00 +3.8465e+00 -2.0694e+00 +1.0139e+00 +1.6391e+00 +9.3130e-01
4205 +9.237820107e-01 +9.237820107e-01 +4.222137820e+02 +4.222137820e+02 -3.9706e+00 +3.0423e+00 +9.0108e-01 -3.0380e+00 -6.9115e-01 +2.7313e+00 -3.4183e-02 +2.7927e+00 +1.0514e+00 -1.3862e+00 +1.8386e-01 -1.8554e+00 -7.6760e-01 -1.1374e+00 +3.4570e+00 +3.6215e+00 -1.9665e+00 +9.6256e-01 +1.6331e+00 +9.8680e-01
4412 +5.495595346e-01 +5.495595346e-01 +4.218395595e+02 +4.218395595e+02 -3.9179e+00 +3.3994e+00 +1.1465e+00 -3.0268e+00 -6.3122e-01 +2.8134e+00 -1.9591e-02 +2.9914e+00 +1.5588e+00 -1.3598e+00 +1.9421e-01 -1.5009e+00 -7.3738e-01 -1.1016e+00 +3.3446e+00 +3.7853e+00 -1.9271e+00 +9.6831e-01 +1.7484e+00 +1.0331e+00
4604 +3.559763142e-01 +3.559763142e-01 +4.216459763e+02 +4.216459763e+02 -3.8880e+00 +3.1540e+00 +1.2675e+00 -3.0018e+00 -7.0886e-01 +3.0737e+00 +8.5711e-02 +2.9571e+00 +1.3272e+00 -2.0224e+00 +2.8480e-01 -1.6664e+00 -7.7333e-01 -1.1720e+00 +3.4681e+00 +3.6131e+00 -2.0095e+00 +9.6321e-01 +1.6367e+00 +9.4603e-01
% function evaluation | noise-free fitness - Fopt (-7.900000000000e+01) | best noise-free fitness - Fopt | measured fitness | best measured fitness | x1 | x2...
1 +1.886772947e+02 +1.886772947e+02 +1.096772947e+02 +1.096772947e+02 -2.8971e+00 +3.4162e+00 +1.8454e+00 +6.5704e-01 -2.3658e+00 +4.8718e+00 -8.5574e-01 +4.0716e+00 +3.3501e-01 -1.2788e+00 +6.4584e-01 +2.5644e+00 -4.3932e+00 +1.1850e+00 +2.5184e+00 +2.1910e+00 -2.8534e+00 -3.3348e+00 -3.2897e+00 +4.3554e-01
7 +1.455798983e+02 +1.455798983e+02 +6.657989834e+01 +6.657989834e+01 -2.7049e+00 +7.4006e-01 -2.7653e+00 +8.1415e-01 -4.1840e+00 -3.9730e+00 +9.7015e-01 -2.7128e+00 +1.7195e+00 -1.9013e+00 -4.2801e+00 +1.7465e+00 +3.2538e+00 +2.3641e-01 +1.3647e+00 -3.4501e+00 -4.4076e+00 -1.9733e+00 +1.5307e+00 -1.9125e-01
102 +9.563143366e+01 +9.563143366e+01 +1.663143366e+01 +1.663143366e+01 -2.5339e+00 -2.1105e+00 +3.9221e-01 -9.3846e-01 -3.3849e+00 +2.6444e+00 -3.1001e+00 -1.4722e+00 -3.3409e+00 -3.2405e+00 -2.6580e+00 +3.1239e+00 -3.3551e+00 -3.9394e+00 -5.4636e-01 -3.0400e-01 +8.7245e-01 +9.2970e-01 +2.7177e+00 +1.9417e+00
245 +5.226656643e+01 +5.226656643e+01 -2.673343357e+01 -2.673343357e+01 +1.0414e+00 +1.1719e-01 +1.7142e-02 +1.2242e+00 -2.1467e+00 +3.6393e-01 -3.2164e+00 +3.1052e+00 -1.2289e+00 -1.1528e+00 -3.6549e+00 +8.2081e-01 +1.5443e-01 -5.0000e+00 -5.0000e+00 -1.8164e+00 +1.8005e+00 +6.5423e-01 +7.4627e-01 +2.0410e+00
497 +3.800609388e+01 +3.800609388e+01 -4.099390612e+01 -4.099390612e+01 -5.0000e+00 +4.6761e-01 -2.0864e-01 -2.8414e-01 -7.4811e-01 +1.2916e-01 -3.1498e+00 -1.0540e+00 +0.0000e+00 +0.0000e+00 -2.2170e+00 +1.6418e+00 +3.5761e-03 -4.1010e+00 -3.8889e+00 -1.6568e+00 +7.8138e-01 +1.3961e+00 -1.6095e+00 +3.0549e+00
1114 +2.242785543e+01 +2.242785543e+01 -5.657214457e+01 -5.657214457e+01 -3.1870e+00 +8.9617e-01 +2.0401e+00 -9.3161e-02 -3.3526e+00 -7.5576e-01 -5.8249e-01 +1.0811e+00 +1.7232e-02 -9.6169e-01 -2.1161e+00 +1.2425e+00 +1.7347e+00 -2.8573e+00 -3.4997e+00 -1.9721e+00 +1.2167e+00 -2.6407e-01 -1.1851e+00 +4.1869e+00
1841 +1.290551235e+01 +1.290551235e+01 -6.609448765e+01 -6.609448765e+01 -2.2326e+00 +4.5310e-02 +1.1750e+00 +1.8560e-01 -2.6101e+00 -9.4382e-01 +6.1668e-02 +2.1789e+00 +4.5181e-01 +2.4652e-01 -2.8540e+00 +1.7166e+00 +1.7673e+00 -3.5575e+00 -3.0335e+00 +4.2613e-01 +1.4919e+00 -7.7346e-01 +1.0654e+00 +3.1883e+00
2227 +9.719231778e+00 +9.719231778e+00 -6.928076822e+01 -6.928076822e+01 -3.6890e+00 +1.3862e+00 +9.8885e-01 -5.8178e-01 -3.5150e+00 -2.4582e-01 -1.8851e+00 +1.3941e+00 -2.5118e-01 +4.0855e-01 -1.2141e+00 +2.9745e+00 +1.0310e+00 -2.8919e+00 -3.0727e+00 +4.5159e-02 +2.4785e-01 -1.4360e+00 +5.1988e-01 +2.1972e+00
2675 +5.228584921e+00 +5.228584921e+00 -7.377141508e+01 -7.377141508e+01 -3.4274e+00 +1.8286e+00 +7.5618e-01 +4.1653e-01 -4.6741e+00 -3.2440e-01 -1.3371e+00 +9.6071e-01 +6.1983e-01 +7.9961e-01 -2.3769e+00 +2.0437e+00 +1.9581e+00 -2.8646e+00 -2.7362e+00 +3.5463e-01 +1.6064e+00 -2.6457e-01 -1.1224e-01 +1.6017e+00
2836 +3.143635293e+00 +3.143635293e+00 -7.585636471e+01 -7.585636471e+01 -3.2515e+00 +2.2573e+00 +1.0136e+00 +9.3385e-01 -3.8209e+00 -6.4123e-01 -1.6937e+00 +4.8714e-01 +6.6922e-01 +1.1656e+00 -2.8880e+00 +2.6365e+00 +3.7605e-01 -3.3177e+00 -3.3066e+00 +4.9489e-01 +1.5437e+00 -8.9689e-01 +3.5398e-01 +1.5158e+00
3324 +2.094618619e+00 +2.094618619e+00 -7.690538138e+01 -7.690538138e+01 -3.2272e+00 +1.5941e+00 +6.6100e-01 +8.5873e-01 -3.8213e+00 -7.2475e-01 -1.6992e+00 +4.6738e-01 +8.4499e-01 +9.7139e-01 -1.9761e+00 +2.1749e+00 +3.3493e-01 -3.3404e+00 -2.9748e+00 +1.2736e-01 +1.3509e+00 -1.1629e+00 -2.8918e-03 +2.1215e+00
3427 +1.487292360e+00 +1.487292360e+00 -7.751270764e+01 -7.751270764e+01 -3.1202e+00 +1.7100e+00 +6.7688e-01 +7.5006e-01 -4.0520e+00 -3.7440e-01 -1.4546e+00 +8.0379e-01 +9.6384e-01 +1.0204e+00 -2.7937e+00 +2.0647e+00 +6.8112e-01 -3.0469e+00 -2.9258e+00 +2.5375e-01 +1.2745e+00 -5.1878e-01 -1.4533e-01 +1.8695e+00
4010 +9.271320296e-01 +9.271320296e-01 -7.807286797e+01 -7.807286797e+01 -3.0206e+00 +1.2286e+00 +1.1206e-01 +7.2715e-01 -3.6363e+00 -6.0352e-01 -1.7019e+00 +8.0584e-01 +8.6775e-01 +1.0151e+00 -3.0324e+00 +2.0325e+00 +5.0233e-01 -3.2204e+00 -2.8939e+00 +3.5846e-01 +1.2702e+00 -4.9663e-01 -2.6541e-02 +1.8587e+00
4214 +5.242294500e-01 +5.242294500e-01 -7.847577055e+01 -7.847577055e+01 -3.2141e+00 +1.3319e+00 +2.4540e-01 +4.6300e-01 -3.8387e+00 -6.9207e-01 -1.6533e+00 +7.1787e-01 +8.6283e-01 +5.9875e-01 -2.6196e+00 +2.0333e+00 +5.5490e-01 -3.1761e+00 -2.8960e+00 +2.8996e-01 +1.2757e+00 -5.3583e-01 +1.5195e-01 +2.1661e+00
4604 +3.492330397e-01 +3.492330397e-01 -7.865076696e+01 -7.865076696e+01 -3.2457e+00 +1.2986e+00 +2.2914e-01 +3.9236e-01 -3.8791e+00 -8.5455e-01 -1.6963e+00 +7.3751e-01 +8.7040e-01 +5.6842e-01 -2.7445e+00 +2.0029e+00 +5.9152e-01 -3.3266e+00 -2.9463e+00 +2.8433e-01 +1.2824e+00 -7.4077e-01 +2.7257e-01 +1.8820e+00
% function evaluation | noise-free fitness - Fopt (-4.133000000000e+01) | best noise-free fitness - Fopt | measured fitness | best measured fitness | x1 | x2...
1 +3.024206882e+02 +3.024206882e+02 +2.610906882e+02 +2.610906882e+02 -9.3637e-01 +4.4540e+00 -4.7878e+00 -3.5317e+00 +3.9213e+00 -3.2229e+00 -4.8341e+00 -3.8952e+00 -4.5044e+00 +2.9143e+00 -4.6269e+00 -3.5223e+00 +4.0863e+00 -3.1947e+00 +3.6116e+00 +3.4041e+00 +1.5582e-01 -1.4985e+00 +2.7960e+00 +4.6628e+00
3 +1.890191556e+02 +1.890191556e+02 +1.476891556e+02 +1.476891556e+02 +3.4154e+00 -1.4344e+00 -7.4587e-01 -2.9605e+00 -2.8233e+00 +4.7675e-01 -3.3104e-01 +4.5284e+00 -3.0121e+00 +3.1294e-01 +4.7188e-01 +1.7523e+00 +4.4715e+00 -2.4493e+00 +6.1741e-01 +1.0901e+00 -1.1790e-02 -2.1686e+00 -2.9208e-01 +5.6746e-01
66 +1.495100388e+02 +1.495100388e+02 +1.081800388e+02 +1.081800388e+02 -4.3183e+00 -3.5475e+00 -1.1981e+00 -1.6301e+00 +2.3954e+00 -4.2115e+00 -4.2013e+00 -4.0702e+00 -1.3078e+00 +4.6505e+00 +4.0508e+00 +3.1997e+00 +1.4528e+00 -3.5545e+00 +3.7298e+00 +2.5734e+00 -3.4901e+00 -4.3439e+00 +2.1471e+00 +2.7200e-02
261 +9.979421720e+01 +9.979421720e+01 +5.846421720e+01 +5.846421720e+01 +2.7668e-01 -1.5645e-02 -3.2316e+00 -4.1856e-01 -7.9010e-01 -7.4244e-01 -3.5634e+00 -2.5596e+00 -5.0000e+00 +2.9377e-01 +4.3187e+00 -1.3075e-01 +2.5988e+00 -4.7938e+00 +2.8347e-01 -1.0202e+00 -9.1635e-01 -3.3533e+00 -3.0750e+00 -4.0984e+00
636 +5.528928643e+01 +5.528928643e+01 +1.395928643e+01 +1.395928643e+01 +1.0359e+00 -2.3658e+00 -5.1590e-01 +0.0000e+00 +3.1985e+00 -2.3728e+00 -4.6945e+00 -1.4626e+00 +0.0000e+00 +3.4614e-01 +1.7370e+00 +3.6265e+00 +5.0000e+00 -6.6354e-01 -2.6121e-01 +1.2810e+00 -1.8085e+00 -4.3642e+00 -3.7102e-01 -3.0916e+00
638 +3.488522615e+01 +3.488522615e+01 -6.444773847e+00 -6.444773847e+00 -8.0921e-01 -9.6112e-01 -2.6569e+00 -3.8613e+00 +3.2275e+00 -2.3478e+00 -1.1479e+00 -5.0000e+00 -2.4971e+00 +2.2401e+00 -7.4503e-01 +3.0766e+00 +4.9685e+00 -1.3530e+00 -2.8204e+00 -1.5021e+00 -4.9509e+00 -4.8322e+00 +5.1233e-01 -4.2381e+00
1202 +2.474984263e+01 +2.474984263e+01 -1.658015737e+01 -1.658015737e+01 +1.4678e+00 -1.3593e+00 -1.1657e+00 -8.2316e-01 +1.0276e+00 -3.5959e+00 -2.2244e+00 -4.7963e+00 -2.5532e+00 +1.6308e+00 +1.2038e+00 +4.2133e+00 +4.6222e+00 -1.6317e+00 -9.1272e-01 +0.0000e+00 -3.1210e+00 -3.7766e+00 +1.2778e+00 -3.1117e+00
1793 +1.454668850e+01 +1.454668850e+01 -2.678331150e+01 -2.678331150e+01 +1.9072e+00 -8.1589e-01 -1.0570e+00 -1.4423e+00 +2.9814e+00 -3.5888e+00 -2.3865e+00 -5.0000e+00 -2.3129e+00 +0.0000e+00 +1.5377e+00 +4.2104e+00 +5.0000e+00 -1.7299e+00 -1.3047e+00 -3.8358e+00 -1.3477e+00 -3.2160e+00 +1.6517e+00 -3.2638e+00
2479 +9.561914776e+00 +9.561914776e+00 -3.176808522e+01 -3.176808522e+01 +1.1809e+00 -6.5499e-02 -1.2679e+00 -2.2829e+00 +1.5847e+00 -3.2914e+00 -3.6723e+00 -4.5830e+00 -1.8449e+00 +4.1277e-01 +1.1587e+00 +3.1477e+00 +4.8298e+00 -2.6453e+00 -2.4742e+00 -3.0406e+00 -2.9306e+00 -4.5369e+00 +1.8353e+00 -3.4283e+00
2817 +5.829040355e+00 +5.829040355e+00 -3.550095965e+01 -3.550095965e+01 +9.7241e-01 -6.1424e-01 -1.2068e+00 -1.6878e+00 +2.2447e+00 -2.3328e+00 -3.4538e+00 -4.8215e+00 -2.2160e+00 +1.1161e+00 -7.1332e-02 +3.7367e+00 +4.9006e+00 -2.8580e+00 -1.9021e+00 -3.0134e+00 -2.1054e+00 -3.7507e+00 +1.0635e+00 -3.5608e+00
3245 +3.872557838e+00 +3.872557838e+00 -3.745744216e+01 -3.745744216e+01 +1.1198e+00 -1.7096e+00 -1.2766e+00 -1.9087e+00 +2.4138e+00 -3.2933e+00 -2.8908e+00 -4.6094e+00 -2.5921e+00 +1.7314e+00 +9.4894e-01 +3.2269e+00 +4.6097e+00 -2.8931e+00 -2.0386e+00 -2.8577e+00 -2.5987e+00 -3.6945e+00 +1.3017e+00 -3.0182e+00
3613 +2.467212639e+00 +2.467212639e+00 -3.886278736e+01 -3.886278736e+01 +4.2751e-01 -1.4393e+00 -4.3404e-01 -1.9840e+00 +2.9291e+00 -3.1763e+00 -2.6579e+00 -4.3754e+00 -2.3213e+00 +1.4766e+00 +3.6872e-01 +3.6001e+00 +4.2951e+00 -2.9716e+00 -2.2419e+00 -3.0263e+00 -2.2934e+00 -3.3434e+00 +9.5827e-01 -3.6335e+00
4017 +1.526972416e+00 +1.526972416e+00 -3.980302758e+01 -3.980302758e+01 +4.9023e-01 -1.2503e+00 -5.8310e-01 -1.7489e+00 +2.9593e+00 -3.2453e+00 -2.8264e+00 -3.9583e+00 -2.3878e+00 +1.7847e+00 +5.3432e-01 +3.5473e+00 +4.4085e+00 -2.8455e+00 -2.4309e+00 -3.1485e+00 -2.0666e+00 -3.9142e+00 +1.2689e+00 -3.7451e+00
4406 +9.685378799e-01 +9.685378799e-01 -4.036146212e+01 -4.036146212e+01 +3.8233e-01 -1.3266e+00 -1.0269e+00 -1.8172e+00 +2.7878e+00 -3.0436e+00 -3.0914e+00 -3.8534e+00 -2.4316e+00 +1.6658e+00 +7.8230e-01 +3.4204e+00 +4.2512e+00 -2.9891e+00 -2.1854e+00 -3.3658e+00 -2.1150e+00 -3.9064e+00 +1.3192e+00 -3.8405e+00
4841 +5.849223362e-01 +5.849223362e-01 -4.074507766e+01 -4.074507766e+01 +5.0874e-01 -1.3224e+00 -7.8322e-01 -1.8207e+00 +2.6734e+00 -2.9768e+00 -3.0813e+00 -3.7229e+00 -2.4107e+00 +1.6502e+00 +7.8294e-01 +3.2804e+00 +4.2016e+00 -2.8007e+00 -2.3285e+00 -3.3843e+00 -2.1623e+00 -3.8924e+00 +1.3887e+00 -3.7771e+00
% function evaluation | noise-free fitness - Fopt (2.127500000000e+02) | best noise-free fitness - Fopt | measured fitness | best measured fitness | x1 | x2...
1 +3.963269629e+02 +3.963269629e+02 +6.090769629e+02 +6.090769629e+02 +9.3526e-01 -3.9565e+00 -1.2742e+00 +3.1823e+00 -8.2084e-01 +4.5436e+00 -4.4632e+00 -3.4042e+00 +4.0178e+00 +2.7349e+00 +5.3576e-01 -2.7790e+00 -9.9006e-01 -2.4930e+00 -4.2237e+00 -4.8996e+00 +4.1978e+00 +2.2010e+00 -4.5187e-01 -4.3592e+00
6 +1.794452236e+02 +1.794452236e+02 +3.921952236e+02 +3.921952236e+02 -1.9476e+00 -1.1682e+00 -3.9654e+00 -1.3386e+00 +6.4167e-01 +1.6229e+00 +2.0463e+00 +2.1443e+00 -2.7943e-01 +3.1459e+00 +1.8479e-01 +1.4909e+00 +3.1466e+00 -3.8213e+00 +8.9286e-01 -1.5571e+00 +1.9538e+00 -2.2325e+00 -4.7993e+00 +3.5168e+00
62 +1.452086653e+02 +1.452086653e+02 +3.579586653e+02 +3.579586653e+02 +5.5594e-01 -4.9095e+00 -1.8411e+00 +1.5877e+00 +3.0856e+00 -4.0745e-01 +7.8943e-03 -2.3617e+00 +1.1299e+00 +4.2660e+00 +1.1211e+00 +3.7074e+00 +6.7238e-01 -2.6057e-01 +4.6020e+00 -1.4015e+00 -2.2785e+00 -4.9414e+00 -3.7195e-01 -6.8797e-01
454 +9.900304620e+01 +9.900304620e+01 +3.117530462e+02 +3.117530462e+02 -3.5339e+00 +2.1220e-01 -5.5033e-01 +3.5079e+00 -1.1045e+00 -5.0000e+00 -1.7982e-02 -2.4156e+00 -1.4067e+00 +2.6570e+00 +3.5721e+00 -1.8140e+00 -4.7357e+00 +2.8599e-01 +5.0000e+00 +1.2638e+00 +0.0000e+00 +2.3365e+00 -7.8423e-01 -1.8500e+00
659 +5.263307457e+01 +5.263307457e+01 +2.653830746e+02 +2.653830746e+02 -3.0515e+00 -3.4874e+00 -9.6741e-01 +4.3604e-01 -2.5604e+00 -3.1054e+00 +7.3864e-01 -9.8719e-01 +1.9521e+00 +3.1079e-01 +1.6309e+00 -1.1305e+00 -3.7934e-01 +1.2212e+00 +2.5165e+00 +2.8446e+00 +0.0000e+00 +1.8063e+00 -5.1270e-01 -2.6342e+00
991 +2.897077304e+01 +2.897077304e+01 +2.417207730e+02 +2.417207730e+02 -4.2845e+00 -3.3622e+00 -3.9862e+00 +6.3321e-01 -3.6349e-02 -3.1340e+00 +0.0000e+00 +1.4429e+00 -1.4927e+00 +4.3910e+00 +2.4848e+00 +2.9704e+00 -1.9068e+00 +7.8363e-01 +4.1990e+00 +3.8266e+00 -2.5348e+00 -1.4761e-01 -2.5866e+00 -2.1487e+00
1039 +2.469423920e+01 +2.469423920e+01 +2.374442392e+02 +2.374442392e+02 -5.0000e+00 -4.7218e+00 -4.8717e+00 +6.0134e-01 -6.9338e-01 -3.0752e+00 +6.1413e-01 -8.8051e-01 -1.4156e+00 +2.9682e+00 +1.8087e+00 +2.2513e+00 +6.9956e-01 +1.0500e+00 +3.0066e+00 +5.0000e+00 -2.4268e+00 -4.0042e-01 -4.3963e+00 -5.8362e-01
2113 +1.158167214e+01 +1.158167214e+01 +2.243316721e+02 +2.243316721e+02 -3.1556e+00 -3.2485e+00 -3.6959e+00 -2.0325e+00 -1.5481e+00 -2.3683e+00 +6.7789e-01 +2.9518e-01 -1.0346e+00 +3.4834e+00 +3.9427e+00 +1.6017e+00 +6.4479e-02 +4.6650e-01 +2.7483e+00 +4.3421e+00 -2.7189e+00 -5.9308e-01 -2.1421e+00 -3.4789e-01
2489 +6.017189410e+00 +6.017189410e+00 +2.187671894e+02 +2.187671894e+02 -3.3557e+00 -3.2465e+00 -3.2331e+00 -1.6060e+00 -1.4634e+00 -2.4405e+00 +8.3345e-01 -1.0413e+00 -3.9536e-01 +3.1590e+00 +2.7566e+00 +5.1265e-01 -1.4475e+00 +6.7331e-01 +3.2157e+00 +4.1025e+00 -3.4397e+00 -9.5309e-01 -1.8560e+00 -7.4305e-01
3066 +3.688167146e+00 +3.688167146e+00 +2.164381671e+02 +2.164381671e+02 -3.4517e+00 -3.1645e+00 -3.6544e+00 -9.1895e-01 -1.8812e+00 -3.1098e+00 +1.0846e+00 -6.0267e-01 -2.3680e-01 +3.2060e+00 +2.5549e+00 +4.3995e-01 -9.6183e-01 +4.2721e-01 +2.6256e+00 +3.7368e+00 -2.8470e+00 -5.3408e-01 -2.1154e+00 -1.4313e+00
3440 +2.288159745e+00 +2.288159745e+00 +2.150381597e+02 +2.150381597e+02 -3.7451e+00 -3.1574e+00 -3.3749e+00 -9.2230e-01 -1.7835e+00 -3.6882e+00 +8.6764e-01 -1.3298e+00 -9.1623e-02 +3.0940e+00 +2.3391e+00 +8.4853e-01 -5.9142e-01 +8.8895e-01 +2.7140e+00 +3.7021e+00 -3.3176e+00 -3.8023e-01 -3.0423e+00 -1.0840e+00
3791 +1.390118991e+00 +1.390118991e+00 +2.141401190e+02 +2.141401190e+02 -3.6117e+00 -3.2727e+00 -3.3077e+00 -1.6332e+00 -1.4034e+00 -3.4879e+00 +6.8577e-01 -1.3968e+00 -1.5814e-01 +2.9141e+00 +2.7704e+00 +7.2761e-01 -5.7668e-01 +2.6639e-02 +3.2620e+00 +4.1007e+00 -3.0264e+00 -5.5403e-01 -3.2198e+00 -1.0174e+00
4093 +7.987137800e-01 +7.987137800e-01 +2.135487138e+02 +2.135487138e+02 -3.6165e+00 -2.7001e+00 -3.3339e+00 -1.5692e+00 -1.3887e+00 -3.7030e+00 +6.9814e-01 -1.5300e+00 -2.5095e-01 +2.9738e+00 +2.6814e+00 +6.6641e-01 -6.0883e-01 -9.4651e-02 +3.2247e+00 +4.1482e+00 -2.8514e+00 -5.2722e-01 -2.9589e+00 -1.0277e+00
4214 +6.152200844e-01 +6.152200844e-01 +2.133652201e+02 +2.133652201e+02 -3.5606e+00 -2.5764e+00 -3.3206e+00 -1.4734e+00 -1.7054e+00 -3.7655e+00 +7.9433e-01 -1.5462e+00 -2.1110e-01 +2.9199e+00 +2.7074e+00 +8.6310e-01 -5.3260e-01 -1.1962e-01 +3.2101e+00 +4.0764e+00 -2.8197e+00 -5.9874e-01 -2.7757e+00 -1.0109e+00
4804 +3.748328993e-01 +3.748328993e-01 +2.131248329e+02 +2.131248329e+02 -3.7194e+00 -2.5299e+00 -3.3038e+00 -1.4273e+00 -1.6012e+00 -3.8059e+00 +8.4935e-01 -1.6040e+00 -3.1012e-01 +2.8513e+00 +2.7139e+00 +8.8350e-01 -6.3114e-01 -9.2233e-02 +3.1638e+00 +4.1112e+00 -2.8591e+00 -3.7961e-01 -2.7430e+00 -1.0281e+00
