% function evaluation | noise-free fitness - Fopt (7.948000000000e+01) | best noise-free fitness - Fopt | measured fitness | best measured fitness | x1 | x2...
1 +2.901962084e+01 +2.901962084e+01 +1.084996208e+02 +1.084996208e+02 -1.9740e-01 +3.8509e+00 -1.7972e+00 +3.4614e+00 -2.1990e+00
2 +2.055761231e+01 +2.055761231e+01 +1.000376123e+02 +1.000376123e+02 +3.2713e+00 -3.1963e+00 -2.3295e+00 +1.5031e+00 -5.5240e-01
5 +1.372967901e+01 +1.372967901e+01 +9.320967901e+01 +9.320967901e+01 -1.1083e+00 -1.0310e+00 +1.8508e+00 +1.2727e+00 -4.8896e-01
58 +5.272689774e+00 +5.272689774e+00 +8.475268977e+01 +8.475268977e+01 +8.3910e-01 +9.6198e-01 -2.5541e-01 +2.3130e+00 -2.9467e+00
200 +2.504842198e+00 +2.504842198e+00 +8.198484220e+01 +8.198484220e+01 -7.2114e-01 -2.0818e-01 -1.1258e+00 +2.6253e+00 -2.6000e+00
472 +5.229612164e-01 +5.229612164e-01 +8.000296122e+01 +8.000296122e+01 -9.7381e-02 -5.8891e-01 -8.8357e-01 +2.0897e+00 -2.8411e+00
875 +1.704026230e-01 +1.704026230e-01 +7.965040262e+01 +7.965040262e+01 +5.3696e-01 -9.5233e-01 -7.1655e-01 +2.0765e+00 -2.8398e+00
2269 +1.237003697e-01 +1.237003697e-01 +7.960370037e+01 +7.960370037e+01 +3.6243e-01 -9.9651e-01 -6.4875e-01 +2.1073e+00 -2.4627e+00
2643 +5.817046277e-02 +5.817046277e-02 +7.953817046e+01 +7.953817046e+01 +4.0309e-01 -1.1712e+00 -7.5288e-01 +1.9775e+00 -2.5021e+00
2973 +2.347821790e-02 +2.347821790e-02 +7.950347822e+01 +7.950347822e+01 +2.7757e-01 -1.1320e+00 -8.1096e-01 +2.0305e+00 -2.6188e+00
3044 +8.797506016e-03 +8.797506016e-03 +7.948879751e+01 +7.948879751e+01 +2.0236e-01 -1.1241e+00 -7.8504e-01 +1.9387e+00 -2.7169e+00
3473 +6.210439034e-03 +6.210439034e-03 +7.948621044e+01 +7.948621044e+01 +2.0488e-01 -1.1239e+00 -7.0303e-01 +1.9467e+00 -2.7253e+00
3677 +3.093355194e-03 +3.093355194e-03 +7.948309336e+01 +7.948309336e+01 +2.0973e-01 -1.1230e+00 -7.3260e-01 +1.9260e+00 -2.6763e+00
3805 +2.120299188e-03 +2.120299188e-03 +7.948212030e+01 +7.948212030e+01 +2.2093e-01 -1.1557e+00 -7.3719e-01 +1.8999e+00 -2.6958e+00
3933 +1.139191573e-03 +1.139191573e-03 +7.948113919e+01 +7.948113919e+01 +2.5671e-01 -1.1239e+00 -7.2718e-01 +1.9231e+00 -2.6852e+00
4030 +5.715612754e-04 +5.715612754e-04 +7.948057156e+01 +7.948057156e+01 +2.3722e-01 -1.1400e+00 -7.2778e-01 +1.9207e+00 -2.6810e+00
4115 +2.536024717e-04 +2.536024717e-04 +7.948025360e+01 +7.948025360e+01 +2.4225e-01 -1.1644e+00 -7.2785e-01 +1.9336e+00 -2.6765e+00
4315 +1.942367657e-04 +1.942367657e-04 +7.948019424e+01 +7.948019424e+01 +2.4850e-01 -1.1675e+00 -7.2357e-01 +1.9308e+00 -2.6743e+00
4380 +9.529374452e-05 +9.529374452e-05 +7.948009529e+01 +7.948009529e+01 +2.5025e-01 -1.1607e+00 -7.2874e-01 +1.9200e+00 -2.6776e+00
4606 +5.430223453e-05 +5.430223453e-05 +7.948005430e+01 +7.948005430e+01 +2.5124e-01 -1.1530e+00 -7.2796e-01 +1.9311e+00 -2.6810e+00
4650 +1.748703636e-05 +1.748703636e-05 +7.948001749e+01 +7.948001749e+01 +2.5381e-01 -1.1584e+00 -7.2693e-01 +1.9286e+00 -2.6813e+00
4660 +1.547076508e-05 +1.547076508e-05 +7.948001547e+01 +7.948001547e+01 +2.5203e-01 -1.1545e+00 -7.2502e-01 +1.9242e+00 -2.6788e+00
4803 +4.034167475e-06 +4.034167475e-06 +7.948000403e+01 +7.948000403e+01 +2.5250e-01 -1.1563e+00 -7.2591e-01 +1.9266e+00 -2.6806e+00
% function evaluation | noise-free fitness - Fopt (3.944800000000e+02) | best noise-free fitness - Fopt | measured fitness | best measured fitness | x1 | x2...
1 +8.453170630e+01 +8.453170630e+01 +4.790117063e+02 +4.790117063e+02 +2.1441e+00 -2.1808e+00 +2.7179e+00 +2.5889e+00 -9.4865e-01
6 +5.442935362e+01 +5.442935362e+01 +4.489093536e+02 +4.489093536e+02 -1.0298e+00 -2.4982e+00 +2.2820e+00 +9.0118e-01 +8.5365e-01
22 +2.352999858e+01 +2.352999858e+01 +4.180099986e+02 +4.180099986e+02 -4.1862e+00 -8.1613e-01 -3.2291e-01 +1.7036e+00 +2.3387e+00
92 +6.559595777e+00 +6.559595777e+00 +4.010395958e+02 +4.010395958e+02 -4.2327e+00 -1.3642e+00 -1.9458e+00 +3.1107e+00 +6.5984e-01
241 +5.068305213e+00 +5.068305213e+00 +3.995483052e+02 +3.995483052e+02 -5.0000e+00 -3.6133e+00 -3.8358e+00 +4.8861e+00 +2.3986e+00
475 +2.475971585e+00 +2.475971585e+00 +3.969559716e+02 +3.969559716e+02 -3.9283e+00 -3.4101e+00 -3.3003e+00 +3.1351e+00 +2.0251e+00
629 +1.568488249e+00 +1.568488249e+00 +3.960484882e+02 +3.960484882e+02 -3.3473e+00 -2.7276e+00 -3.2144e+00 +4.8225e+00 +1.0867e+00
884 +6.474672931e-01 +6.474672931e-01 +3.951274673e+02 +3.951274673e+02 -3.8246e+00 -3.2606e+00 -3.8481e+00 +3.2560e+00 +5.7462e-01
920 +5.909175682e-01 +5.909175682e-01 +3.950709176e+02 +3.950709176e+02 -3.7767e+00 -2.6096e+00 -3.1738e+00 +3.8791e+00 +5.4074e-01
1645 +3.022481028e-01 +3.022481028e-01 +3.947822481e+02 +3.947822481e+02 -3.5603e+00 -3.1217e+00 -3.5664e+00 +3.6425e+00 +7.6168e-01
1856 +2.178551646e-01 +2.178551646e-01 +3.946978552e+02 +3.946978552e+02 -4.0235e+00 -3.2164e+00 -3.6079e+00 +3.7972e+00 +6.4389e-01
2059 +1.161542934e-01 +1.161542934e-01 +3.945961543e+02 +3.945961543e+02 -4.2313e+00 -2.9275e+00 -3.8585e+00 +3.9015e+00 +8.8733e-01
2434 +4.445256870e-02 +4.445256870e-02 +3.945244526e+02 +3.945244526e+02 -3.9459e+00 -2.8662e+00 -4.0033e+00 +3.9183e+00 +8.2640e-01
2834 +3.857559496e-02 +3.857559496e-02 +3.945185756e+02 +3.945185756e+02 -3.9610e+00 -3.0379e+00 -3.9016e+00 +3.8537e+00 +8.3958e-01
2848 +1.095847772e-02 +1.095847772e-02 +3.944909585e+02 +3.944909585e+02 -3.9437e+00 -2.9392e+00 -3.8473e+00 +3.9378e+00 +8.0025e-01
2919 +9.580827846e-03 +9.580827846e-03 +3.944895808e+02 +3.944895808e+02 -3.9871e+00 -2.9057e+00 -3.7795e+00 +3.9265e+00 +8.3666e-01
3289 +3.997738440e-03 +3.997738440e-03 +3.944839977e+02 +3.944839977e+02 -3.9022e+00 -2.9032e+00 -3.8138e+00 +3.9121e+00 +9.1960e-01
3458 +3.372653815e-03 +3.372653815e-03 +3.944833727e+02 +3.944833727e+02 -3.9341e+00 -2.8770e+00 -3.8340e+00 +3.8822e+00 +8.7848e-01
3719 +2.199410530e-03 +2.199410530e-03 +3.944821994e+02 +3.944821994e+02 -3.8643e+00 -2.9104e+00 -3.8225e+00 +3.9189e+00 +8.6662e-01
3907 +7.237480450e-04 +7.237480450e-04 +3.944807237e+02 +3.944807237e+02 -3.9080e+00 -2.8986e+00 -3.7799e+00 +3.8990e+00 +8.5581e-01
3923 +3.609880874e-04 +3.609880874e-04 +3.944803610e+02 +3.944803610e+02 -3.9060e+00 -2.8952e+00 -3.7929e+00 +3.9191e+00 +8.5631e-01
4043 +2.300043292e-04 +2.300043292e-04 +3.944802300e+02 +3.944802300e+02 -3.8972e+00 -2.8953e+00 -3.7956e+00 +3.9160e+00 +8.6619e-01
4323 +6.855976102e-05 +6.855976102e-05 +3.944800686e+02 +3.944800686e+02 -3.8977e+00 -2.8872e+00 -3.8001e+00 +3.9126e+00 +8.5733e-01
4450 +6.049415845e-05 +6.049415845e-05 +3.944800605e+02 +3.944800605e+02 -3.8964e+00 -2.8900e+00 -3.8038e+00 +3.9100e+00 +8.6515e-01
4456 +3.961681347e-05 +3.961681347e-05 +3.944800396e+02 +3.944800396e+02 -3.8993e+00 -2.8948e+00 -3.8051e+00 +3.9072e+00 +8.5607e-01
4672 +1.894846918e-05 +1.894846918e-05 +3.944800189e+02 +3.944800189e+02 -3.8978e+00 -2.8880e+00 -3.8035e+00 +3.9083e+00 +8.5707e-01
4700 +1.557911804e-05 +1.557911804e-05 +3.944800156e+02 +3.944800156e+02 -3.8977e+00 -2.8915e+00 -3.8029e+00 +3.9091e+00 +8.6030e-01
4831 +6.362925774e-06 +6.362925774e-06 +3.944800064e+02 +3.944800064e+02 -3.8966e+00 -2.8896e+00 -3.8029e+00 +3.9071e+00 +8.5882e-01
4906 +4.750041683e-06 +4.750041683e-06 +3.944800048e+02 +3.944800048e+02 -3.8986e+00 -2.8919e+00 -3.8029e+00 +3.9069e+00 +8.5969e-01
% function evaluation | noise-free fitness - Fopt (-2.471100000000e+02) | best noise-free fitness - Fopt | measured fitness | best measured fitness | x1 | x2...
1 +8.998370266e+01 +8.998370266e+01 -1.571262973e+02 -1.571262973e+02 +3.8504e+00 -2.2152e+00 +4.2698e+00 -2.9895e+00 -2.3733e+00
6 +2.327862819e+01 +2.327862819e+01 -2.238313718e+02 -2.238313718e+02 -2.1634e+00 +3.5669e+00 +8.1172e-01 -2.2448e+00 -8.7651e-01
22 +1.149516705e+01 +1.149516705e+01 -2.356148330e+02 -2.356148330e+02 -3.8717e+00 -1.5837e+00 +1.3713e+00 -2.5193e+00 -4.7330e+00
74 +6.365630865e+00 +6.365630865e+00 -2.407443691e+02 -2.407443691e+02 -4.3972e+00 +7.2781e-01 +5.1817e-01 -1.8451e+00 -4.0273e+00
243 +3.644195351e+00 +3.644195351e+00 -2.434658046e+02 -2.434658046e+02 -3.8321e+00 +3.3860e-01 -1.1122e+00 -2.5530e+00 -4.5662e+00
592 +2.363591484e+00 +2.363591484e+00 -2.447464085e+02 -2.447464085e+02 -3.4454e+00 -1.1127e-01 -3.8990e-01 -2.6717e+00 -4.1042e+00
842 +1.410455382e+00 +1.410455382e+00 -2.456995446e+02 -2.456995446e+02 -4.1091e+00 +8.3179e-02 +0.0000e+00 -3.8530e+00 -3.9911e+00
1107 +5.139182308e-01 +5.139182308e-01 -2.465960818e+02 -2.465960818e+02 -3.4853e+00 -9.2319e-02 -2.5270e-01 -4.0145e+00 -2.9211e+00
1652 +3.544149140e-01 +3.544149140e-01 -2.467555851e+02 -2.467555851e+02 -4.0272e+00 +4.7080e-01 -7.9345e-01 -3.5457e+00 -2.6533e+00
1808 +1.958459166e-01 +1.958459166e-01 -2.469141541e+02 -2.469141541e+02 -3.5083e+00 -4.4365e-02 -7.4475e-01 -3.8269e+00 -3.2699e+00
2010 +1.449020630e-01 +1.449020630e-01 -2.469650979e+02 -2.469650979e+02 -3.5962e+00 +4.3343e-01 -5.2136e-01 -3.8176e+00 -3.0205e+00
2199 +2.954516670e-02 +2.954516670e-02 -2.470804548e+02 -2.470804548e+02 -3.7543e+00 +2.6405e-01 -7.8601e-01 -3.7245e+00 -3.2167e+00
2599 +1.816726046e-02 +1.816726046e-02 -2.470918327e+02 -2.470918327e+02 -3.7309e+00 +2.4988e-01 -7.8725e-01 -3.7302e+00 -3.1253e+00
3259 +1.362426277e-02 +1.362426277e-02 -2.470963757e+02 -2.470963757e+02 -3.7357e+00 +1.2769e-01 -7.4440e-01 -3.6895e+00 -3.1332e+00
3414 +9.471885150e-03 +9.471885150e-03 -2.471005281e+02 -2.471005281e+02 -3.7756e+00 +2.3606e-01 -6.2027e-01 -3.7022e+00 -3.1513e+00
3506 +5.493993528e-03 +5.493993528e-03 -2.471045060e+02 -2.471045060e+02 -3.7919e+00 +1.7636e-01 -7.5695e-01 -3.6774e+00 -3.0845e+00
3601 +3.932242772e-03 +3.932242772e-03 -2.471060678e+02 -2.471060678e+02 -3.8251e+00 +2.0503e-01 -7.0531e-01 -3.6363e+00 -3.1010e+00
3738 +9.239546449e-04 +9.239546449e-04 -2.471090760e+02 -2.471090760e+02 -3.7958e+00 +2.1456e-01 -6.7239e-01 -3.7078e+00 -3.1118e+00
3834 +5.720744088e-04 +5.720744088e-04 -2.471094279e+02 -2.471094279e+02 -3.8036e+00 +1.9447e-01 -6.7116e-01 -3.6966e+00 -3.1054e+00
4068 +3.298063284e-04 +3.298063284e-04 -2.471096702e+02 -2.471096702e+02 -3.7937e+00 +2.0149e-01 -6.7701e-01 -3.7012e+00 -3.1009e+00
4369 +2.260357083e-04 +2.260357083e-04 -2.471097740e+02 -2.471097740e+02 -3.7979e+00 +1.9777e-01 -6.8110e-01 -3.6967e+00 -3.1072e+00
4420 +1.148039644e-04 +1.148039644e-04 -2.471098852e+02 -2.471098852e+02 -3.7989e+00 +2.0422e-01 -6.8064e-01 -3.6906e+00 -3.0980e+00
4441 +5.587707994e-05 +5.587707994e-05 -2.471099441e+02 -2.471099441e+02 -3.7949e+00 +2.0862e-01 -6.9363e-01 -3.6885e+00 -3.0984e+00
4601 +3.655207112e-05 +3.655207112e-05 -2.471099634e+02 -2.471099634e+02 -3.7997e+00 +2.0647e-01 -6.8914e-01 -3.6868e+00 -3.0984e+00
4638 +8.766564804e-06 +8.766564804e-06 -2.471099912e+02 -2.471099912e+02 -3.7967e+00 +2.0122e-01 -6.9023e-01 -3.6902e+00 -3.0994e+00
4801 +5.590180706e-06 +5.590180706e-06 -2.471099944e+02 -2.471099944e+02 -3.7968e+00 +2.0453e-01 -6.9230e-01 -3.6915e+00 -3.0992e+00
4885 +3.481499135e-06 +3.481499135e-06 -2.471099965e+02 -2.471099965e+02 -3.7971e+00 +2.0360e-01 -6.9227e-01 -3.6907e+00 -3.0986e+00
4997 +8.075243727e-07 +8.075243727e-07 -2.471099992e+02 -2.471099992e+02 -3.7988e+00 +2.0343e-01 -6.9071e-01 -3.6914e+00 -3.0987e+00
% function evaluation | noise-free fitness - Fopt (-1.520400000000e+02) | best noise-free fitness - Fopt | measured fitness | best measured fitness | x1 | x2...
1 +2.372657352e+01 +2.372657352e+01 -1.283134265e+02 -1.283134265e+02 -4.5782e+00 +2.8463e+00 -4.4205e+00 +1.6458e+00 +2.0349e+00
66 +1.026991749e+01 +1.026991749e+01 -1.417700825e+02 -1.417700825e+02 -8.8782e-01 +3.4629e-01 -1.2034e+00 +4.2958e+00 +2.9844e+00
207 +8.192580023e+00 +8.192580023e+00 -1.438474200e+02 -1.438474200e+02 -2.6348e-01 +1.5674e+00 -1.9592e+00 +2.2400e+00 +6.3266e-01
392 +3.173525625e+00 +3.173525625e+00 -1.488664744e+02 -1.488664744e+02 -3.6736e-01 +2.1401e+00 -4.0638e+00 +2.3818e+00 +3.7586e+00
567 +2.271802011e+00 +2.271802011e+00 -1.497681980e+02 -1.497681980e+02 -5.7502e-01 +2.2244e+00 -3.5399e+00 +2.2610e+00 +2.9808e+00
660 +2.958766857e-01 +2.958766857e-01 -1.517441233e+02 -1.517441233e+02 +1.2826e-01 +1.6146e+00 -3.7055e+00 +3.3834e+00 +2.6373e+00
1506 +1.416692974e-01 +1.416692974e-01 -1.518983307e+02 -1.518983307e+02 -5.2297e-02 +1.5872e+00 -3.9458e+00 +3.5548e+00 +2.4624e+00
1856 +3.433117353e-02 +3.433117353e-02 -1.520056688e+02 -1.520056688e+02 -3.7031e-01 +1.5323e+00 -4.0250e+00 +3.2963e+00 +2.4631e+00
2310 +2.069156845e-02 +2.069156845e-02 -1.520193084e+02 -1.520193084e+02 -3.5576e-01 +1.5148e+00 -3.8723e+00 +3.2850e+00 +2.4606e+00
2697 +1.005534528e-02 +1.005534528e-02 -1.520299447e+02 -1.520299447e+02 -2.1495e-01 +1.3578e+00 -3.9787e+00 +3.3031e+00 +2.4189e+00
3051 +8.426867771e-03 +8.426867771e-03 -1.520315731e+02 -1.520315731e+02 -2.1236e-01 +1.4965e+00 -3.9169e+00 +3.2899e+00 +2.4121e+00
3271 +2.756475134e-03 +2.756475134e-03 -1.520372435e+02 -1.520372435e+02 -2.1935e-01 +1.4162e+00 -3.9160e+00 +3.3149e+00 +2.4188e+00
3324 +2.419795419e-03 +2.419795419e-03 -1.520375802e+02 -1.520375802e+02 -2.8274e-01 +1.4530e+00 -3.9470e+00 +3.2928e+00 +2.3904e+00
3631 +6.341758304e-04 +6.341758304e-04 -1.520393658e+02 -1.520393658e+02 -2.6417e-01 +1.4372e+00 -3.9078e+00 +3.2958e+00 +2.4318e+00
4116 +5.724774393e-04 +5.724774393e-04 -1.520394275e+02 -1.520394275e+02 -2.5434e-01 +1.4263e+00 -3.9202e+00 +3.3019e+00 +2.4004e+00
4187 +3.894118954e-04 +3.894118954e-04 -1.520396106e+02 -1.520396106e+02 -2.6136e-01 +1.4208e+00 -3.9139e+00 +3.2966e+00 +2.4342e+00
4188 +1.526539228e-04 +1.526539228e-04 -1.520398473e+02 -1.520398473e+02 -2.7027e-01 +1.4296e+00 -3.9220e+00 +3.2913e+00 +2.4278e+00
4246 +8.269321856e-05 +8.269321856e-05 -1.520399173e+02 -1.520399173e+02 -2.6255e-01 +1.4296e+00 -3.9237e+00 +3.2921e+00 +2.4217e+00
4436 +5.051560683e-05 +5.051560683e-05 -1.520399495e+02 -1.520399495e+02 -2.6913e-01 +1.4259e+00 -3.9285e+00 +3.2940e+00 +2.4145e+00
4609 +3.002027165e-05 +3.002027165e-05 -1.520399700e+02 -1.520399700e+02 -2.6435e-01 +1.4251e+00 -3.9263e+00 +3.2952e+00 +2.4152e+00
4663 +8.187873703e-06 +8.187873703e-06 -1.520399918e+02 -1.520399918e+02 -2.6797e-01 +1.4237e+00 -3.9248e+00 +3.2952e+00 +2.4169e+00
4836 +5.567043587e-06 +5.567043587e-06 -1.520399944e+02 -1.520399944e+02 -2.6910e-01 +1.4230e+00 -3.9256e+00 +3.2967e+00 +2.4197e+00
4976 +3.448362492e-06 +3.448362492e-06 -1.520399966e+02 -1.520399966e+02 -2.6636e-01 +1.4245e+00 -3.9246e+00 +3.2960e+00 +2.4179e+00
% function evaluation | noise-free fitness - Fopt (-2.525000000000e+01) | best noise-free fitness - Fopt | measured fitness | best measured fitness | x1 | x2...
1 +5.343316612e+01 +5.343316612e+01 +2.818316612e+01 +2.818316612e+01 +2.2804e+00 -4.3961e+00 -2.4859e+00 +2.1681e+00 +7.4015e-01
18 +2.032561709e+01 +2.032561709e+01 -4.924382910e+00 -4.924382910e+00 +1.3912e+00 -4.2969e-01 -8.5068e-01 +1.1481e+00 +1.5570e+00
36 +1.543289471e+01 +1.543289471e+01 -9.817105289e+00 -9.817105289e+00 +1.0577e+00 +3.2509e+00 -6.6544e-03 -1.9991e+00 +3.1277e+00
223 +7.548462963e+00 +7.548462963e+00 -1.770153704e+01 -1.770153704e+01 +5.0000e+00 +1.4170e+00 -2.1368e+00 -1.6566e+00 +1.2329e+00
227 +3.003709344e+00 +3.003709344e+00 -2.224629066e+01 -2.224629066e+01 +5.0000e+00 +7.1382e-01 -2.0572e+00 -2.3887e+00 +2.5106e+00
418 +2.199301960e+00 +2.199301960e+00 -2.305069804e+01 -2.305069804e+01 +3.1179e+00 +1.4523e-02 -5.3871e-01 -1.2676e+00 +3.3636e+00
637 +1.416918096e+00 +1.416918096e+00 -2.383308190e+01 -2.383308190e+01 +3.7665e+00 +7.8133e-01 -2.1214e+00 -2.0458e+00 +2.3634e+00
1555 +8.041946345e-01 +8.041946345e-01 -2.444580537e+01 -2.444580537e+01 +3.6555e+00 +1.1396e+00 -1.3609e+00 -2.8384e+00 +3.0241e+00
1569 +6.131554933e-01 +6.131554933e-01 -2.463684451e+01 -2.463684451e+01 +3.7763e+00 +6.2317e-01 -1.4540e+00 -2.2659e+00 +2.5399e+00
2003 +2.494020548e-01 +2.494020548e-01 -2.500059795e+01 -2.500059795e+01 +3.7138e+00 +5.8180e-01 -1.5535e+00 -2.3067e+00 +2.8545e+00
2297 +3.592768538e-02 +3.592768538e-02 -2.521407231e+01 -2.521407231e+01 +3.6288e+00 +5.0659e-01 -1.4250e+00 -2.0412e+00 +3.2149e+00
2858 +1.417043869e-02 +1.417043869e-02 -2.523582956e+01 -2.523582956e+01 +3.5278e+00 +6.3954e-01 -1.3913e+00 -2.1950e+00 +3.3597e+00
3253 +2.455036824e-03 +2.455036824e-03 -2.524754496e+01 -2.524754496e+01 +3.6102e+00 +6.0066e-01 -1.4491e+00 -2.1744e+00 +3.2917e+00
3543 +1.324207161e-03 +1.324207161e-03 -2.524867579e+01 -2.524867579e+01 +3.6003e+00 +6.4581e-01 -1.4498e+00 -2.1517e+00 +3.2821e+00
3762 +8.063855887e-04 +8.063855887e-04 -2.524919361e+01 -2.524919361e+01 +3.5928e+00 +6.3315e-01 -1.4381e+00 -2.1491e+00 +3.2898e+00
3804 +2.095782129e-04 +2.095782129e-04 -2.524979042e+01 -2.524979042e+01 +3.6196e+00 +6.3810e-01 -1.4087e+00 -2.1528e+00 +3.2996e+00
4004 +7.889269883e-05 +7.889269883e-05 -2.524992111e+01 -2.524992111e+01 +3.6102e+00 +6.3954e-01 -1.4233e+00 -2.1468e+00 +3.2950e+00
4404 +5.622644267e-05 +5.622644267e-05 -2.524994377e+01 -2.524994377e+01 +3.6111e+00 +6.3924e-01 -1.4209e+00 -2.1477e+00 +3.2952e+00
4603 +3.258012827e-05 +3.258012827e-05 -2.524996742e+01 -2.524996742e+01 +3.6122e+00 +6.3636e-01 -1.4224e+00 -2.1478e+00 +3.2976e+00
4709 +2.344807046e-05 +2.344807046e-05 -2.524997655e+01 -2.524997655e+01 +3.6125e+00 +6.3426e-01 -1.4183e+00 -2.1535e+00 +3.2995e+00
4756 +2.627887056e-06 +2.627887056e-06 -2.524999737e+01 -2.524999737e+01 +3.6153e+00 +6.3458e-01 -1.4219e+00 -2.1536e+00 +3.2977e+00
% function evaluation | noise-free fitness - Fopt (-2.017200000000e+02) | best noise-free fitness - Fopt | measured fitness | best measured fitness | x1 | x2...
1 +7.295156459e+01 +7.295156459e+01 -1.287684354e+02 -1.287684354e+02 -7.7497e-01 +2.9569e+00 +3.4180e+00 -3.8444e-01 -1.4146e+00
2 +2.965687417e+01 +2.965687417e+01 -1.720631258e+02 -1.720631258e+02 -3.5526e+00 +2.6633e-01 +2.3144e+00 +3.1420e+00 +7.0685e-02
8 +1.742720812e+01 +1.742720812e+01 -1.842927919e+02 -1.842927919e+02 -3.4924e-01 -2.0629e+00 -1.3541e+00 -1.4865e+00 +2.9148e+00
19 +7.640008482e+00 +7.640008482e+00 -1.940799915e+02 -1.940799915e+02 +4.4595e-01 -4.0904e+00 +1.7322e-01 +2.0091e+00 +8.3097e-01
211 +4.441489543e+00 +4.441489543e+00 -1.972785105e+02 -1.972785105e+02 -2.3150e-02 -2.4510e+00 -5.8059e-01 +3.4324e+00 +1.0429e+00
215 +1.919399534e+00 +1.919399534e+00 -1.998006005e+02 -1.998006005e+02 -2.2171e+00 -2.6526e+00 +1.5559e-01 +2.4236e+00 +2.0342e+00
653 +1.148112382e+00 +1.148112382e+00 -2.005718876e+02 -2.005718876e+02 -1.2758e+00 -1.9768e+00 -1.0057e+00 +2.3652e+00 +1.5023e+00
870 +9.044056395e-01 +9.044056395e-01 -2.008155944e+02 -2.008155944e+02 -1.4378e+00 -2.9956e+00 -6.9471e-01 +3.0585e+00 +1.4585e+00
1319 +4.838924083e-01 +4.838924083e-01 -2.012361076e+02 -2.012361076e+02 -1.4250e+00 -3.2625e+00 -7.6997e-01 +2.1361e+00 +1.4763e+00
2178 +2.130128250e-01 +2.130128250e-01 -2.015069872e+02 -2.015069872e+02 -1.3417e+00 -2.5806e+00 -1.0967e+00 +2.1178e+00 +2.1911e+00
2275 +1.386161834e-01 +1.386161834e-01 -2.015813838e+02 -2.015813838e+02 -1.4322e+00 -3.1414e+00 -9.4900e-01 +2.1196e+00 +1.8186e+00
2440 +6.648185076e-02 +6.648185076e-02 -2.016535181e+02 -2.016535181e+02 -1.4357e+00 -3.1390e+00 -1.0416e+00 +2.3833e+00 +2.0081e+00
2578 +3.843493634e-02 +3.843493634e-02 -2.016815651e+02 -2.016815651e+02 -1.4379e+00 -3.0655e+00 -9.1437e-01 +2.3453e+00 +2.1190e+00
2815 +1.350548671e-02 +1.350548671e-02 -2.017064945e+02 -2.017064945e+02 -1.4890e+00 -2.9520e+00 -9.2097e-01 +2.3790e+00 +2.0750e+00
2978 +7.702282013e-03 +7.702282013e-03 -2.017122977e+02 -2.017122977e+02 -1.4188e+00 -2.9389e+00 -9.4847e-01 +2.2810e+00 +2.0745e+00
3270 +3.136899302e-03 +3.136899302e-03 -2.017168631e+02 -2.017168631e+02 -1.3941e+00 -2.9062e+00 -9.2980e-01 +2.3018e+00 +2.0468e+00
3561 +1.829115912e-03 +1.829115912e-03 -2.017181709e+02 -2.017181709e+02 -1.4157e+00 -2.9132e+00 -9.2272e-01 +2.3454e+00 +1.9794e+00
3632 +4.106721691e-04 +4.106721691e-04 -2.017195893e+02 -2.017195893e+02 -1.4151e+00 -2.9081e+00 -9.3028e-01 +2.3224e+00 +2.0174e+00
3907 +2.699750862e-04 +2.699750862e-04 -2.017197300e+02 -2.017197300e+02 -1.4295e+00 -2.9159e+00 -9.4435e-01 +2.3236e+00 +2.0117e+00
4099 +1.376849362e-04 +1.376849362e-04 -2.017198623e+02 -2.017198623e+02 -1.4198e+00 -2.9139e+00 -9.5293e-01 +2.3291e+00 +2.0108e+00
4104 +6.086400637e-05 +6.086400637e-05 -2.017199391e+02 -2.017199391e+02 -1.4157e+00 -2.9028e+00 -9.5020e-01 +2.3315e+00 +2.0099e+00
4407 +2.713218552e-05 +2.713218552e-05 -2.017199729e+02 -2.017199729e+02 -1.4187e+00 -2.9028e+00 -9.4651e-01 +2.3360e+00 +2.0101e+00
4675 +1.102552707e-05 +1.102552707e-05 -2.017199890e+02 -2.017199890e+02 -1.4192e+00 -2.9063e+00 -9.4703e-01 +2.3311e+00 +2.0103e+00
4807 +8.038145552e-06 +8.038145552e-06 -2.017199920e+02 -2.017199920e+02 -1.4198e+00 -2.9079e+00 -9.4563e-01 +2.3331e+00 +2.0106e+00
4953 +3.948546947e-06 +3.948546947e-06 -2.017199961e+02 -2.017199961e+02 -1.4192e+00 -2.9059e+00 -9.4578e-01 +2.3338e+00 +2.0114e+00
% function evaluation | noise-free fitness - Fopt (-1.000000000000e+03) | best noise-free fitness - Fopt | measured fitness | best measured fitness | x1 | x2...
1 +7.585755063e+01 +7.585755063e+01 -9.241424494e+02 -9.241424494e+02 -3.3283e+00 -2.1545e+00 -2.5279e-01 +6.2776e-01 -4.0900e+00
2 +1.082745100e+01 +1.082745100e+01 -9.891725490e+02 -9.891725490e+02 +3.2680e-02 +3.1306e+00 -3.9630e-01 -1.0797e+00 +4.6566e+00
83 +7.730761130e+00 +7.730761130e+00 -9.922692389e+02 -9.922692389e+02 -2.2762e-01 +1.2306e+00 +2.1630e+00 +3.7347e-01 +2.4369e+00
101 +5.205921050e+00 +5.205921050e+00 -9.947940789e+02 -9.947940789e+02 +1.1333e+00 -3.3458e-01 +5.1090e-01 +1.6017e+00 +2.8808e+00
437 +2.676708153e+00 +2.676708153e+00 -9.973232918e+02 -9.973232918e+02 +0.0000e+00 +0.0000e+00 -3.0190e-02 +1.3054e+00 +4.5847e+00
501 +1.909346969e+00 +1.909346969e+00 -9.980906530e+02 -9.980906530e+02 +5.4533e-01 -8.5921e-01 -6.8201e-01 -5.1686e-02 +3.7445e+00
697 +6.910188841e-01 +6.910188841e-01 -9.993089811e+02 -9.993089811e+02 -2.2525e-01 +0.0000e+00 +5.7991e-01 +0.0000e+00 +3.9616e+00
1351 +3.349812471e-01 +3.349812471e-01 -9.996650188e+02 -9.996650188e+02 -4.4346e-01 +0.0000e+00 -6.9465e-02 -3.6168e-01 +3.5876e+00
1507 +2.368176436e-01 +2.368176436e-01 -9.997631824e+02 -9.997631824e+02 +1.9579e-01 -1.9914e-03 +1.5508e-01 -1.2244e-01 +3.4887e+00
1846 +1.340189640e-01 +1.340189640e-01 -9.998659810e+02 -9.998659810e+02 -7.3278e-02 +6.5390e-02 +3.3635e-02 -2.6841e-01 +3.6336e+00
2531 +9.772456841e-02 +9.772456841e-02 -9.999022754e+02 -9.999022754e+02 -1.2811e-01 +2.5281e-01 -2.3028e-01 -1.2640e-01 +3.8523e+00
2839 +5.068401578e-02 +5.068401578e-02 -9.999493160e+02 -9.999493160e+02 -2.6945e-01 +2.3419e-01 -1.3403e-01 -7.2129e-02 +3.6752e+00
2926 +3.161661018e-02 +3.161661018e-02 -9.999683834e+02 -9.999683834e+02 +7.7447e-02 +2.9151e-01 -1.3777e-01 +6.4749e-02 +3.5672e+00
3244 +1.716783951e-02 +1.716783951e-02 -9.999828322e+02 -9.999828322e+02 -1.4730e-01 +2.0449e-01 -1.3128e-01 +1.2214e-01 +3.5727e+00
3484 +9.725609561e-03 +9.725609561e-03 -9.999902744e+02 -9.999902744e+02 -9.8487e-02 +2.5919e-01 -1.1583e-01 -7.0794e-02 +3.6009e+00
3604 +4.882785327e-03 +4.882785327e-03 -9.999951172e+02 -9.999951172e+02 -7.9749e-02 +2.3775e-01 -1.3042e-01 -4.7542e-02 +3.6160e+00
3713 +3.075802773e-03 +3.075802773e-03 -9.999969242e+02 -9.999969242e+02 -1.0772e-01 +2.0107e-01 -1.4637e-01 -6.8307e-05 +3.6228e+00
3806 +7.121490189e-04 +7.121490189e-04 -9.999992879e+02 -9.999992879e+02 -8.6357e-02 +2.3452e-01 -1.3342e-01 +3.7863e-02 +3.6145e+00
4071 +4.410012821e-04 +4.410012821e-04 -9.999995590e+02 -9.999995590e+02 -8.4541e-02 +2.3886e-01 -1.2847e-01 +3.0973e-02 +3.5972e+00
4217 +2.519012987e-04 +2.519012987e-04 -9.999997481e+02 -9.999997481e+02 -6.9065e-02 +2.3285e-01 -1.2506e-01 +2.2689e-02 +3.5940e+00
4393 +2.325109484e-04 +2.325109484e-04 -9.999997675e+02 -9.999997675e+02 -8.1743e-02 +2.2732e-01 -1.3025e-01 +9.9963e-03 +3.6072e+00
4472 +1.489999456e-04 +1.489999456e-04 -9.999998510e+02 -9.999998510e+02 -7.8252e-02 +2.3546e-01 -1.2519e-01 +2.2020e-02 +3.5978e+00
4482 +5.325468612e-05 +5.325468612e-05 -9.999999467e+02 -9.999999467e+02 -7.9035e-02 +2.3132e-01 -1.2286e-01 +2.5220e-02 +3.6042e+00
4676 +3.918657035e-05 +3.918657035e-05 -9.999999608e+02 -9.999999608e+02 -7.7977e-02 +2.3223e-01 -1.1801e-01 +1.7232e-02 +3.6027e+00
4855 +1.252053107e-05 +1.252053107e-05 -9.999999875e+02 -9.999999875e+02 -7.5276e-02 +2.2744e-01 -1.2131e-01 +2.2853e-02 +3.6058e+00
4896 +7.386997936e-06 +7.386997936e-06 -9.999999926e+02 -9.999999926e+02 -7.5950e-02 +2.2970e-01 -1.2021e-01 +2.1918e-02 +3.6058e+00
4915 +3.354353225e-06 +3.354353225e-06 -9.999999966e+02 -9.999999966e+02 -7.5798e-02 +2.2836e-01 -1.2121e-01 +2.0869e-02 +3.6057e+00
% function evaluation | noise-free fitness - Fopt (-4.290000000000e+01) | best noise-free fitness - Fopt | measured fitness | best measured fitness | x1 | x2...
1 +1.276944780e+02 +1.276944780e+02 +8.479447796e+01 +8.479447796e+01 -4.3294e+00 -3.4545e+00 -2.3714e+00 -3.1839e+00 -2.1261e+00
2 +8.582396060e+01 +8.582396060e+01 +4.292396060e+01 +4.292396060e+01 +4.3471e+00 +3.4511e+00 -3.3530e+00 +2.0196e+00 +1.9807e+00
9 +1.687792549e+01 +1.687792549e+01 -2.602207451e+01 -2.602207451e+01 -8.9593e-01 +1.1751e+00 +4.0038e+00 -2.0128e+00 -1.3971e+00
19 +7.438176442e+00 +7.438176442e+00 -3.546182356e+01 -3.546182356e+01 +7.1633e-01 +3.3746e+00 +4.5541e+00 -1.1716e-01 -1.2751e+00
126 +4.587835805e+00 +4.587835805e+00 -3.831216419e+01 -3.831216419e+01 +4.1997e+00 +3.4058e+00 +3.3519e+00 -1.1145e+00 -1.7156e+00
178 +3.430822354e+00 +3.430822354e+00 -3.946917765e+01 -3.946917765e+01 +2.2699e+00 +4.0632e+00 +4.0704e+00 -8.2039e-01 -1.8701e+00
261 +2.043935777e+00 +2.043935777e+00 -4.085606422e+01 -4.085606422e+01 +2.4111e+00 +1.8986e+00 +2.8736e+00 -9.2452e-01 -1.7891e+00
690 +6.723137704e-01 +6.723137704e-01 -4.222768623e+01 -4.222768623e+01 +2.4555e+00 +2.2379e+00 +3.7624e+00 -1.1272e+00 -1.9084e+00
712 +5.832141363e-01 +5.832141363e-01 -4.231678586e+01 -4.231678586e+01 +2.8461e+00 +2.0284e+00 +3.4871e+00 -1.0167e+00 -3.0875e+00
1278 +3.361106534e-01 +3.361106534e-01 -4.256388935e+01 -4.256388935e+01 +2.7935e+00 +2.4756e+00 +3.8781e+00 -4.4303e-01 -2.9915e+00
1532 +2.413998596e-01 +2.413998596e-01 -4.265860014e+01 -4.265860014e+01 +2.5144e+00 +2.2684e+00 +3.5425e+00 -1.1058e+00 -2.8204e+00
2079 +1.493620397e-01 +1.493620397e-01 -4.275063796e+01 -4.275063796e+01 +2.7182e+00 +2.3684e+00 +4.0772e+00 -8.6447e-01 -2.9445e+00
2320 +4.916492344e-02 +4.916492344e-02 -4.285083508e+01 -4.285083508e+01 +2.6862e+00 +2.3117e+00 +3.8773e+00 -7.3010e-01 -2.5129e+00
3032 +1.795556972e-02 +1.795556972e-02 -4.288204443e+01 -4.288204443e+01 +2.6899e+00 +2.3668e+00 +3.8852e+00 -7.6279e-01 -2.6195e+00
3215 +1.311875995e-02 +1.311875995e-02 -4.288688124e+01 -4.288688124e+01 +2.6385e+00 +2.4936e+00 +3.8687e+00 -8.4118e-01 -2.5433e+00
3242 +4.922443523e-03 +4.922443523e-03 -4.289507756e+01 -4.289507756e+01 +2.6237e+00 +2.4343e+00 +3.8473e+00 -8.7773e-01 -2.5698e+00
3254 +1.890636092e-03 +1.890636092e-03 -4.289810936e+01 -4.289810936e+01 +2.6593e+00 +2.4594e+00 +3.8635e+00 -8.7327e-01 -2.6339e+00
3854 +5.855015714e-04 +5.855015714e-04 -4.289941450e+01 -4.289941450e+01 +2.6529e+00 +2.4262e+00 +3.8773e+00 -8.7538e-01 -2.6420e+00
4073 +3.969373677e-04 +3.969373677e-04 -4.289960306e+01 -4.289960306e+01 +2.6513e+00 +2.4286e+00 +3.8750e+00 -8.6236e-01 -2.6268e+00
4209 +7.205256973e-05 +7.205256973e-05 -4.289992795e+01 -4.289992795e+01 +2.6394e+00 +2.4231e+00 +3.8763e+00 -8.6487e-01 -2.6342e+00
4411 +5.010641632e-05 +5.010641632e-05 -4.289994989e+01 -4.289994989e+01 +2.6338e+00 +2.4277e+00 +3.8736e+00 -8.6347e-01 -2.6391e+00
4569 +2.213362650e-05 +2.213362650e-05 -4.289997787e+01 -4.289997787e+01 +2.6297e+00 +2.4257e+00 +3.8716e+00 -8.6690e-01 -2.6353e+00
4815 +8.300756051e-06 +8.300756051e-06 -4.289999170e+01 -4.289999170e+01 +2.6324e+00 +2.4272e+00 +3.8712e+00 -8.6728e-01 -2.6340e+00
% function evaluation | noise-free fitness - Fopt (-1.013200000000e+02) | best noise-free fitness - Fopt | measured fitness | best measured fitness | x1 | x2...
1 +1.218940413e+02 +1.218940413e+02 +2.057404133e+01 +2.057404133e+01 -3.6888e+00 -4.8271e+00 +3.7859e+00 -3.5764e+00 +2.4743e+00
2 +8.743118535e+01 +8.743118535e+01 -1.388881465e+01 -1.388881465e+01 +1.9955e+00 -4.8939e+00 -2.9936e+00 -2.4251e+00 -1.2370e+00
3 +4.419501726e+01 +4.419501726e+01 -5.712498274e+01 -5.712498274e+01 -3.6000e+00 +6.0917e-01 +2.0444e+00 -3.2442e+00 +2.2072e-01
5 +2.457411179e+01 +2.457411179e+01 -7.674588821e+01 -7.674588821e+01 -7.6095e-01 -1.0520e+00 +3.4068e+00 -1.7466e+00 -2.6996e+00
20 +1.387495348e+01 +1.387495348e+01 -8.744504652e+01 -8.744504652e+01 -6.0418e-01 +4.2045e+00 +2.4100e+00 -5.7344e-01 -2.9844e+00
46 +7.252401249e+00 +7.252401249e+00 -9.406759875e+01 -9.406759875e+01 +4.5790e-01 +1.1346e+00 +6.8569e-01 -4.0453e+00 -3.8702e+00
106 +4.600669996e+00 +4.600669996e+00 -9.671933000e+01 -9.671933000e+01 +2.5113e+00 +4.6200e+00 +1.4127e+00 -2.6954e+00 -3.2071e+00
357 +3.410228881e+00 +3.410228881e+00 -9.790977112e+01 -9.790977112e+01 +1.6850e+00 +2.4406e+00 +1.2027e+00 -3.9386e+00 -1.7668e+00
458 +2.003429726e+00 +2.003429726e+00 -9.931657027e+01 -9.931657027e+01 +8.8072e-01 +2.5619e+00 +1.0218e+00 -2.6321e+00 -2.7247e+00
713 +1.373472631e+00 +1.373472631e+00 -9.994652737e+01 -9.994652737e+01 +6.5148e-01 +2.5790e+00 +1.9840e+00 -3.5596e+00 -3.2893e+00
1094 +3.485335208e-01 +3.485335208e-01 -1.009714665e+02 -1.009714665e+02 +2.0128e+00 +2.6318e+00 +1.8214e+00 -2.9706e+00 -2.7237e+00
1453 +2.463370987e-01 +2.463370987e-01 -1.010736629e+02 -1.010736629e+02 +1.7333e+00 +2.3375e+00 +1.7468e+00 -3.1050e+00 -3.3050e+00
1747 +1.260077005e-01 +1.260077005e-01 -1.011939923e+02 -1.011939923e+02 +1.7255e+00 +2.4845e+00 +1.8892e+00 -3.1858e+00 -3.3503e+00
2290 +4.646543113e-02 +4.646543113e-02 -1.012735346e+02 -1.012735346e+02 +1.7412e+00 +2.8190e+00 +2.1022e+00 -3.0215e+00 -3.0251e+00
2821 +3.956467157e-02 +3.956467157e-02 -1.012804353e+02 -1.012804353e+02 +1.7550e+00 +2.7958e+00 +2.1181e+00 -2.9878e+00 -3.0920e+00
3025 +2.409929176e-02 +2.409929176e-02 -1.012959007e+02 -1.012959007e+02 +1.7056e+00 +2.7595e+00 +2.1209e+00 -3.0688e+00 -3.1228e+00
3159 +1.460814205e-02 +1.460814205e-02 -1.013053919e+02 -1.013053919e+02 +1.7640e+00 +2.6895e+00 +1.9764e+00 -3.1104e+00 -3.2373e+00
3342 +6.690343957e-03 +6.690343957e-03 -1.013133097e+02 -1.013133097e+02 +1.7221e+00 +2.6988e+00 +1.9429e+00 -3.1038e+00 -3.2030e+00
3575 +4.047387140e-03 +4.047387140e-03 -1.013159526e+02 -1.013159526e+02 +1.7120e+00 +2.8016e+00 +1.9705e+00 -3.1132e+00 -3.1582e+00
3645 +3.952620893e-03 +3.952620893e-03 -1.013160474e+02 -1.013160474e+02 +1.6941e+00 +2.8158e+00 +1.9684e+00 -3.0601e+00 -3.1644e+00
3689 +1.766849642e-03 +1.766849642e-03 -1.013182332e+02 -1.013182332e+02 +1.7140e+00 +2.7683e+00 +1.9597e+00 -3.0513e+00 -3.1465e+00
3845 +8.876333207e-04 +8.876333207e-04 -1.013191124e+02 -1.013191124e+02 +1.6893e+00 +2.7448e+00 +1.9495e+00 -3.0657e+00 -3.1621e+00
4243 +5.277238691e-04 +5.277238691e-04 -1.013194723e+02 -1.013194723e+02 +1.6844e+00 +2.7533e+00 +1.9567e+00 -3.0690e+00 -3.1778e+00
4464 +3.189883645e-04 +3.189883645e-04 -1.013196810e+02 -1.013196810e+02 +1.7067e+00 +2.7451e+00 +1.9737e+00 -3.0656e+00 -3.1769e+00
4486 +2.376521459e-04 +2.376521459e-04 -1.013197623e+02 -1.013197623e+02 +1.7016e+00 +2.7536e+00 +1.9604e+00 -3.0682e+00 -3.1699e+00
4641 +1.294603083e-04 +1.294603083e-04 -1.013198705e+02 -1.013198705e+02 +1.7038e+00 +2.7602e+00 +1.9787e+00 -3.0702e+00 -3.1736e+00
4746 +9.071259866e-05 +9.071259866e-05 -1.013199093e+02 -1.013199093e+02 +1.6961e+00 +2.7551e+00 +1.9642e+00 -3.0729e+00 -3.1705e+00
4820 +5.514847967e-05 +5.514847967e-05 -1.013199449e+02 -1.013199449e+02 +1.7018e+00 +2.7541e+00 +1.9701e+00 -3.0705e+00 -3.1716e+00
4865 +3.220570461e-05 +3.220570461e-05 -1.013199678e+02 -1.013199678e+02 +1.6986e+00 +2.7550e+00 +1.9698e+00 -3.0707e+00 -3.1712e+00
% function evaluation | noise-free fitness - Fopt (3.650000000000e+00) | best noise-free fitness - Fopt | measured fitness | best measured fitness | x1 | x2...
1 +1.162351330e+02 +1.162351330e+02 +1.198851330e+02 +1.198851330e+02 -2.3084e+00 -3.8627e+00 -4.7507e+00 -3.2139e+00 +3.2375e+00
2 +2.403311083e+01 +2.403311083e+01 +2.768311083e+01 +2.768311083e+01 +3.0643e+00 -2.7709e-01 -2.4337e-01 +2.9581e+00 +1.4615e+00
36 +1.522426206e+01 +1.522426206e+01 +1.887426206e+01 +1.887426206e+01 +2.1976e-01 -3.5751e-01 +3.9129e+00 +2.6316e+00 -2.3347e+00
121 +3.784777705e+00 +3.784777705e+00 +7.434777705e+00 +7.434777705e+00 +4.3827e-01 -2.0078e+00 +1.2680e-02 +3.1640e+00 -4.0131e+00
455 +1.287405998e+00 +1.287405998e+00 +4.937405998e+00 +4.937405998e+00 +1.3564e+00 -1.7109e+00 +1.6615e-01 +3.2461e+00 -1.7955e+00
691 +8.226659882e-01 +8.226659882e-01 +4.472665988e+00 +4.472665988e+00 +7.6964e-01 -1.6153e+00 +1.0391e+00 +3.3908e+00 -2.7383e+00
849 +6.101761767e-01 +6.101761767e-01 +4.260176177e+00 +4.260176177e+00 +7.0184e-01 -1.7630e+00 +7.5230e-01 +2.9767e+00 -2.2196e+00
1317 +3.652602728e-01 +3.652602728e-01 +4.015260273e+00 +4.015260273e+00 +3.8980e-01 -1.9361e+00 +8.7697e-01 +3.3065e+00 -1.8842e+00
1814 +1.447489806e-01 +1.447489806e-01 +3.794748981e+00 +3.794748981e+00 +6.5629e-01 -2.0705e+00 +4.3039e-01 +3.3799e+00 -2.0689e+00
2429 +9.608231573e-02 +9.608231573e-02 +3.746082316e+00 +3.746082316e+00 +6.0512e-01 -2.1405e+00 +5.2077e-01 +3.4808e+00 -2.3568e+00
2718 +5.095912711e-02 +5.095912711e-02 +3.700959127e+00 +3.700959127e+00 +5.2433e-01 -2.0771e+00 +4.6426e-01 +3.5070e+00 -2.1029e+00
2807 +2.990627750e-02 +2.990627750e-02 +3.679906277e+00 +3.679906277e+00 +4.9734e-01 -2.0476e+00 +4.6553e-01 +3.5309e+00 -2.2595e+00
3086 +2.161096436e-02 +2.161096436e-02 +3.671610964e+00 +3.671610964e+00 +5.2066e-01 -2.0575e+00 +4.9125e-01 +3.6725e+00 -2.0944e+00
3246 +9.679006882e-03 +9.679006882e-03 +3.659679007e+00 +3.659679007e+00 +5.1495e-01 -2.0064e+00 +5.9446e-01 +3.6243e+00 -2.2549e+00
3481 +5.474502418e-03 +5.474502418e-03 +3.655474502e+00 +3.655474502e+00 +4.8671e-01 -1.9617e+00 +5.8621e-01 +3.6204e+00 -2.1988e+00
3603 +3.781865425e-03 +3.781865425e-03 +3.653781865e+00 +3.653781865e+00 +4.8231e-01 -2.0055e+00 +4.9659e-01 +3.6296e+00 -2.1852e+00
3666 +5.271870212e-04 +5.271870212e-04 +3.650527187e+00 +3.650527187e+00 +4.9890e-01 -1.9707e+00 +5.1773e-01 +3.6832e+00 -2.2056e+00
4066 +3.589276251e-04 +3.589276251e-04 +3.650358928e+00 +3.650358928e+00 +4.9215e-01 -1.9630e+00 +5.4283e-01 +3.6644e+00 -2.2012e+00
4268 +1.089790919e-04 +1.089790919e-04 +3.650108979e+00 +3.650108979e+00 +4.9797e-01 -1.9783e+00 +5.2700e-01 +3.6728e+00 -2.2061e+00
4294 +7.522653489e-05 +7.522653489e-05 +3.650075227e+00 +3.650075227e+00 +4.9154e-01 -1.9754e+00 +5.2394e-01 +3.6646e+00 -2.2129e+00
4509 +3.634370996e-05 +3.634370996e-05 +3.650036344e+00 +3.650036344e+00 +4.9281e-01 -1.9799e+00 +5.2734e-01 +3.6640e+00 -2.2075e+00
4529 +1.515917989e-05 +1.515917989e-05 +3.650015159e+00 +3.650015159e+00 +4.9442e-01 -1.9758e+00 +5.2860e-01 +3.6630e+00 -2.2099e+00
4709 +7.528386393e-06 +7.528386393e-06 +3.650007528e+00 +3.650007528e+00 +4.9456e-01 -1.9758e+00 +5.2778e-01 +3.6633e+00 -2.2084e+00
4804 +4.310587119e-06 +4.310587119e-06 +3.650004311e+00 +3.650004311e+00 +4.9282e-01 -1.9745e+00 +5.2895e-01 +3.6653e+00 -2.2060e+00
4903 +9.084275070e-07 +9.084275070e-07 +3.650000908e+00 +3.650000908e+00 +4.9515e-01 -1.9745e+00 +5.2839e-01 +3.6636e+00 -2.2064e+00
% function evaluation | noise-free fitness - Fopt (2.205300000000e+02) | best noise-free fitness - Fopt | measured fitness | best measured fitness | x1 | x2...
1 +1.529563818e+01 +1.529563818e+01 +2.358256382e+02 +2.358256382e+02 +1.5428e+00 -2.2863e+00 +3.6965e-01 -2.6230e+00 +1.9899e+00
57 +8.094838684e+00 +8.094838684e+00 +2.286248387e+02 +2.286248387e+02 +1.9889e+00 -3.6357e+00 +4.1288e-01 +9.4273e-01 +1.0717e+00
221 +3.152389531e+00 +3.152389531e+00 +2.236823895e+02 +2.236823895e+02 +1.9643e+00 -4.4120e+00 +7.1452e-01 -1.1119e+00 +3.6130e+00
404 +2.067665961e+00 +2.067665961e+00 +2.225976660e+02 +2.225976660e+02 +3.2589e+00 -3.2930e+00 -3.3117e-01 +0.0000e+00 +3.4931e+00
642 +1.440755699e+00 +1.440755699e+00 +2.219707557e+02 +2.219707557e+02 +2.5952e+00 -3.9865e+00 +1.3120e+00 +1.1269e+00 +4.0714e+00
716 +7.638130006e-01 +7.638130006e-01 +2.212938130e+02 +2.212938130e+02 +3.0530e+00 -3.6111e+00 +1.2760e+00 -5.7937e-01 +3.5471e+00
1001 +5.914497294e-01 +5.914497294e-01 +2.211214497e+02 +2.211214497e+02 +2.7912e+00 -3.9290e+00 +1.6812e+00 +2.8004e-01 +3.4889e+00
1073 +2.412391334e-01 +2.412391334e-01 +2.207712391e+02 +2.207712391e+02 +2.7375e+00 -3.7813e+00 +8.3220e-01 +5.6839e-01 +3.6838e+00
1962 +1.347612795e-01 +1.347612795e-01 +2.206647613e+02 +2.206647613e+02 +3.0626e+00 -3.9823e+00 +7.6240e-01 +4.6383e-01 +3.4953e+00
2060 +8.435034665e-02 +8.435034665e-02 +2.206143503e+02 +2.206143503e+02 +3.1479e+00 -3.9338e+00 +9.2779e-01 +4.2140e-01 +3.5099e+00
2362 +5.116048403e-02 +5.116048403e-02 +2.205811605e+02 +2.205811605e+02 +3.0808e+00 -3.9067e+00 +9.4192e-01 +3.8577e-01 +3.6234e+00
2860 +3.833043943e-02 +3.833043943e-02 +2.205683304e+02 +2.205683304e+02 +3.0363e+00 -3.9097e+00 +1.0470e+00 +3.3982e-01 +3.5020e+00
2884 +2.111584217e-02 +2.111584217e-02 +2.205511158e+02 +2.205511158e+02 +3.0851e+00 -3.8756e+00 +1.0537e+00 +1.6635e-01 +3.5975e+00
3114 +1.465135137e-02 +1.465135137e-02 +2.205446514e+02 +2.205446514e+02 +2.9804e+00 -3.9197e+00 +1.0015e+00 +2.0272e-01 +3.6410e+00
3230 +8.849812401e-03 +8.849812401e-03 +2.205388498e+02 +2.205388498e+02 +2.9951e+00 -3.8277e+00 +9.0634e-01 +1.7833e-01 +3.6358e+00
3428 +6.301694319e-03 +6.301694319e-03 +2.205363017e+02 +2.205363017e+02 +3.0203e+00 -3.8272e+00 +9.0572e-01 +2.1184e-01 +3.6115e+00
3646 +1.478139775e-03 +1.478139775e-03 +2.205314781e+02 +2.205314781e+02 +3.0038e+00 -3.8499e+00 +9.5299e-01 +1.8252e-01 +3.5228e+00
3824 +9.951564181e-04 +9.951564181e-04 +2.205309952e+02 +2.205309952e+02 +2.9975e+00 -3.8167e+00 +9.5341e-01 +1.9407e-01 +3.5548e+00
4008 +5.975975302e-04 +5.975975302e-04 +2.205305976e+02 +2.205305976e+02 +2.9912e+00 -3.8387e+00 +9.5396e-01 +1.7663e-01 +3.5469e+00
4272 +3.909234573e-04 +3.909234573e-04 +2.205303909e+02 +2.205303909e+02 +2.9875e+00 -3.8482e+00 +9.4797e-01 +1.8440e-01 +3.5455e+00
4356 +1.676642484e-04 +1.676642484e-04 +2.205301677e+02 +2.205301677e+02 +3.0000e+00 -3.8464e+00 +9.5205e-01 +1.8279e-01 +3.5578e+00
4448 +8.565936096e-05 +8.565936096e-05 +2.205300857e+02 +2.205300857e+02 +2.9979e+00 -3.8526e+00 +9.4610e-01 +1.9670e-01 +3.5624e+00
4466 +2.624973132e-05 +2.624973132e-05 +2.205300262e+02 +2.205300262e+02 +3.0006e+00 -3.8498e+00 +9.5356e-01 +1.9240e-01 +3.5586e+00
4625 +1.390038071e-05 +1.390038071e-05 +2.205300139e+02 +2.205300139e+02 +2.9978e+00 -3.8483e+00 +9.5506e-01 +1.9255e-01 +3.5576e+00
4804 +8.253341917e-06 +8.253341917e-06 +2.205300083e+02 +2.205300083e+02 +2.9975e+00 -3.8487e+00 +9.5317e-01 +1.9260e-01 +3.5577e+00
4846 +4.674511985e-06 +4.674511985e-06 +2.205300047e+02 +2.205300047e+02 +2.9969e+00 -3.8470e+00 +9.5434e-01 +1.9409e-01 +3.5582e+00
4884 +6.158285544e-07 +6.158285544e-07 +2.205300006e+02 +2.205300006e+02 +2.9973e+00 -3.8480e+00 +9.5298e-01 +1.9506e-01 +3.5590e+00
% function evaluation | noise-free fitness - Fopt (4.212900000000e+02) | best noise-free fitness - Fopt | measured fitness | best measured fitness | x1 | x2...
1 +8.432296797e+01 +8.432296797e+01 +5.056129680e+02 +5.056129680e+02 -2.6479e+00 +2.0404e+00 -2.6587e+00 +3.9683e+00 -4.9621e+00
2 +3.290328970e+01 +3.290328970e+01 +4.541932897e+02 +4.541932897e+02 +6.8204e-01 +1.9450e+00 -9.8225e-01 -4.1063e+00 +1.4741e+00
6 +2.372792701e+01 +2.372792701e+01 +4.450179270e+02 +4.450179270e+02 -2.0299e+00 +2.6415e+00 +4.0371e+00 -3.4042e+00 +2.7227e+00
22 +9.712606158e+00 +9.712606158e+00 +4.310026062e+02 +4.310026062e+02 -2.1604e+00 +1.7592e+00 +3.4669e-01 -1.3546e+00 -1.5890e+00
79 +4.123499338e+00 +4.123499338e+00 +4.254134993e+02 +4.254134993e+02 -3.8766e+00 +2.5070e+00 +2.7914e+00 -2.9578e+00 +1.8066e-01
287 +3.620331325e+00 +3.620331325e+00 +4.249103313e+02 +4.249103313e+02 -5.0000e+00 +2.4470e+00 +9.3156e-01 -1.6365e+00 -1.5940e-01
447 +1.375723568e+00 +1.375723568e+00 +4.226657236e+02 +4.226657236e+02 -4.0291e+00 +2.5368e+00 +1.7344e+00 -3.1592e+00 +0.0000e+00
835 +8.598041080e-01 +8.598041080e-01 +4.221498041e+02 +4.221498041e+02 -3.7576e+00 +2.5090e+00 +1.2466e+00 -2.8857e+00 -9.0559e-01
1098 +5.584328826e-01 +5.584328826e-01 +4.218484329e+02 +4.218484329e+02 -4.2733e+00 +2.9215e+00 +8.5891e-01 -2.9414e+00 -1.0334e+00
1237 +1.915160370e-01 +1.915160370e-01 +4.214815160e+02 +4.214815160e+02 -4.0025e+00 +3.5611e+00 +1.0404e+00 -3.2474e+00 -6.4018e-01
1778 +1.540448421e-01 +1.540448421e-01 +4.214440448e+02 +4.214440448e+02 -3.9800e+00 +3.4040e+00 +8.7004e-01 -3.2030e+00 -6.7679e-01
1857 +9.308206217e-02 +9.308206217e-02 +4.213830821e+02 +4.213830821e+02 -3.7620e+00 +3.2894e+00 +1.0880e+00 -2.9804e+00 -7.4448e-01
2231 +4.363090236e-02 +4.363090236e-02 +4.213336309e+02 +4.213336309e+02 -3.9190e+00 +3.2207e+00 +9.4375e-01 -2.7727e+00 -5.1566e-01
2659 +1.569867511e-02 +1.569867511e-02 +4.213056987e+02 +4.213056987e+02 -3.8846e+00 +3.4047e+00 +1.0791e+00 -2.9491e+00 -5.2016e-01
3226 +4.695434786e-03 +4.695434786e-03 +4.212946954e+02 +4.212946954e+02 -3.9435e+00 +3.2400e+00 +1.0735e+00 -2.9154e+00 -5.1052e-01
3456 +2.870038184e-03 +2.870038184e-03 +4.212928700e+02 +4.212928700e+02 -3.9134e+00 +3.3085e+00 +1.0469e+00 -2.9223e+00 -5.4906e-01
3631 +2.137072173e-03 +2.137072173e-03 +4.212921371e+02 +4.212921371e+02 -3.9416e+00 +3.3074e+00 +1.0681e+00 -2.9609e+00 -5.2663e-01
3862 +1.182894131e-03 +1.182894131e-03 +4.212911829e+02 +4.212911829e+02 -3.9361e+00 +3.2877e+00 +1.0846e+00 -2.9143e+00 -5.2241e-01
4016 +5.629656157e-04 +5.629656157e-04 +4.212905630e+02 +4.212905630e+02 -3.9342e+00 +3.3016e+00 +1.0713e+00 -2.9143e+00 -5.0902e-01
4034 +2.431412341e-04 +2.431412341e-04 +4.212902431e+02 +4.212902431e+02 -3.9571e+00 +3.2982e+00 +1.0549e+00 -2.9237e+00 -5.0920e-01
4434 +1.136702543e-04 +1.136702543e-04 +4.212901137e+02 +4.212901137e+02 -3.9578e+00 +3.3041e+00 +1.0622e+00 -2.9271e+00 -5.1713e-01
4472 +7.525981334e-05 +7.525981334e-05 +4.212900753e+02 +4.212900753e+02 -3.9597e+00 +3.3122e+00 +1.0637e+00 -2.9162e+00 -5.1817e-01
4487 +5.268839669e-05 +5.268839669e-05 +4.212900527e+02 +4.212900527e+02 -3.9576e+00 +3.3060e+00 +1.0584e+00 -2.9187e+00 -5.1320e-01
4574 +3.774416143e-05 +3.774416143e-05 +4.212900377e+02 +4.212900377e+02 -3.9537e+00 +3.3100e+00 +1.0649e+00 -2.9214e+00 -5.1555e-01
4620 +1.223458361e-05 +1.223458361e-05 +4.212900122e+02 +4.212900122e+02 -3.9530e+00 +3.3062e+00 +1.0638e+00 -2.9155e+00 -5.1526e-01
4818 +6.110344088e-06 +6.110344088e-06 +4.212900061e+02 +4.212900061e+02 -3.9522e+00 +3.3055e+00 +1.0640e+00 -2.9183e+00 -5.1790e-01
4861 +3.018473478e-06 +3.018473478e-06 +4.212900030e+02 +4.212900030e+02 -3.9543e+00 +3.3075e+00 +1.0624e+00 -2.9187e+00 -5.1800e-01
4993 +1.082556992e-06 +1.082556992e-06 +4.212900011e+02 +4.212900011e+02 -3.9537e+00 +3.3072e+00 +1.0629e+00 -2.9176e+00 -5.1802e-01
% function evaluation | noise-free fitness - Fopt (-7.900000000000e+01) | best noise-free fitness - Fopt | measured fitness | best measured fitness | x1 | x2...
1 +3.083505965e+01 +3.083505965e+01 -4.816494035e+01 -4.816494035e+01 -4.0545e+00 -8.3984e-01 +1.6106e+00 +4.2827e+00 -8.1661e-01
17 +1.451108599e+01 +1.451108599e+01 -6.448891401e+01 -6.448891401e+01 -4.3222e+00 +3.3851e-01 +1.5001e-02 +2.0196e+00 -8.3304e-01
52 +6.225328989e+00 +6.225328989e+00 -7.277467101e+01 -7.277467101e+01 -1.5343e+00 -5.3632e-01 +8.1273e-01 +1.3092e+00 -3.5819e+00
304 +2.855972295e+00 +2.855972295e+00 -7.614402771e+01 -7.614402771e+01 -3.6956e+00 +1.3032e+00 +6.8320e-01 +1.5019e+00 -5.0000e+00
603 +2.328868345e+00 +2.328868345e+00 -7.667113166e+01 -7.667113166e+01 -3.3121e+00 +2.5618e+00 +8.0058e-01 +8.6572e-01 -3.7961e+00
657 +8.546157609e-01 +8.546157609e-01 -7.814538424e+01 -7.814538424e+01 -3.8734e+00 +1.4841e+00 +2.5472e-01 +5.9083e-01 -3.9635e+00
997 +6.279339428e-01 +6.279339428e-01 -7.837206606e+01 -7.837206606e+01 -3.5709e+00 +1.0946e+00 +9.1390e-01 +6.7836e-02 -4.0465e+00
1339 +8.452727647e-02 +8.452727647e-02 -7.891547272e+01 -7.891547272e+01 -3.0443e+00 +1.2146e+00 +3.5206e-01 +1.5512e-01 -3.8832e+00
1998 +3.619736813e-02 +3.619736813e-02 -7.896380263e+01 -7.896380263e+01 -3.0111e+00 +1.2068e+00 +3.4928e-01 +5.0255e-01 -3.7859e+00
2442 +1.413199974e-02 +1.413199974e-02 -7.898586800e+01 -7.898586800e+01 -3.0067e+00 +1.0978e+00 +3.8384e-01 +4.5032e-01 -3.9130e+00
3073 +8.187713885e-03 +8.187713885e-03 -7.899181229e+01 -7.899181229e+01 -3.0210e+00 +1.0898e+00 +4.8852e-01 +4.1634e-01 -3.9141e+00
3076 +4.612377050e-03 +4.612377050e-03 -7.899538762e+01 -7.899538762e+01 -3.0191e+00 +1.1113e+00 +4.5328e-01 +4.0940e-01 -3.9077e+00
3426 +5.054536013e-04 +5.054536013e-04 -7.899949455e+01 -7.899949455e+01 -3.0592e+00 +1.1771e+00 +4.5749e-01 +4.3812e-01 -3.9044e+00
3635 +1.805223184e-04 +1.805223184e-04 -7.899981948e+01 -7.899981948e+01 -3.0452e+00 +1.1836e+00 +4.5802e-01 +4.2158e-01 -3.9065e+00
4035 +5.591450908e-05 +5.591450908e-05 -7.899994409e+01 -7.899994409e+01 -3.0446e+00 +1.1751e+00 +4.5921e-01 +4.2150e-01 -3.9093e+00
4442 +3.727034154e-05 +3.727034154e-05 -7.899996273e+01 -7.899996273e+01 -3.0475e+00 +1.1730e+00 +4.5819e-01 +4.2143e-01 -3.9093e+00
4687 +1.993571834e-05 +1.993571834e-05 -7.899998006e+01 -7.899998006e+01 -3.0483e+00 +1.1672e+00 +4.6011e-01 +4.2092e-01 -3.9057e+00
4801 +1.289718666e-05 +1.289718666e-05 -7.899998710e+01 -7.899998710e+01 -3.0475e+00 +1.1705e+00 +4.6125e-01 +4.1706e-01 -3.9066e+00
4813 +5.417013242e-06 +5.417013242e-06 -7.899999458e+01 -7.899999458e+01 -3.0464e+00 +1.1701e+00 +4.6193e-01 +4.2038e-01 -3.9060e+00
% function evaluation | noise-free fitness - Fopt (-4.133000000000e+01) | best noise-free fitness - Fopt | measured fitness | best measured fitness | x1 | x2...
1 +7.460250898e+01 +7.460250898e+01 +3.327250898e+01 +3.327250898e+01 -3.8006e+00 -1.6731e+00 -2.0284e+00 +4.1303e+00 -2.2030e+00
2 +2.515023112e+01 +2.515023112e+01 -1.617976888e+01 -1.617976888e+01 +1.2955e+00 -4.7124e+00 -1.6743e+00 -2.7971e+00 -7.9772e-01
5 +1.532253335e+01 +1.532253335e+01 -2.600746665e+01 -2.600746665e+01 +1.1894e+00 -2.9604e+00 +9.0215e-01 -4.5488e+00 +2.3822e+00
23 +9.443229058e+00 +9.443229058e+00 -3.188677094e+01 -3.188677094e+01 +9.4814e-01 -3.0050e+00 -1.0707e+00 -1.0670e+00 +5.4660e-02
114 +2.541390082e+00 +2.541390082e+00 -3.878860992e+01 -3.878860992e+01 -4.5799e-01 -1.3471e+00 -6.0626e-01 -2.7528e+00 +2.2859e+00
631 +1.541102459e+00 +1.541102459e+00 -3.978889754e+01 -3.978889754e+01 -4.8608e-01 -1.4102e+00 -1.2139e+00 -2.2584e+00 +2.4016e+00
665 +7.321133153e-01 +7.321133153e-01 -4.059788668e+01 -4.059788668e+01 +4.3619e-01 -1.5786e+00 -1.4597e+00 -1.3982e+00 +3.2532e+00
1409 +5.386183658e-01 +5.386183658e-01 -4.079138163e+01 -4.079138163e+01 +8.0138e-01 -1.5377e+00 -1.3296e+00 -1.0910e+00 +2.3837e+00
1809 +2.924315442e-01 +2.924315442e-01 -4.103756846e+01 -4.103756846e+01 +3.7084e-01 -1.8053e+00 -1.1928e+00 -1.6048e+00 +2.3269e+00
1816 +2.111411124e-01 +2.111411124e-01 -4.111885889e+01 -4.111885889e+01 +3.2713e-01 -1.7717e+00 -1.1429e+00 -1.7136e+00 +2.5116e+00
2050 +1.220103516e-01 +1.220103516e-01 -4.120798965e+01 -4.120798965e+01 +2.6329e-01 -1.5768e+00 -1.0367e+00 -1.4529e+00 +2.8373e+00
2454 +8.968854200e-02 +8.968854200e-02 -4.124031146e+01 -4.124031146e+01 +3.4202e-01 -1.6531e+00 -1.0433e+00 -1.4080e+00 +2.6915e+00
2477 +5.313835895e-02 +5.313835895e-02 -4.127686164e+01 -4.127686164e+01 +4.8613e-01 -1.5276e+00 -1.0677e+00 -1.5281e+00 +2.7715e+00
2558 +2.468935334e-02 +2.468935334e-02 -4.130531065e+01 -4.130531065e+01 +5.3554e-01 -1.5634e+00 -9.4442e-01 -1.4904e+00 +2.6647e+00
2912 +8.130889937e-03 +8.130889937e-03 -4.132186911e+01 -4.132186911e+01 +4.2525e-01 -1.3978e+00 -9.8730e-01 -1.5432e+00 +2.6381e+00
3457 +4.493284391e-03 +4.493284391e-03 -4.132550672e+01 -4.132550672e+01 +5.1661e-01 -1.4280e+00 -9.2253e-01 -1.5287e+00 +2.6210e+00
3459 +3.900329299e-03 +3.900329299e-03 -4.132609967e+01 -4.132609967e+01 +4.7811e-01 -1.4632e+00 -9.3015e-01 -1.4768e+00 +2.6017e+00
3807 +2.320822506e-03 +2.320822506e-03 -4.132767918e+01 -4.132767918e+01 +4.5386e-01 -1.4560e+00 -9.0554e-01 -1.5018e+00 +2.6442e+00
3825 +1.489684184e-03 +1.489684184e-03 -4.132851032e+01 -4.132851032e+01 +4.5273e-01 -1.4752e+00 -9.2758e-01 -1.5039e+00 +2.6180e+00
4057 +9.136983502e-04 +9.136983502e-04 -4.132908630e+01 -4.132908630e+01 +4.6612e-01 -1.4465e+00 -9.0959e-01 -1.5143e+00 +2.6273e+00
4059 +7.245741077e-05 +7.245741077e-05 -4.132992754e+01 -4.132992754e+01 +4.4837e-01 -1.4452e+00 -9.2608e-01 -1.5274e+00 +2.6160e+00
4459 +4.037374637e-05 +4.037374637e-05 -4.132995963e+01 -4.132995963e+01 +4.5307e-01 -1.4475e+00 -9.2623e-01 -1.5273e+00 +2.6166e+00
4579 +1.791797889e-05 +1.791797889e-05 -4.132998208e+01 -4.132998208e+01 +4.5070e-01 -1.4483e+00 -9.2605e-01 -1.5285e+00 +2.6112e+00
4697 +1.209745628e-05 +1.209745628e-05 -4.132998790e+01 -4.132998790e+01 +4.5115e-01 -1.4473e+00 -9.2645e-01 -1.5302e+00 +2.6117e+00
4825 +4.295200654e-06 +4.295200654e-06 -4.132999570e+01 -4.132999570e+01 +4.5169e-01 -1.4481e+00 -9.2479e-01 -1.5316e+00 +2.6122e+00
% function evaluation | noise-free fitness - Fopt (2.127500000000e+02) | best noise-free fitness - Fopt | measured fitness | best measured fitness | x1 | x2...
1 +1.043799814e+02 +1.043799814e+02 +3.171299814e+02 +3.171299814e+02 +1.9053e+00 -4.9211e+00 -4.8378e+00 +4.9931e+00 +3.1788e+00
3 +7.725330318e+01 +7.725330318e+01 +2.900033032e+02 +2.900033032e+02 +9.3088e-01 -3.3948e+00 +3.6801e+00 -2.9613e+00 -2.9966e+00
4 +3.709310105e+01 +3.709310105e+01 +2.498431011e+02 +2.498431011e+02 +1.7195e+00 -8.0344e-01 -2.7764e+00 -1.0625e+00 -2.1452e-01
22 +6.678199001e+00 +6.678199001e+00 +2.194281990e+02 +2.194281990e+02 -4.4662e+00 -4.6385e+00 -2.6141e+00 -2.5002e+00 -2.4451e+00
96 +1.926545711e+00 +1.926545711e+00 +2.146765457e+02 +2.146765457e+02 -4.0402e+00 -3.9696e+00 -3.2154e+00 -1.2502e+00 -1.2603e+00
589 +2.999886534e-01 +2.999886534e-01 +2.130499887e+02 +2.130499887e+02 -3.8904e+00 -2.8548e+00 -3.3759e+00 -1.2903e+00 -1.1683e+00
807 +7.979330067e-02 +7.979330067e-02 +2.128297933e+02 +2.128297933e+02 -3.6768e+00 -2.6396e+00 -3.5119e+00 -1.4651e+00 -1.5508e+00
2282 +4.897438305e-02 +4.897438305e-02 +2.127989744e+02 +2.127989744e+02 -3.6914e+00 -2.6177e+00 -3.4753e+00 -1.4144e+00 -1.6044e+00
2454 +2.476330831e-02 +2.476330831e-02 +2.127747633e+02 +2.127747633e+02 -3.7346e+00 -2.6254e+00 -3.4341e+00 -1.3459e+00 -1.7364e+00
3097 +1.285547436e-02 +1.285547436e-02 +2.127628555e+02 +2.127628555e+02 -3.7878e+00 -2.6813e+00 -3.3387e+00 -1.3219e+00 -1.5974e+00
3192 +3.764723869e-03 +3.764723869e-03 +2.127537647e+02 +2.127537647e+02 -3.8693e+00 -2.6814e+00 -3.3528e+00 -1.3116e+00 -1.6961e+00
3592 +7.978641096e-04 +7.978641096e-04 +2.127507979e+02 +2.127507979e+02 -3.8528e+00 -2.6811e+00 -3.3489e+00 -1.3805e+00 -1.6961e+00
3636 +4.293249053e-04 +4.293249053e-04 +2.127504293e+02 +2.127504293e+02 -3.8493e+00 -2.6853e+00 -3.3570e+00 -1.3814e+00 -1.6785e+00
3887 +1.156191436e-04 +1.156191436e-04 +2.127501156e+02 +2.127501156e+02 -3.8526e+00 -2.6695e+00 -3.3570e+00 -1.3654e+00 -1.6865e+00
4068 +6.463131930e-05 +6.463131930e-05 +2.127500646e+02 +2.127500646e+02 -3.8500e+00 -2.6678e+00 -3.3585e+00 -1.3707e+00 -1.6796e+00
4268 +3.110081940e-05 +3.110081940e-05 +2.127500311e+02 +2.127500311e+02 -3.8510e+00 -2.6698e+00 -3.3601e+00 -1.3699e+00 -1.6784e+00
4419 +1.694116654e-05 +1.694116654e-05 +2.127500169e+02 +2.127500169e+02 -3.8489e+00 -2.6712e+00 -3.3594e+00 -1.3639e+00 -1.6797e+00
4558 +1.046957263e-05 +1.046957263e-05 +2.127500105e+02 +2.127500105e+02 -3.8506e+00 -2.6699e+00 -3.3612e+00 -1.3668e+00 -1.6781e+00
4602 +9.633878079e-06 +9.633878079e-06 +2.127500096e+02 +2.127500096e+02 -3.8509e+00 -2.6709e+00 -3.3621e+00 -1.3648e+00 -1.6798e+00
4802 +5.566325285e-06 +5.566325285e-06 +2.127500056e+02 +2.127500056e+02 -3.8512e+00 -2.6718e+00 -3.3614e+00 -1.3658e+00 -1.6796e+00
4823 +2.740965755e-06 +2.740965755e-06 +2.127500027e+02 +2.127500027e+02 -3.8509e+00 -2.6712e+00 -3.3614e+00 -1.3655e+00 -1.6779e+00
4968 +1.874353444e-06 +1.874353444e-06 +2.127500019e+02 +2.127500019e+02 -3.8498e+00 -2.6721e+00 -3.3616e+00 -1.3666e+00 -1.6773e+00
4981 +1.547372676e-06 +1.547372676e-06 +2.127500015e+02 +2.127500015e+02 -3.8508e+00 -2.6729e+00 -3.3605e+00 -1.3655e+00 -1.6779e+00
