% function evaluation | noise-free fitness - Fopt (7.948000000000e+01) | best noise-free fitness - Fopt | measured fitness | best measured fitness | x1 | x2...
1 +1.017059240e+02 +1.017059240e+02 +1.811859240e+02 +1.811859240e+02 -4.4976e+00 -4.8400e+00 +2.7745e+00 +4.3382e+00 +2.1321e+00 +3.7141e-01 +1.8399e+00 -2.7010e+00 -2.5396e-01 +2.1191e-01
2 +7.424182841e+01 +7.424182841e+01 +1.537218284e+02 +1.537218284e+02 +2.1782e-01 -5.3083e-02 +6.0133e-01 +1.9136e+00 +1.8810e+00 -4.7622e+00 +6.8817e-01 +2.4814e+00 +2.1199e+00 -1.3024e+00
5 +3.424858563e+01 +3.424858563e+01 +1.137285856e+02 +1.137285856e+02 +4.6598e-01 -2.5666e+00 -2.1641e+00 -2.9199e-01 +1.8745e+00 -9.5206e-01 -1.3098e+00 +1.1701e+00 -1.6162e+00 -3.1414e+00
164 +2.094535397e+01 +2.094535397e+01 +1.004253540e+02 +1.004253540e+02 -8.8121e-01 -1.0670e+00 -2.4530e+00 +3.5509e+00 -3.6637e+00 -2.4875e+00 -1.8700e+00 -3.0877e-02 -1.0261e+00 -2.0409e+00
487 +1.421287897e+01 +1.421287897e+01 +9.369287897e+01 +9.369287897e+01 +5.6815e-01 -3.6308e-01 -1.7016e+00 +3.6767e-01 -2.1062e+00 +2.3951e+00 -1.1438e+00 +2.0347e-01 +0.0000e+00 -4.5341e+00
668 +6.874057429e+00 +6.874057429e+00 +8.635405743e+01 +8.635405743e+01 +1.3755e-01 -2.5609e-01 -7.9322e-01 +1.4274e+00 -2.0632e+00 +1.3399e+00 +1.2387e+00 +1.4410e+00 -1.0384e+00 -2.2379e+00
1027 +5.960901083e+00 +5.960901083e+00 +8.544090108e+01 +8.544090108e+01 +4.5331e-01 -1.9103e+00 -1.1717e+00 +5.5006e-01 -2.3487e+00 +1.3382e+00 +7.5165e-01 -4.6253e-01 -2.6253e+00 -2.5309e+00
1100 +3.583465784e+00 +3.583465784e+00 +8.306346578e+01 +8.306346578e+01 +0.0000e+00 +1.7314e-01 -5.2105e-01 +1.0923e+00 -2.9543e+00 +1.0528e+00 +1.1815e-02 +1.2598e-01 -2.0709e+00 -2.4527e+00
1322 +2.362870481e+00 +2.362870481e+00 +8.184287048e+01 +8.184287048e+01 -1.3621e-01 -8.9355e-01 -1.0220e+00 +1.1299e+00 -2.7797e+00 +1.0737e+00 -1.8875e-01 -3.4835e-02 -2.6091e+00 -2.8679e+00
2267 +1.483771539e+00 +1.483771539e+00 +8.096377154e+01 +8.096377154e+01 -1.1862e-01 -2.2256e-01 -8.6743e-01 +1.8742e+00 -2.7193e+00 +9.4787e-01 -2.8887e-01 -6.2957e-02 -1.3425e+00 -2.8529e+00
2605 +9.519668169e-01 +9.519668169e-01 +8.043196682e+01 +8.043196682e+01 -7.5888e-02 -1.3493e+00 -1.0196e+00 +1.5263e+00 -2.7777e+00 +7.7057e-01 -5.5860e-01 -1.7266e-02 -1.2079e+00 -2.8474e+00
2917 +5.101089327e-01 +5.101089327e-01 +7.999010893e+01 +7.999010893e+01 +3.0658e-01 -1.0664e+00 -7.5705e-01 +2.2134e+00 -2.6746e+00 +1.6577e-02 -3.6573e-01 +8.4606e-02 -1.2590e+00 -2.8768e+00
3116 +3.507633354e-01 +3.507633354e-01 +7.983076334e+01 +7.983076334e+01 +2.1517e-01 -1.0042e+00 -9.8098e-01 +2.1037e+00 -2.5277e+00 +6.7562e-01 -3.8949e-01 -1.0662e-01 -1.4929e+00 -3.0001e+00
3405 +2.120802238e-01 +2.120802238e-01 +7.969208022e+01 +7.969208022e+01 +1.4704e-01 -1.1632e+00 -1.1149e+00 +1.8353e+00 -2.6537e+00 +4.7395e-01 -2.5059e-01 +5.2375e-02 -1.5143e+00 -3.0392e+00
3482 +1.445525577e-01 +1.445525577e-01 +7.962455256e+01 +7.962455256e+01 +3.0246e-01 -1.1914e+00 -8.7679e-01 +2.1421e+00 -2.6828e+00 +6.9306e-01 -1.4650e-01 +6.5140e-02 -1.5871e+00 -3.0403e+00
3605 +8.459607615e-02 +8.459607615e-02 +7.956459608e+01 +7.956459608e+01 +2.0041e-01 -1.1711e+00 -9.4002e-01 +1.9913e+00 -2.7286e+00 +4.9361e-01 -2.4618e-01 +1.1708e-01 -1.5734e+00 -3.1194e+00
3808 +4.019109924e-02 +4.019109924e-02 +7.952019110e+01 +7.952019110e+01 +2.0035e-01 -1.1807e+00 -7.3591e-01 +2.0286e+00 -2.7696e+00 +5.6221e-01 -1.2122e-01 +1.0113e-01 -1.6420e+00 -3.1047e+00
4027 +3.185917715e-02 +3.185917715e-02 +7.951185918e+01 +7.951185918e+01 +2.6519e-01 -1.1475e+00 -7.3606e-01 +2.0094e+00 -2.7608e+00 +5.2886e-01 -1.4572e-01 +1.0476e-01 -1.6061e+00 -3.1411e+00
4029 +2.189785564e-02 +2.189785564e-02 +7.950189786e+01 +7.950189786e+01 +2.1882e-01 -1.1575e+00 -7.5186e-01 +2.0216e+00 -2.7298e+00 +5.0209e-01 -1.5123e-01 +9.7588e-02 -1.6241e+00 -3.1029e+00
4154 +1.298913000e-02 +1.298913000e-02 +7.949298913e+01 +7.949298913e+01 +1.9249e-01 -1.1798e+00 -7.1423e-01 +1.9880e+00 -2.6860e+00 +3.9063e-01 -9.5366e-02 +1.5422e-01 -1.6191e+00 -3.0752e+00
4531 +9.614572498e-03 +9.614572498e-03 +7.948961457e+01 +7.948961457e+01 +2.3614e-01 -1.1550e+00 -6.9831e-01 +1.9819e+00 -2.6961e+00 +4.3123e-01 -6.0908e-02 +1.4082e-01 -1.6255e+00 -3.0911e+00
4639 +5.443629602e-03 +5.443629602e-03 +7.948544363e+01 +7.948544363e+01 +2.3855e-01 -1.1407e+00 -6.9320e-01 +1.9688e+00 -2.6949e+00 +4.2355e-01 -1.1172e-01 +1.2080e-01 -1.6384e+00 -3.0932e+00
4836 +3.907541555e-03 +3.907541555e-03 +7.948390754e+01 +7.948390754e+01 +2.5863e-01 -1.1407e+00 -7.1500e-01 +1.9697e+00 -2.6919e+00 +4.3095e-01 -1.2369e-01 +1.2383e-01 -1.6430e+00 -3.0883e+00
4900 +1.170249354e-03 +1.170249354e-03 +7.948117025e+01 +7.948117025e+01 +2.3945e-01 -1.1375e+00 -7.2058e-01 +1.9299e+00 -2.6918e+00 +4.3470e-01 -1.2130e-01 +1.1296e-01 -1.6491e+00 -3.0670e+00
% function evaluation | noise-free fitness - Fopt (3.944800000000e+02) | best noise-free fitness - Fopt | measured fitness | best measured fitness | x1 | x2...
1 +2.615726050e+02 +2.615726050e+02 +6.560526050e+02 +6.560526050e+02 -6.3657e-01 +2.4041e-01 +4.3100e+00 -3.7552e+00 -1.0397e+00 +2.9226e+00 -1.2207e+00 -8.6931e-01 -1.3047e+00 +3.8179e+00
2 +1.166269247e+02 +1.166269247e+02 +5.111069247e+02 +5.111069247e+02 -4.8315e+00 -4.7740e+00 -2.3865e+00 -1.3050e+00 -8.4264e-01 +2.9482e+00 +4.5498e+00 -8.9989e-01 +1.7534e-01 +2.8580e+00
6 +7.560814555e+01 +7.560814555e+01 +4.700881456e+02 +4.700881456e+02 -2.3935e+00 -2.2228e+00 +8.8983e-01 +2.3444e+00 +9.5543e-01 +3.1137e+00 +4.3007e+00 +9.4645e-01 +2.0899e+00 -4.2378e+00
27 +5.759018232e+01 +5.759018232e+01 +4.520701823e+02 +4.520701823e+02 -6.5002e-01 -3.7456e-01 -9.8776e-01 +3.8196e+00 +1.7805e+00 -2.9289e+00 +2.1310e+00 +1.5818e+00 +3.1068e+00 -6.4813e-01
248 +3.098956275e+01 +3.098956275e+01 +4.254695627e+02 +4.254695627e+02 -3.1002e+00 -3.1135e-01 +1.4078e-01 +5.0000e+00 -5.4761e-01 -2.6454e+00 +3.2794e+00 +1.1630e+00 +3.2731e-01 -3.1790e+00
392 +1.840792327e+01 +1.840792327e+01 +4.128879233e+02 +4.128879233e+02 -1.2113e+00 -1.4896e+00 -4.5587e+00 +3.0397e+00 +5.3998e-01 -5.0000e+00 +1.9842e+00 +4.2124e-01 -6.1766e-01 -4.1420e+00
648 +1.348432320e+01 +1.348432320e+01 +4.079643232e+02 +4.079643232e+02 -2.0713e+00 -1.9881e+00 -5.0000e+00 +4.4635e+00 +1.3460e+00 -1.7050e+00 +2.1825e+00 +2.3760e-01 +9.6814e-01 -4.1715e+00
684 +8.954051967e+00 +8.954051967e+00 +4.034340520e+02 +4.034340520e+02 -3.3312e+00 -2.0822e+00 -5.0000e+00 +3.3905e+00 +3.3909e-01 -5.0000e+00 +4.2901e+00 +8.8188e-03 -1.4200e+00 -4.2302e+00
1352 +5.574545736e+00 +5.574545736e+00 +4.000545457e+02 +4.000545457e+02 -4.1208e+00 -2.6240e+00 -5.0000e+00 +4.7363e+00 +4.1833e-01 -4.1407e+00 +3.6096e+00 +1.0352e-01 -1.2925e+00 -2.7773e+00
1789 +2.227806902e+00 +2.227806902e+00 +3.967078069e+02 +3.967078069e+02 -3.8802e+00 -2.7053e+00 -3.0617e+00 +4.0084e+00 +1.5598e+00 -3.2471e+00 +3.3727e+00 -3.3123e-01 -1.0274e-01 -3.1516e+00
2062 +1.438143764e+00 +1.438143764e+00 +3.959181438e+02 +3.959181438e+02 -3.8837e+00 -2.7995e+00 -3.3040e+00 +4.0939e+00 +1.8271e+00 -3.3238e+00 +3.3267e+00 -7.0178e-01 -8.4967e-01 -3.8251e+00
2458 +3.072664781e-01 +3.072664781e-01 +3.947872665e+02 +3.947872665e+02 -3.9201e+00 -2.7905e+00 -3.8536e+00 +3.7778e+00 +7.0672e-01 -3.3004e+00 +3.5761e+00 -5.4253e-01 -7.9009e-01 -3.4725e+00
3088 +2.487624663e-01 +2.487624663e-01 +3.947287625e+02 +3.947287625e+02 -3.9078e+00 -2.7348e+00 -3.8821e+00 +3.8153e+00 +4.7999e-01 -2.8251e+00 +3.4601e+00 -4.6102e-01 -8.5093e-01 -3.5371e+00
3162 +1.577535641e-01 +1.577535641e-01 +3.946377536e+02 +3.946377536e+02 -3.9325e+00 -3.0616e+00 -3.8015e+00 +3.9008e+00 +7.5296e-01 -2.8933e+00 +3.4323e+00 -4.4223e-01 -7.1090e-01 -3.4875e+00
3405 +5.914390309e-02 +5.914390309e-02 +3.945391439e+02 +3.945391439e+02 -3.9843e+00 -2.9711e+00 -3.7761e+00 +3.9930e+00 +9.2960e-01 -2.9989e+00 +3.5633e+00 -6.2917e-01 -9.6436e-01 -3.6967e+00
3822 +3.555835798e-02 +3.555835798e-02 +3.945155584e+02 +3.945155584e+02 -3.8278e+00 -2.8661e+00 -3.8063e+00 +3.9692e+00 +8.2312e-01 -2.9816e+00 +3.3868e+00 -6.0633e-01 -8.9047e-01 -3.6117e+00
4032 +2.218187456e-02 +2.218187456e-02 +3.945021819e+02 +3.945021819e+02 -3.8311e+00 -2.9241e+00 -3.7930e+00 +3.9650e+00 +8.4021e-01 -2.9987e+00 +3.4532e+00 -5.7142e-01 -9.2987e-01 -3.7590e+00
4215 +9.830160920e-03 +9.830160920e-03 +3.944898302e+02 +3.944898302e+02 -3.8652e+00 -2.9724e+00 -3.7745e+00 +3.9095e+00 +8.6271e-01 -2.9165e+00 +3.4640e+00 -5.8735e-01 -9.0162e-01 -3.7481e+00
4579 +5.235641995e-03 +5.235641995e-03 +3.944852356e+02 +3.944852356e+02 -3.8756e+00 -2.8779e+00 -3.7812e+00 +3.9246e+00 +8.3317e-01 -2.8574e+00 +3.4292e+00 -5.8166e-01 -8.8556e-01 -3.7506e+00
4645 +3.683028843e-03 +3.683028843e-03 +3.944836830e+02 +3.944836830e+02 -3.8740e+00 -2.9059e+00 -3.7785e+00 +3.9303e+00 +8.5886e-01 -2.8933e+00 +3.4207e+00 -5.7485e-01 -8.8774e-01 -3.7523e+00
4853 +2.395544151e-03 +2.395544151e-03 +3.944823955e+02 +3.944823955e+02 -3.8841e+00 -2.8735e+00 -3.7836e+00 +3.9197e+00 +8.3839e-01 -2.9222e+00 +3.4295e+00 -5.8070e-01 -8.8246e-01 -3.7318e+00
% function evaluation | noise-free fitness - Fopt (-2.471100000000e+02) | best noise-free fitness - Fopt | measured fitness | best measured fitness | x1 | x2...
1 +1.726829554e+02 +1.726829554e+02 -7.442704463e+01 -7.442704463e+01 -2.5023e+00 -2.4053e+00 -4.4271e+00 +1.9209e+00 -4.3208e+00 -4.0902e-02 +2.8748e+00 +4.0623e+00 +4.5973e+00 -2.2891e+00
2 +1.513585597e+02 +1.513585597e+02 -9.575144028e+01 -9.575144028e+01 +3.2812e+00 +4.1053e+00 -3.4017e+00 -4.4197e+00 -3.9149e-01 -1.2877e+00 +1.5046e+00 +2.4517e+00 -3.3647e+00 +4.6858e+00
17 +7.086496098e+01 +7.086496098e+01 -1.762450390e+02 -1.762450390e+02 -2.2397e+00 +3.3720e+00 -2.8807e+00 -8.9732e-01 -4.2238e+00 -8.9977e-01 +2.2749e+00 +1.4754e+00 -1.7458e+00 +4.0139e+00
20 +4.105754557e+01 +4.105754557e+01 -2.060524544e+02 -2.060524544e+02 -4.7250e+00 +2.4237e+00 -3.7123e-01 -3.8989e+00 -7.6328e-01 +9.1507e-01 +1.1405e+00 -4.0258e+00 +2.6080e-01 -2.0000e+00
137 +3.821428949e+01 +3.821428949e+01 -2.088957105e+02 -2.088957105e+02 -2.0343e+00 +1.1250e+00 -2.9741e+00 -2.2040e+00 -4.7492e-01 +4.9874e+00 +4.9700e+00 -2.3512e+00 +2.1951e+00 +1.3516e+00
368 +1.954588446e+01 +1.954588446e+01 -2.275641155e+02 -2.275641155e+02 -1.4306e+00 +1.0153e+00 +3.8353e-01 -4.4163e+00 -2.5583e+00 +8.1360e-01 +7.7196e-01 -4.3482e+00 +5.0069e-01 +1.2286e+00
421 +1.117981658e+01 +1.117981658e+01 -2.359301834e+02 -2.359301834e+02 -5.0000e+00 -3.4595e-01 -5.1239e-01 -4.9285e+00 -2.9726e+00 +0.0000e+00 +4.1801e+00 -4.3273e+00 -1.0174e+00 +3.5307e+00
474 +7.253395883e+00 +7.253395883e+00 -2.398566041e+02 -2.398566041e+02 -3.4848e+00 +1.2271e+00 +0.0000e+00 -3.0837e+00 -3.0592e+00 +2.8739e+00 +3.1907e+00 -4.3188e+00 -3.1395e-01 +6.4849e-01
821 +4.558328846e+00 +4.558328846e+00 -2.425516712e+02 -2.425516712e+02 -3.5705e+00 -6.4928e-01 -3.2251e-01 -3.4985e+00 -1.7570e+00 +2.0166e+00 +2.3015e+00 -3.5944e+00 +8.0250e-01 +2.7535e+00
1115 +3.472779845e+00 +3.472779845e+00 -2.436372202e+02 -2.436372202e+02 -3.1462e+00 +0.0000e+00 -3.9579e-01 -3.3617e+00 -2.6435e+00 +1.2105e+00 +3.2273e+00 -3.7318e+00 +1.0684e-01 +3.9683e+00
1515 +2.394781262e+00 +2.394781262e+00 -2.447152187e+02 -2.447152187e+02 -3.2641e+00 +3.7055e-02 -2.5108e-01 -3.3655e+00 -3.3473e+00 +1.6931e+00 +3.3183e+00 -3.8311e+00 -5.6650e-01 +3.8565e+00
1572 +1.235701742e+00 +1.235701742e+00 -2.458742983e+02 -2.458742983e+02 -4.0418e+00 -1.7338e-01 -1.9498e-01 -3.2106e+00 -2.8151e+00 +2.5019e+00 +2.9613e+00 -4.1202e+00 -2.0327e-01 +3.3849e+00
1785 +8.828421686e-01 +8.828421686e-01 -2.462271578e+02 -2.462271578e+02 -4.0755e+00 +5.4890e-01 -4.9675e-01 -3.4630e+00 -3.1771e+00 +1.7868e+00 +2.7967e+00 -4.2186e+00 +2.8501e-02 +2.9925e+00
2572 +3.790354871e-01 +3.790354871e-01 -2.467309645e+02 -2.467309645e+02 -4.0219e+00 +4.6728e-02 -1.0062e+00 -3.5113e+00 -3.2821e+00 +2.2222e+00 +3.2164e+00 -4.1548e+00 -1.4332e-01 +2.5609e+00
3060 +2.396306170e-01 +2.396306170e-01 -2.468703694e+02 -2.468703694e+02 -3.8844e+00 +1.9397e-01 -1.0487e+00 -3.4955e+00 -3.1741e+00 +2.1962e+00 +3.1088e+00 -3.9750e+00 +2.1523e-02 +2.6759e+00
3217 +1.232538418e-01 +1.232538418e-01 -2.469867462e+02 -2.469867462e+02 -3.7089e+00 +2.1887e-01 -7.5060e-01 -3.7106e+00 -3.1745e+00 +2.3563e+00 +2.9552e+00 -3.9861e+00 -9.8273e-02 +2.6548e+00
3485 +6.764010798e-02 +6.764010798e-02 -2.470423599e+02 -2.470423599e+02 -3.7864e+00 +9.2543e-02 -7.5115e-01 -3.6611e+00 -3.0057e+00 +2.3904e+00 +3.0913e+00 -3.9500e+00 -7.7864e-02 +2.6852e+00
3601 +5.777014871e-02 +5.777014871e-02 -2.470522299e+02 -2.470522299e+02 -3.8743e+00 +2.3123e-01 -7.4379e-01 -3.7671e+00 -2.9840e+00 +2.3963e+00 +3.0729e+00 -3.9029e+00 -8.6585e-02 +2.7900e+00
3706 +3.340751449e-02 +3.340751449e-02 -2.470765925e+02 -2.470765925e+02 -3.6921e+00 +2.7624e-01 -6.8559e-01 -3.6738e+00 -3.1072e+00 +2.2920e+00 +3.1417e+00 -4.0103e+00 -8.8197e-02 +2.8438e+00
3899 +2.379571074e-02 +2.379571074e-02 -2.470862043e+02 -2.470862043e+02 -3.8032e+00 +1.5888e-01 -6.8742e-01 -3.7193e+00 -3.0455e+00 +2.4146e+00 +3.2564e+00 -3.9629e+00 -1.0461e-01 +2.7598e+00
3929 +1.546683255e-02 +1.546683255e-02 -2.470945332e+02 -2.470945332e+02 -3.8072e+00 +2.2751e-01 -6.8560e-01 -3.6338e+00 -3.0995e+00 +2.2964e+00 +3.1504e+00 -3.9794e+00 -7.6877e-02 +2.7758e+00
4230 +7.885902612e-03 +7.885902612e-03 -2.471021141e+02 -2.471021141e+02 -3.8030e+00 +1.9340e-01 -7.2896e-01 -3.6933e+00 -3.1420e+00 +2.3059e+00 +3.1649e+00 -3.9518e+00 -7.6939e-02 +2.8161e+00
4244 +4.005741836e-03 +4.005741836e-03 -2.471059943e+02 -2.471059943e+02 -3.8379e+00 +2.1076e-01 -6.8899e-01 -3.6697e+00 -3.1006e+00 +2.2972e+00 +3.2293e+00 -3.9530e+00 -6.3900e-02 +2.8273e+00
4407 +3.373545720e-03 +3.373545720e-03 -2.471066265e+02 -2.471066265e+02 -3.8036e+00 +2.2995e-01 -6.9652e-01 -3.6742e+00 -3.1089e+00 +2.2999e+00 +3.2486e+00 -3.9411e+00 -5.2863e-02 +2.8102e+00
4458 +2.223525464e-03 +2.223525464e-03 -2.471077765e+02 -2.471077765e+02 -3.7971e+00 +2.0683e-01 -7.0255e-01 -3.7030e+00 -3.0947e+00 +2.2955e+00 +3.1871e+00 -3.9223e+00 -5.3434e-02 +2.8277e+00
4475 +1.473502053e-03 +1.473502053e-03 -2.471085265e+02 -2.471085265e+02 -3.8261e+00 +2.1140e-01 -6.8752e-01 -3.6853e+00 -3.1048e+00 +2.3084e+00 +3.2151e+00 -3.9315e+00 -5.6306e-02 +2.8238e+00
4618 +9.530164109e-04 +9.530164109e-04 -2.471090470e+02 -2.471090470e+02 -3.8176e+00 +2.1161e-01 -6.8418e-01 -3.6893e+00 -3.1061e+00 +2.3040e+00 +3.2289e+00 -3.9288e+00 -6.8860e-02 +2.8204e+00
4754 +5.307098042e-04 +5.307098042e-04 -2.471094693e+02 -2.471094693e+02 -3.8104e+00 +1.8969e-01 -6.9283e-01 -3.6921e+00 -3.0988e+00 +2.3086e+00 +3.2141e+00 -3.9206e+00 -6.3886e-02 +2.8271e+00
4820 +3.271398776e-04 +3.271398776e-04 -2.471096729e+02 -2.471096729e+02 -3.8105e+00 +2.0224e-01 -6.8515e-01 -3.6959e+00 -3.0924e+00 +2.3116e+00 +3.2176e+00 -3.9221e+00 -7.0509e-02 +2.8247e+00
% function evaluation | noise-free fitness - Fopt (-1.520400000000e+02) | best noise-free fitness - Fopt | measured fitness | best measured fitness | x1 | x2...
1 +1.311349546e+02 +1.311349546e+02 -2.090504538e+01 -2.090504538e+01 +3.9084e+00 -4.5155e+00 +1.4851e-01 +1.1550e+00 -2.5661e+00 -2.5152e+00 +3.3376e+00 -2.4114e-01 +1.7632e+00 +7.9220e-01
4 +8.670915372e+01 +8.670915372e+01 -6.533084628e+01 -6.533084628e+01 -2.4359e-01 +1.1358e+00 +3.5771e+00 -1.3811e+00 +4.3885e+00 +1.6534e-01 -8.9083e-01 -1.4428e+00 +1.9692e+00 +1.5273e+00
86 +3.868839796e+01 +3.868839796e+01 -1.133516020e+02 -1.133516020e+02 -4.1543e+00 +1.1735e+00 -2.0291e+00 +4.1684e+00 +2.8682e+00 +1.3793e+00 +8.1837e-01 +2.1212e+00 -1.0213e+00 +2.9798e+00
452 +2.458967147e+01 +2.458967147e+01 -1.274503285e+02 -1.274503285e+02 -8.6274e-01 -9.5355e-01 -5.0000e+00 +2.4101e+00 +3.6074e+00 +1.3642e+00 -3.2467e+00 -1.1569e+00 -8.7281e-01 +5.0000e+00
640 +1.317856035e+01 +1.317856035e+01 -1.388614397e+02 -1.388614397e+02 +4.8249e-01 +1.7906e+00 -2.1605e+00 +3.9454e+00 +7.0558e-01 +2.0084e+00 -2.2825e+00 +0.0000e+00 +1.4186e+00 +3.1796e+00
1026 +5.266821838e+00 +5.266821838e+00 -1.467731782e+02 -1.467731782e+02 -7.4626e-01 +1.1871e+00 -3.9740e+00 +3.7445e+00 +1.9654e+00 +1.2866e+00 -2.3068e+00 -1.4585e+00 +1.7589e+00 +2.7062e+00
1504 +2.044492065e+00 +2.044492065e+00 -1.499955079e+02 -1.499955079e+02 -5.4668e-01 +1.3962e+00 -2.7802e+00 +3.3195e+00 +2.0817e+00 +4.4391e-01 -8.7572e-01 -3.0653e-01 +1.5258e+00 +4.0275e+00
1913 +7.334525626e-01 +7.334525626e-01 -1.513065474e+02 -1.513065474e+02 -2.6803e-03 +1.1596e+00 -3.7269e+00 +3.5019e+00 +2.6125e+00 +2.7567e-01 -1.3272e+00 -5.4865e-01 +1.6296e+00 +3.9476e+00
2613 +5.628439768e-01 +5.628439768e-01 -1.514771560e+02 -1.514771560e+02 -3.4977e-01 +1.2809e+00 -3.6926e+00 +3.7020e+00 +2.3525e+00 +2.0105e-01 -7.7435e-01 -1.2393e+00 +1.5932e+00 +3.4490e+00
2922 +3.830043402e-01 +3.830043402e-01 -1.516569957e+02 -1.516569957e+02 +1.0822e-01 +1.1430e+00 -3.7422e+00 +3.2009e+00 +2.6051e+00 -4.6187e-02 -8.2120e-01 -8.0990e-01 +1.6623e+00 +3.4044e+00
3392 +1.916423656e-01 +1.916423656e-01 -1.518483576e+02 -1.518483576e+02 -1.3142e-01 +1.1272e+00 -3.8777e+00 +3.2690e+00 +2.3090e+00 +1.3421e-01 -7.3372e-01 -7.4431e-01 +1.4533e+00 +3.6923e+00
3416 +1.082785833e-01 +1.082785833e-01 -1.519317214e+02 -1.519317214e+02 -2.0357e-01 +1.1759e+00 -3.8758e+00 +3.3026e+00 +2.4045e+00 +1.9880e-01 -8.4202e-01 -7.7724e-01 +1.3986e+00 +3.6230e+00
3624 +6.461702052e-02 +6.461702052e-02 -1.519753830e+02 -1.519753830e+02 -1.8752e-01 +1.4149e+00 -3.8316e+00 +3.2037e+00 +2.2750e+00 +1.6190e-01 -8.9780e-01 -6.4533e-01 +1.6281e+00 +3.4757e+00
3807 +5.945825609e-02 +5.945825609e-02 -1.519805417e+02 -1.519805417e+02 -1.5537e-01 +1.4579e+00 -3.8090e+00 +3.3363e+00 +2.4343e+00 +1.6660e-01 -9.3437e-01 -7.9227e-01 +1.6195e+00 +3.4134e+00
3976 +2.428046168e-02 +2.428046168e-02 -1.520157195e+02 -1.520157195e+02 -2.9719e-01 +1.4096e+00 -3.9933e+00 +3.2709e+00 +2.3168e+00 +1.8452e-01 -8.4687e-01 -7.7081e-01 +1.4988e+00 +3.4974e+00
4066 +1.470131394e-02 +1.470131394e-02 -1.520252987e+02 -1.520252987e+02 -2.9272e-01 +1.4707e+00 -3.9119e+00 +3.2821e+00 +2.3364e+00 +1.6499e-01 -8.8556e-01 -7.0862e-01 +1.5511e+00 +3.4396e+00
4274 +6.433579466e-03 +6.433579466e-03 -1.520335664e+02 -1.520335664e+02 -2.6072e-01 +1.3710e+00 -3.9319e+00 +3.3105e+00 +2.3916e+00 +1.6948e-01 -8.7627e-01 -7.1863e-01 +1.5362e+00 +3.4566e+00
4407 +2.851502234e-03 +2.851502234e-03 -1.520371485e+02 -1.520371485e+02 -2.5492e-01 +1.4423e+00 -3.9344e+00 +3.2966e+00 +2.4371e+00 +1.6678e-01 -8.8420e-01 -6.9022e-01 +1.5314e+00 +3.4573e+00
4609 +2.275746976e-03 +2.275746976e-03 -1.520377243e+02 -1.520377243e+02 -2.6222e-01 +1.4437e+00 -3.9321e+00 +3.3020e+00 +2.4346e+00 +1.7061e-01 -8.7791e-01 -6.9821e-01 +1.5271e+00 +3.4609e+00
4669 +1.196419855e-03 +1.196419855e-03 -1.520388036e+02 -1.520388036e+02 -2.6669e-01 +1.4180e+00 -3.9319e+00 +3.3120e+00 +2.4345e+00 +1.6259e-01 -8.6670e-01 -7.1010e-01 +1.4985e+00 +3.4644e+00
4837 +8.911826326e-04 +8.911826326e-04 -1.520391088e+02 -1.520391088e+02 -2.6752e-01 +1.4242e+00 -3.9222e+00 +3.3065e+00 +2.4355e+00 +1.6218e-01 -8.6214e-01 -7.0563e-01 +1.4902e+00 +3.4798e+00
4999 +5.287223881e-04 +5.287223881e-04 -1.520394713e+02 -1.520394713e+02 -2.6543e-01 +1.4196e+00 -3.9323e+00 +3.3009e+00 +2.4313e+00 +1.6051e-01 -8.7393e-01 -6.9968e-01 +1.5023e+00 +3.4682e+00
% function evaluation | noise-free fitness - Fopt (-2.525000000000e+01) | best noise-free fitness - Fopt | measured fitness | best measured fitness | x1 | x2...
1 +6.777773504e+01 +6.777773504e+01 +4.252773504e+01 +4.252773504e+01 +3.5017e-01 +4.3480e-01 +1.7667e+00 +4.1252e-01 +9.7381e-01 -2.0871e+00 -4.2288e+00 -3.3885e+00 +3.9023e+00 +1.6563e+00
8 +1.531455654e+01 +1.531455654e+01 -9.935443455e+00 -9.935443455e+00 +2.4422e+00 +2.6356e+00 -2.8210e+00 -1.6183e+00 +2.5857e+00 -7.4376e-02 -1.5413e+00 +4.0316e-01 +1.3686e-01 -2.7830e+00
663 +7.778221796e+00 +7.778221796e+00 -1.747177820e+01 -1.747177820e+01 +4.3650e+00 +1.7397e+00 +0.0000e+00 -2.8780e+00 +2.1413e+00 -1.2445e+00 -2.2124e+00 -2.0277e+00 +8.7850e-01 -1.9630e+00
1060 +6.218516281e+00 +6.218516281e+00 -1.903148372e+01 -1.903148372e+01 +2.1704e+00 +7.0851e-01 -3.1332e-01 -2.1427e+00 +2.9819e+00 +0.0000e+00 -1.3783e+00 -1.5070e+00 +1.6110e+00 -1.4883e+00
1931 +3.368353541e+00 +3.368353541e+00 -2.188164646e+01 -2.188164646e+01 +3.2574e+00 +1.9721e-01 -5.4043e-01 -3.0339e+00 +3.1647e+00 -1.1198e+00 -2.5035e+00 -2.3930e+00 +1.5549e+00 -2.8939e+00
1970 +1.384263803e+00 +1.384263803e+00 -2.386573620e+01 -2.386573620e+01 +3.2209e+00 +2.4884e-01 -1.7915e+00 -2.8414e+00 +3.0171e+00 +1.5718e-01 -2.7214e+00 -2.0212e+00 +1.6021e+00 -2.3023e+00
2633 +9.461529613e-01 +9.461529613e-01 -2.430384704e+01 -2.430384704e+01 +3.9047e+00 +3.5721e-01 -1.3329e+00 -2.2354e+00 +2.8406e+00 -2.4232e-01 -2.4500e+00 -2.0560e+00 +1.7744e+00 -2.1529e+00
2730 +5.702642910e-01 +5.702642910e-01 -2.467973571e+01 -2.467973571e+01 +3.5839e+00 +6.8792e-01 -1.0376e+00 -2.2480e+00 +2.9879e+00 -3.0117e-01 -2.1588e+00 -1.9193e+00 +9.2561e-01 -2.5548e+00
2943 +2.484253188e-01 +2.484253188e-01 -2.500157468e+01 -2.500157468e+01 +3.3988e+00 +6.7191e-01 -1.4214e+00 -2.3111e+00 +3.2695e+00 -3.0442e-01 -2.1609e+00 -1.9130e+00 +1.2317e+00 -2.5358e+00
3468 +1.334947235e-01 +1.334947235e-01 -2.511650528e+01 -2.511650528e+01 +3.5776e+00 +3.8982e-01 -1.5540e+00 -2.2039e+00 +3.4617e+00 -1.1486e-01 -2.4975e+00 -1.8873e+00 +1.1760e+00 -2.6727e+00
3670 +5.908297131e-02 +5.908297131e-02 -2.519091703e+01 -2.519091703e+01 +3.6542e+00 +5.0407e-01 -1.5362e+00 -2.0993e+00 +3.3313e+00 -1.5098e-01 -2.4930e+00 -1.9532e+00 +1.3199e+00 -2.7082e+00
4016 +3.324011328e-02 +3.324011328e-02 -2.521675989e+01 -2.521675989e+01 +3.6998e+00 +6.2785e-01 -1.3561e+00 -2.0328e+00 +3.3135e+00 -1.6895e-01 -2.4587e+00 -1.8513e+00 +1.3350e+00 -2.6904e+00
4231 +1.732336717e-02 +1.732336717e-02 -2.523267663e+01 -2.523267663e+01 +3.5995e+00 +5.8006e-01 -1.4499e+00 -2.1915e+00 +3.3594e+00 -1.6414e-01 -2.4382e+00 -1.8054e+00 +1.3567e+00 -2.6961e+00
4412 +7.013896505e-03 +7.013896505e-03 -2.524298610e+01 -2.524298610e+01 +3.6117e+00 +6.7024e-01 -1.4467e+00 -2.1893e+00 +3.3220e+00 -1.2172e-01 -2.4623e+00 -1.8090e+00 +1.3597e+00 -2.6920e+00
4631 +6.251876876e-03 +6.251876876e-03 -2.524374812e+01 -2.524374812e+01 +3.6062e+00 +6.4314e-01 -1.4462e+00 -2.1929e+00 +3.3247e+00 -1.4136e-01 -2.4581e+00 -1.8211e+00 +1.3432e+00 -2.6900e+00
4828 +3.574577951e-03 +3.574577951e-03 -2.524642542e+01 -2.524642542e+01 +3.6073e+00 +6.5386e-01 -1.4406e+00 -2.1887e+00 +3.2911e+00 -9.3065e-02 -2.4562e+00 -1.8167e+00 +1.3389e+00 -2.6923e+00
4892 +2.190682946e-03 +2.190682946e-03 -2.524780932e+01 -2.524780932e+01 +3.6052e+00 +6.3677e-01 -1.4338e+00 -2.1785e+00 +3.2747e+00 -1.1813e-01 -2.4848e+00 -1.8157e+00 +1.3277e+00 -2.6876e+00
% function evaluation | noise-free fitness - Fopt (-2.017200000000e+02) | best noise-free fitness - Fopt | measured fitness | best measured fitness | x1 | x2...
1 +1.422629285e+02 +1.422629285e+02 -5.945707150e+01 -5.945707150e+01 +2.5087e+00 -3.6684e-01 +1.8125e+00 -4.8184e+00 +8.8932e-01 +2.2587e+00 +1.9020e+00 +3.0713e-02 +7.1869e-01 +2.0458e+00
5 +2.792968859e+01 +2.792968859e+01 -1.737903114e+02 -1.737903114e+02 -6.3342e-01 -4.3859e+00 +1.8419e+00 -1.1101e+00 +1.1752e+00 -4.0591e-02 -1.5226e+00 +3.9726e+00 +1.7138e+00 -3.8068e+00
281 +1.850375142e+01 +1.850375142e+01 -1.832162486e+02 -1.832162486e+02 -2.2300e+00 -8.3141e-01 -1.6730e+00 +8.7680e-01 +9.2330e-01 +2.6284e-01 -1.0920e+00 +2.4346e+00 +6.1346e-01 -4.7125e-01
723 +1.391119349e+01 +1.391119349e+01 -1.878088065e+02 -1.878088065e+02 -3.4629e+00 -1.7264e+00 -5.5086e-01 +5.2568e-01 +1.9029e+00 +8.8134e-01 -1.2141e+00 +4.9933e+00 +0.0000e+00 -2.5483e+00
1012 +7.064218919e+00 +7.064218919e+00 -1.946557811e+02 -1.946557811e+02 -1.0912e+00 -3.4302e+00 -9.9569e-01 +2.9947e+00 +2.5991e-02 -3.3152e-01 -2.4147e+00 +2.7310e+00 +1.1353e+00 -3.6105e+00
1562 +6.298913148e+00 +6.298913148e+00 -1.954210869e+02 -1.954210869e+02 -1.6069e+00 -2.7921e+00 -1.6525e+00 +2.7526e+00 +1.4264e-02 -8.2120e-01 -2.3665e+00 +3.4228e+00 +1.0837e-01 -3.5216e+00
1729 +2.870291133e+00 +2.870291133e+00 -1.988497089e+02 -1.988497089e+02 -9.4136e-01 -2.0512e+00 +0.0000e+00 +2.2016e+00 +1.6515e+00 +1.5193e-02 -2.3715e+00 +2.9585e+00 -2.3977e-01 -3.7537e+00
2224 +1.885866799e+00 +1.885866799e+00 -1.998341332e+02 -1.998341332e+02 -1.0277e+00 -2.9998e+00 +5.4633e-02 +2.1392e+00 +1.5805e+00 +5.7507e-01 -2.4895e+00 +2.8428e+00 -3.5729e-01 -2.9532e+00
2654 +9.118871652e-01 +9.118871652e-01 -2.008081128e+02 -2.008081128e+02 -1.6202e+00 -3.0359e+00 -1.1721e+00 +2.3703e+00 +2.1254e+00 +4.5818e-01 -2.6399e+00 +3.0822e+00 -7.5860e-01 -2.9598e+00
2773 +3.457468028e-01 +3.457468028e-01 -2.013742532e+02 -2.013742532e+02 -1.4533e+00 -2.6250e+00 -1.0206e+00 +2.6099e+00 +2.3979e+00 +2.4284e-01 -2.4096e+00 +3.3361e+00 +1.0822e-01 -3.1688e+00
3461 +1.567539135e-01 +1.567539135e-01 -2.015632461e+02 -2.015632461e+02 -1.5952e+00 -2.6527e+00 -8.6043e-01 +2.3641e+00 +2.0757e+00 +1.5198e-01 -2.4646e+00 +3.4502e+00 +1.4017e-01 -3.0186e+00
3666 +6.980719927e-02 +6.980719927e-02 -2.016501928e+02 -2.016501928e+02 -1.4729e+00 -2.7854e+00 -8.6955e-01 +2.4839e+00 +1.9756e+00 +2.8591e-01 -2.4391e+00 +3.4171e+00 +3.7761e-02 -2.9336e+00
3806 +5.002693669e-02 +5.002693669e-02 -2.016699731e+02 -2.016699731e+02 -1.4612e+00 -2.7908e+00 -9.1967e-01 +2.3926e+00 +1.9958e+00 +1.8736e-01 -2.5487e+00 +3.2640e+00 +3.3281e-02 -3.0243e+00
4075 +3.972195393e-02 +3.972195393e-02 -2.016802780e+02 -2.016802780e+02 -1.4393e+00 -2.8900e+00 -8.3637e-01 +2.4054e+00 +1.9689e+00 +4.1429e-01 -2.4144e+00 +3.3245e+00 +5.7429e-02 -2.9670e+00
4275 +2.245054458e-02 +2.245054458e-02 -2.016975495e+02 -2.016975495e+02 -1.4684e+00 -2.9356e+00 -8.6072e-01 +2.3456e+00 +2.0009e+00 +3.6301e-01 -2.4063e+00 +3.3251e+00 +6.1672e-02 -3.0003e+00
4278 +9.789087308e-03 +9.789087308e-03 -2.017102109e+02 -2.017102109e+02 -1.3920e+00 -2.9031e+00 -8.8518e-01 +2.3405e+00 +1.9740e+00 +2.9487e-01 -2.4655e+00 +3.3417e+00 +6.9508e-02 -3.0030e+00
4446 +5.620491807e-03 +5.620491807e-03 -2.017143795e+02 -2.017143795e+02 -1.3784e+00 -2.9146e+00 -9.1396e-01 +2.3187e+00 +2.0074e+00 +3.1453e-01 -2.4946e+00 +3.3184e+00 +8.5369e-02 -3.0064e+00
4628 +2.337690141e-03 +2.337690141e-03 -2.017176623e+02 -2.017176623e+02 -1.4176e+00 -2.8818e+00 -9.2349e-01 +2.3292e+00 +2.0158e+00 +3.4250e-01 -2.4769e+00 +3.3452e+00 +7.5912e-02 -3.0182e+00
4810 +1.511577432e-03 +1.511577432e-03 -2.017184884e+02 -2.017184884e+02 -1.4059e+00 -2.9214e+00 -9.5509e-01 +2.3191e+00 +2.0058e+00 +3.2572e-01 -2.4763e+00 +3.3419e+00 +5.8037e-02 -3.0302e+00
4821 +9.735635346e-04 +9.735635346e-04 -2.017190264e+02 -2.017190264e+02 -1.4344e+00 -2.9008e+00 -9.4331e-01 +2.3237e+00 +2.0027e+00 +3.1207e-01 -2.4970e+00 +3.3500e+00 +7.2754e-02 -3.0264e+00
% function evaluation | noise-free fitness - Fopt (-1.000000000000e+03) | best noise-free fitness - Fopt | measured fitness | best measured fitness | x1 | x2...
1 +1.574723762e+02 +1.574723762e+02 -8.425276238e+02 -8.425276238e+02 -4.6776e+00 +2.6091e+00 +4.8400e+00 -3.3376e-01 +4.4399e+00 -3.3622e-01 -2.9787e+00 +2.6061e-01 +4.7669e+00 +1.4936e+00
4 +3.621508306e+01 +3.621508306e+01 -9.637849169e+02 -9.637849169e+02 +2.7556e-01 +5.0369e-01 -8.0785e-01 +3.1117e-01 +2.8506e+00 -4.0109e+00 -2.6027e+00 -1.8798e+00 -1.4216e+00 +2.6095e+00
69 +2.370135415e+01 +2.370135415e+01 -9.762986459e+02 -9.762986459e+02 +1.4467e+00 -1.7904e+00 -1.6583e+00 -1.9389e+00 +2.5071e+00 +1.5546e+00 -1.0092e+00 -4.0784e+00 -4.1288e+00 +2.8798e+00
384 +1.392775487e+01 +1.392775487e+01 -9.860722451e+02 -9.860722451e+02 -9.3172e-01 +5.1197e-01 -1.3820e+00 +2.4621e-01 +5.0000e+00 +1.0670e+00 -1.2610e+00 -2.5685e+00 -3.1720e+00 +3.8199e+00
612 +4.196419030e+00 +4.196419030e+00 -9.958035810e+02 -9.958035810e+02 -7.6187e-01 -6.1386e-01 -1.3207e-01 +6.5037e-01 +3.1654e+00 -8.3458e-01 +2.1588e+00 -4.1382e+00 -2.5319e+00 +3.2612e+00
817 +2.981121357e+00 +2.981121357e+00 -9.970188786e+02 -9.970188786e+02 -1.1838e+00 -2.8942e-01 +3.6924e-01 -1.1164e-02 +3.2158e+00 -4.4328e-01 +1.4586e+00 -3.7667e+00 -2.7441e+00 +3.0574e+00
1862 +1.440387911e+00 +1.440387911e+00 -9.985596121e+02 -9.985596121e+02 -1.6599e-01 -3.2970e-01 +3.3805e-01 -1.8460e-01 +3.3945e+00 -1.5084e-01 +1.4922e+00 -3.7627e+00 -2.9705e+00 +3.1851e+00
2173 +7.293308205e-01 +7.293308205e-01 -9.992706692e+02 -9.992706692e+02 -1.4352e-01 +4.0825e-02 +1.4971e-01 -4.4757e-01 +3.4229e+00 -7.4918e-01 +1.3549e+00 -3.6367e+00 -3.2257e+00 +3.3583e+00
2633 +5.880285870e-01 +5.880285870e-01 -9.994119714e+02 -9.994119714e+02 -1.9080e-01 -1.8967e-01 -6.2153e-01 +1.1528e-01 +3.6597e+00 -5.2905e-01 +9.8211e-01 -4.1023e+00 -3.2174e+00 +3.7958e+00
2636 +3.753850549e-01 +3.753850549e-01 -9.996246149e+02 -9.996246149e+02 +3.1867e-01 +2.7206e-01 -3.6489e-01 -4.1238e-02 +3.4420e+00 -4.4889e-01 +1.1649e+00 -4.0657e+00 -3.2198e+00 +3.6487e+00
3131 +2.395631097e-01 +2.395631097e-01 -9.997604369e+02 -9.997604369e+02 +7.9898e-02 +1.7087e-01 -2.8121e-01 +6.6604e-02 +3.6988e+00 -6.7183e-01 +8.5757e-01 -3.9997e+00 -3.2273e+00 +3.5918e+00
3260 +1.547084026e-01 +1.547084026e-01 -9.998452916e+02 -9.998452916e+02 -7.9831e-02 +2.5201e-01 -2.2679e-01 +4.4534e-02 +3.6597e+00 -5.9044e-01 +1.1315e+00 -3.8448e+00 -3.0947e+00 +3.6124e+00
3432 +8.620193009e-02 +8.620193009e-02 -9.999137981e+02 -9.999137981e+02 +1.4844e-01 +2.0014e-01 -2.0998e-01 -2.8759e-03 +3.7372e+00 -4.4868e-01 +1.1273e+00 -3.7806e+00 -3.3907e+00 +3.7175e+00
3606 +5.290294248e-02 +5.290294248e-02 -9.999470971e+02 -9.999470971e+02 -1.3264e-01 +2.4215e-01 -1.2906e-01 -6.6140e-02 +3.7222e+00 -5.6194e-01 +1.0304e+00 -3.7230e+00 -3.3197e+00 +3.6873e+00
3699 +3.661191185e-02 +3.661191185e-02 -9.999633881e+02 -9.999633881e+02 -1.0576e-01 +1.9253e-01 -2.3269e-01 +1.1818e-04 +3.7230e+00 -4.3510e-01 +1.1073e+00 -3.7758e+00 -3.4020e+00 +3.7304e+00
4039 +1.948374350e-02 +1.948374350e-02 -9.999805163e+02 -9.999805163e+02 -1.0064e-01 +2.0050e-01 -2.2614e-01 +8.4760e-03 +3.6611e+00 -4.7882e-01 +1.1148e+00 -3.8218e+00 -3.4610e+00 +3.7495e+00
4256 +6.428878780e-03 +6.428878780e-03 -9.999935711e+02 -9.999935711e+02 -6.8453e-02 +2.3640e-01 -1.2616e-01 +1.9268e-02 +3.6511e+00 -4.4471e-01 +1.0675e+00 -3.7922e+00 -3.4383e+00 +3.7696e+00
4451 +6.182569112e-03 +6.182569112e-03 -9.999938174e+02 -9.999938174e+02 -1.2201e-01 +2.1926e-01 -1.5917e-01 +1.1764e-02 +3.6403e+00 -4.8939e-01 +1.0542e+00 -3.8036e+00 -3.4457e+00 +3.7614e+00
4478 +2.912748434e-03 +2.912748434e-03 -9.999970873e+02 -9.999970873e+02 -7.3091e-02 +2.3889e-01 -1.2448e-01 +9.9170e-03 +3.6402e+00 -4.8389e-01 +1.0627e+00 -3.7904e+00 -3.4093e+00 +3.7713e+00
4503 +2.157624723e-03 +2.157624723e-03 -9.999978424e+02 -9.999978424e+02 -6.4897e-02 +2.3422e-01 -1.0048e-01 +1.2779e-02 +3.6213e+00 -4.7316e-01 +1.0580e+00 -3.8061e+00 -3.4372e+00 +3.7512e+00
4675 +1.304783666e-03 +1.304783666e-03 -9.999986952e+02 -9.999986952e+02 -7.9441e-02 +2.3868e-01 -1.3681e-01 +1.3137e-02 +3.6284e+00 -5.0658e-01 +1.0883e+00 -3.8206e+00 -3.4157e+00 +3.7501e+00
4818 +8.893057686e-04 +8.893057686e-04 -9.999991107e+02 -9.999991107e+02 -7.0881e-02 +2.3606e-01 -1.3324e-01 +1.0471e-02 +3.6186e+00 -5.1649e-01 +1.0705e+00 -3.8204e+00 -3.4219e+00 +3.7461e+00
4833 +4.974826833e-04 +4.974826833e-04 -9.999995025e+02 -9.999995025e+02 -8.4077e-02 +2.3626e-01 -1.2343e-01 +1.4446e-02 +3.6185e+00 -5.0193e-01 +1.0690e+00 -3.8228e+00 -3.4165e+00 +3.7500e+00
% function evaluation | noise-free fitness - Fopt (-4.290000000000e+01) | best noise-free fitness - Fopt | measured fitness | best measured fitness | x1 | x2...
1 +1.753914867e+02 +1.753914867e+02 +1.324914867e+02 +1.324914867e+02 +4.1902e+00 -1.2325e+00 -4.3911e+00 -2.4727e+00 -2.2943e+00 -4.4727e+00 +1.2245e+00 +4.9137e+00 +2.5925e+00 +3.9951e+00
3 +7.283263388e+01 +7.283263388e+01 +2.993263388e+01 +2.993263388e+01 +2.4530e+00 -1.8568e+00 +1.5972e+00 -2.3765e+00 -1.8160e-01 -3.2558e+00 -4.1362e+00 -1.7890e+00 +4.1748e+00 -2.4248e-01
24 +6.186388252e+01 +6.186388252e+01 +1.896388252e+01 +1.896388252e+01 +7.4982e-02 -2.2988e+00 -9.0157e-01 -4.6564e-01 -2.9290e+00 -1.3644e+00 -1.1915e-01 +1.2329e+00 +4.4844e+00 -1.2958e+00
213 +3.368104285e+01 +3.368104285e+01 -9.218957145e+00 -9.218957145e+00 +2.7804e+00 +1.1977e+00 +1.7749e+00 -2.8416e+00 -1.4589e+00 -3.2955e+00 -2.4248e+00 -1.3647e+00 +1.7018e-02 -2.5238e+00
406 +1.948147584e+01 +1.948147584e+01 -2.341852416e+01 -2.341852416e+01 +2.1933e+00 +1.6620e+00 +5.0000e+00 -2.8872e-01 -5.0000e+00 +6.9795e-01 -9.1360e-01 +0.0000e+00 +4.3776e+00 -2.5837e+00
446 +1.507632110e+01 +1.507632110e+01 -2.782367890e+01 -2.782367890e+01 +2.7051e+00 +2.5514e+00 +2.5532e+00 -1.1624e+00 -3.3270e+00 -3.6757e+00 +5.1197e-01 +3.5254e-01 +4.2500e-01 -1.7688e+00
1008 +8.574470318e+00 +8.574470318e+00 -3.432552968e+01 -3.432552968e+01 +1.2385e+00 +3.2855e+00 +3.1942e+00 +1.0863e-01 -4.3746e+00 -1.9826e+00 -4.4994e-01 +0.0000e+00 +2.5048e+00 -3.9209e+00
1123 +3.844990827e+00 +3.844990827e+00 -3.905500917e+01 -3.905500917e+01 +3.1328e+00 +2.6914e+00 +3.8682e+00 +0.0000e+00 -3.4940e+00 -2.2125e+00 +0.0000e+00 -7.5241e-01 +1.9566e+00 -3.8077e+00
1625 +2.174759279e+00 +2.174759279e+00 -4.072524072e+01 -4.072524072e+01 +3.1734e+00 +2.6326e+00 +3.2860e+00 -1.3423e+00 -3.0724e+00 -2.3243e+00 +6.6410e-01 -3.8166e-01 +2.0965e+00 -3.6919e+00
2204 +1.531216426e+00 +1.531216426e+00 -4.136878357e+01 -4.136878357e+01 +2.5118e+00 +2.9462e+00 +3.5319e+00 -1.0906e+00 -2.3802e+00 -1.6340e+00 +4.0785e-01 +3.0422e-01 +2.1252e+00 -4.1931e+00
2274 +8.113844920e-01 +8.113844920e-01 -4.208861551e+01 -4.208861551e+01 +2.6056e+00 +2.4594e+00 +3.6380e+00 -8.5524e-01 -2.6258e+00 -1.1420e+00 +2.7871e-01 -5.2865e-01 +2.7950e+00 -3.6431e+00
2691 +4.740573034e-01 +4.740573034e-01 -4.242594270e+01 -4.242594270e+01 +2.6708e+00 +2.5356e+00 +3.5004e+00 -6.1593e-01 -2.7578e+00 -1.7021e+00 +6.0098e-01 +3.5000e-01 +2.6852e+00 -3.8878e+00
2842 +2.602948175e-01 +2.602948175e-01 -4.263970518e+01 -4.263970518e+01 +2.6516e+00 +2.5984e+00 +3.7154e+00 -7.6035e-01 -2.6388e+00 -1.8667e+00 +4.9691e-01 +3.2993e-01 +2.5799e+00 -3.6581e+00
3014 +1.910630957e-01 +1.910630957e-01 -4.270893690e+01 -4.270893690e+01 +2.6917e+00 +2.5588e+00 +3.8156e+00 -7.9009e-01 -2.6530e+00 -1.7554e+00 +3.9593e-01 +2.4586e-01 +2.6649e+00 -3.7452e+00
3246 +1.556381661e-01 +1.556381661e-01 -4.274436183e+01 -4.274436183e+01 +2.6208e+00 +2.3245e+00 +3.7654e+00 -7.0359e-01 -2.5843e+00 -1.7449e+00 +7.7648e-01 +7.6320e-02 +2.9166e+00 -3.7772e+00
3418 +6.052289987e-02 +6.052289987e-02 -4.283947710e+01 -4.283947710e+01 +2.7012e+00 +2.3182e+00 +3.9325e+00 -7.9209e-01 -2.6188e+00 -1.7137e+00 +6.1342e-01 +1.4988e-01 +2.6896e+00 -3.6209e+00
3710 +3.527462534e-02 +3.527462534e-02 -4.286472537e+01 -4.286472537e+01 +2.6416e+00 +2.5151e+00 +4.0086e+00 -8.3359e-01 -2.6436e+00 -1.6851e+00 +5.7869e-01 +3.9930e-02 +2.7529e+00 -3.5951e+00
3947 +2.427055405e-02 +2.427055405e-02 -4.287572945e+01 -4.287572945e+01 +2.7288e+00 +2.4634e+00 +3.9570e+00 -8.7159e-01 -2.6320e+00 -1.6390e+00 +5.9221e-01 +4.2070e-02 +2.8165e+00 -3.5690e+00
4209 +9.577775128e-03 +9.577775128e-03 -4.289042222e+01 -4.289042222e+01 +2.6190e+00 +2.4393e+00 +3.9224e+00 -8.3754e-01 -2.6558e+00 -1.6679e+00 +5.7558e-01 +5.4649e-03 +2.8356e+00 -3.5591e+00
4608 +4.816820130e-03 +4.816820130e-03 -4.289518318e+01 -4.289518318e+01 +2.6444e+00 +2.4411e+00 +3.8663e+00 -8.5336e-01 -2.6512e+00 -1.6684e+00 +5.8857e-01 +2.1180e-02 +2.8299e+00 -3.5621e+00
4637 +3.235651007e-03 +3.235651007e-03 -4.289676435e+01 -4.289676435e+01 +2.6188e+00 +2.4427e+00 +3.8870e+00 -8.5424e-01 -2.6448e+00 -1.6884e+00 +5.8650e-01 -3.0763e-03 +2.8140e+00 -3.5370e+00
4820 +1.901744112e-03 +1.901744112e-03 -4.289809826e+01 -4.289809826e+01 +2.6227e+00 +2.4281e+00 +3.8833e+00 -8.5704e-01 -2.6441e+00 -1.6930e+00 +5.8059e-01 +1.5450e-02 +2.8004e+00 -3.5247e+00
% function evaluation | noise-free fitness - Fopt (-1.013200000000e+02) | best noise-free fitness - Fopt | measured fitness | best measured fitness | x1 | x2...
1 +1.093687282e+02 +1.093687282e+02 +8.048728208e+00 +8.048728208e+00 -3.3097e+00 +3.1978e+00 +2.6901e+00 +1.0906e+00 -1.5498e+00 -1.8328e+00 -9.2119e-01 +4.2001e+00 -2.0186e+00 +2.4111e+00
3 +9.455534633e+01 +9.455534633e+01 -6.764653665e+00 -6.764653665e+00 -3.8251e+00 +8.3337e-01 -1.5922e+00 -3.9017e+00 +1.7440e+00 +2.0251e+00 +3.0889e-01 -4.3534e+00 -2.4483e+00 +3.6273e+00
12 +5.827085472e+01 +5.827085472e+01 -4.304914528e+01 -4.304914528e+01 +4.0599e+00 -2.2973e-01 +2.5310e+00 +2.2226e-01 +1.2052e+00 -3.2617e+00 +2.2898e-01 -1.2243e+00 -3.9710e+00 +1.8640e+00
107 +3.128129131e+01 +3.128129131e+01 -7.003870869e+01 -7.003870869e+01 +2.1962e+00 +9.4356e-01 +4.8219e+00 -1.0276e+00 -1.5522e+00 +1.3072e+00 +2.5112e+00 -1.3176e+00 -1.3721e+00 +2.7920e+00
215 +1.394224261e+01 +1.394224261e+01 -8.737775739e+01 -8.737775739e+01 +2.5673e+00 +1.9034e+00 +1.8806e+00 -5.0000e+00 -5.0000e+00 -3.7362e-01 +3.2474e+00 -1.1462e+00 -3.3524e+00 +3.6796e+00
855 +8.691863342e+00 +8.691863342e+00 -9.262813666e+01 -9.262813666e+01 +2.2983e+00 +4.2874e+00 +2.2804e+00 -3.5996e+00 -3.1079e+00 -8.7830e-01 +1.1472e+00 -1.2684e+00 -3.6555e+00 +2.6973e+00
1143 +6.086176417e+00 +6.086176417e+00 -9.523382358e+01 -9.523382358e+01 +2.3018e+00 +3.4217e+00 +2.1156e+00 -3.8589e+00 -2.3693e+00 -1.0283e+00 +1.5619e+00 -2.5087e+00 -4.3568e+00 +3.2718e+00
1508 +1.936668214e+00 +1.936668214e+00 -9.938333179e+01 -9.938333179e+01 +2.0531e+00 +2.3817e+00 +2.5061e+00 -3.9007e+00 -3.2430e+00 -1.6620e+00 +2.2832e+00 -2.3966e+00 -3.5179e+00 +2.7131e+00
2008 +1.495081787e+00 +1.495081787e+00 -9.982491821e+01 -9.982491821e+01 +1.4909e+00 +2.4644e+00 +2.3931e+00 -3.8828e+00 -3.7771e+00 -1.7304e+00 +2.9802e+00 -2.8842e+00 -3.2718e+00 +2.3030e+00
2337 +8.735593090e-01 +8.735593090e-01 -1.004464407e+02 -1.004464407e+02 +1.8385e+00 +3.0571e+00 +2.1008e+00 -3.5449e+00 -3.1802e+00 -1.1981e+00 +3.3326e+00 -3.0441e+00 -3.0423e+00 +2.0691e+00
2466 +6.195384869e-01 +6.195384869e-01 -1.007004615e+02 -1.007004615e+02 +1.5613e+00 +2.7487e+00 +1.8737e+00 -3.5941e+00 -3.1694e+00 -1.3143e+00 +3.0376e+00 -3.1886e+00 -2.9229e+00 +2.3344e+00
3048 +3.599918462e-01 +3.599918462e-01 -1.009600082e+02 -1.009600082e+02 +1.4876e+00 +2.8895e+00 +1.8651e+00 -3.2852e+00 -3.2843e+00 -1.0360e+00 +2.6142e+00 -2.8557e+00 -3.1415e+00 +2.2738e+00
3409 +2.182370982e-01 +2.182370982e-01 -1.011017629e+02 -1.011017629e+02 +1.9370e+00 +2.9325e+00 +1.9074e+00 -3.1984e+00 -3.3239e+00 -1.2660e+00 +2.6469e+00 -2.5673e+00 -3.1752e+00 +2.3897e+00
3687 +9.226970159e-02 +9.226970159e-02 -1.012277303e+02 -1.012277303e+02 +1.7176e+00 +2.7217e+00 +1.8476e+00 -3.2778e+00 -3.2476e+00 -1.3629e+00 +2.6977e+00 -2.6807e+00 -3.1384e+00 +2.3641e+00
3905 +4.680011610e-02 +4.680011610e-02 -1.012731999e+02 -1.012731999e+02 +1.6703e+00 +2.6918e+00 +1.8756e+00 -3.2123e+00 -3.1272e+00 -1.3658e+00 +2.7496e+00 -2.7046e+00 -3.1629e+00 +2.3868e+00
4048 +3.568939108e-02 +3.568939108e-02 -1.012843106e+02 -1.012843106e+02 +1.6452e+00 +2.7664e+00 +1.8876e+00 -3.1742e+00 -3.2309e+00 -1.3852e+00 +2.7457e+00 -2.7347e+00 -3.1745e+00 +2.3684e+00
4219 +2.075853138e-02 +2.075853138e-02 -1.012992415e+02 -1.012992415e+02 +1.6987e+00 +2.6812e+00 +1.9048e+00 -3.1284e+00 -3.1714e+00 -1.3517e+00 +2.7992e+00 -2.7188e+00 -3.1168e+00 +2.4429e+00
4439 +1.536430372e-02 +1.536430372e-02 -1.013046357e+02 -1.013046357e+02 +1.6807e+00 +2.6902e+00 +1.9084e+00 -3.0793e+00 -3.1765e+00 -1.3646e+00 +2.7909e+00 -2.7196e+00 -3.1186e+00 +2.4398e+00
4605 +7.857994918e-03 +7.857994918e-03 -1.013121420e+02 -1.013121420e+02 +1.6938e+00 +2.6990e+00 +1.9302e+00 -3.1129e+00 -3.1555e+00 -1.3969e+00 +2.8295e+00 -2.7090e+00 -3.1415e+00 +2.4264e+00
4822 +5.956787383e-03 +5.956787383e-03 -1.013140432e+02 -1.013140432e+02 +1.6950e+00 +2.7120e+00 +1.9600e+00 -3.1163e+00 -3.1605e+00 -1.3959e+00 +2.8229e+00 -2.7165e+00 -3.1204e+00 +2.4276e+00
% function evaluation | noise-free fitness - Fopt (3.650000000000e+00) | best noise-free fitness - Fopt | measured fitness | best measured fitness | x1 | x2...
1 +1.606283451e+02 +1.606283451e+02 +1.642783451e+02 +1.642783451e+02 -4.3323e+00 -2.3408e+00 +1.5236e+00 -3.3593e+00 -1.6414e+00 -2.2488e+00 +3.2675e+00 -2.0719e+00 +4.6987e+00 -6.1312e-02
4 +1.186670108e+02 +1.186670108e+02 +1.223170108e+02 +1.223170108e+02 -1.0124e+00 +6.7779e-01 +3.0253e+00 -4.2458e-01 +1.4216e-01 -1.3298e-01 +4.6028e+00 -3.1097e+00 -9.9197e-01 +4.6141e+00
7 +6.836276508e+01 +6.836276508e+01 +7.201276508e+01 +7.201276508e+01 -9.4495e-01 -4.3551e-01 +3.5137e+00 +4.7292e-01 -7.6575e-01 -1.3454e+00 +2.9041e-01 +4.8972e+00 +2.0782e-01 -1.8573e+00
12 +5.982813373e+01 +5.982813373e+01 +6.347813373e+01 +6.347813373e+01 +9.1337e-01 -7.9097e-01 -3.6682e-01 +3.3962e+00 -2.8495e+00 +3.9071e+00 +4.7636e+00 +2.0264e+00 -4.1090e+00 -2.4535e+00
40 +3.841555481e+01 +3.841555481e+01 +4.206555481e+01 +4.206555481e+01 +3.0148e-01 -1.8204e+00 +9.2394e-01 +3.6825e+00 +7.1679e-01 +9.5803e-01 +2.2603e+00 +4.1405e+00 -3.3319e+00 -2.5811e+00
99 +1.901061237e+01 +1.901061237e+01 +2.266061237e+01 +2.266061237e+01 +5.0609e-01 +1.1138e+00 +3.4873e-01 +3.3251e+00 -2.4986e+00 -4.8689e+00 +1.0225e+00 +1.8630e+00 -3.4182e+00 -3.5733e+00
326 +1.393721685e+01 +1.393721685e+01 +1.758721685e+01 +1.758721685e+01 +2.4327e-01 -1.9421e+00 +8.7699e-02 +4.4159e+00 +6.1947e-02 -2.9700e+00 +4.4948e+00 +9.8608e-01 -2.7927e+00 -1.7301e+00
906 +8.953361964e+00 +8.953361964e+00 +1.260336196e+01 +1.260336196e+01 -5.8756e-01 -8.0459e-01 +3.0488e-02 +4.1853e+00 -2.3886e+00 -4.4879e+00 +1.3798e+00 +1.2457e+00 -2.4168e+00 -2.3296e+00
1172 +4.218337672e+00 +4.218337672e+00 +7.868337672e+00 +7.868337672e+00 -2.5001e-02 -2.6514e+00 -4.0577e-01 +3.9132e+00 -1.3530e+00 -3.3523e+00 +8.4180e-01 +1.1116e-01 -3.4831e+00 -2.2730e+00
1324 +2.347662545e+00 +2.347662545e+00 +5.997662545e+00 +5.997662545e+00 +7.3684e-01 -2.6750e+00 +3.3854e-02 +3.5888e+00 -1.7630e+00 -3.1123e+00 +1.2810e+00 +1.1928e+00 -3.6095e+00 -2.3728e+00
1989 +1.384700222e+00 +1.384700222e+00 +5.034700222e+00 +5.034700222e+00 +4.8738e-01 -2.2035e+00 +1.4556e-01 +3.2711e+00 -1.8046e+00 -3.2687e+00 +2.4596e+00 -1.3010e-01 -4.4247e+00 -2.0821e+00
2419 +9.661979320e-01 +9.661979320e-01 +4.616197932e+00 +4.616197932e+00 +9.0451e-01 -2.0450e+00 +7.4547e-01 +3.1985e+00 -1.9933e+00 -3.3646e+00 +2.0945e+00 +5.1498e-02 -4.3068e+00 -2.0904e+00
2846 +5.956524491e-01 +5.956524491e-01 +4.245652449e+00 +4.245652449e+00 +8.2145e-01 -1.8217e+00 +5.0661e-01 +3.3351e+00 -2.1746e+00 -2.9034e+00 +1.6662e+00 +3.3971e-01 -4.1715e+00 -1.7293e+00
3128 +3.821533394e-01 +3.821533394e-01 +4.032153339e+00 +4.032153339e+00 +1.9570e-01 -1.7199e+00 +6.5611e-01 +3.3833e+00 -2.1546e+00 -2.8468e+00 +1.9328e+00 +3.7509e-01 -4.2184e+00 -1.9806e+00
3406 +2.501958530e-01 +2.501958530e-01 +3.900195853e+00 +3.900195853e+00 +2.8792e-01 -2.0791e+00 +6.2595e-01 +3.5766e+00 -2.0013e+00 -2.8420e+00 +1.9762e+00 +4.0258e-01 -4.2662e+00 -2.0705e+00
3420 +1.379622772e-01 +1.379622772e-01 +3.787962277e+00 +3.787962277e+00 +3.2570e-01 -1.9757e+00 +3.7568e-01 +3.5637e+00 -2.2762e+00 -2.8479e+00 +1.8300e+00 +2.6766e-01 -4.0116e+00 -2.0417e+00
3668 +9.423051064e-02 +9.423051064e-02 +3.744230511e+00 +3.744230511e+00 +3.4310e-01 -1.9770e+00 +5.1647e-01 +3.6332e+00 -2.3109e+00 -2.8440e+00 +1.8309e+00 +2.5023e-01 -3.8579e+00 -2.1608e+00
3816 +5.422835928e-02 +5.422835928e-02 +3.704228359e+00 +3.704228359e+00 +3.7989e-01 -1.9370e+00 +5.3849e-01 +3.6039e+00 -2.1459e+00 -2.7865e+00 +2.0346e+00 +4.3157e-01 -4.0249e+00 -2.1238e+00
3932 +3.037921360e-02 +3.037921360e-02 +3.680379214e+00 +3.680379214e+00 +4.6860e-01 -2.0419e+00 +5.0352e-01 +3.6199e+00 -2.1513e+00 -2.8750e+00 +1.9306e+00 +3.2029e-01 -3.9131e+00 -2.0573e+00
4035 +1.993591478e-02 +1.993591478e-02 +3.669935915e+00 +3.669935915e+00 +4.6466e-01 -2.0090e+00 +5.4872e-01 +3.6583e+00 -2.1785e+00 -2.9231e+00 +2.0408e+00 +3.4219e-01 -3.9917e+00 -2.0605e+00
4213 +1.051152197e-02 +1.051152197e-02 +3.660511522e+00 +3.660511522e+00 +5.0826e-01 -2.0191e+00 +5.2113e-01 +3.6353e+00 -2.1471e+00 -2.8813e+00 +1.9872e+00 +3.8426e-01 -3.9337e+00 -2.0985e+00
4402 +9.127564038e-03 +9.127564038e-03 +3.659127564e+00 +3.659127564e+00 +5.0564e-01 -2.0199e+00 +5.2874e-01 +3.6290e+00 -2.1607e+00 -2.8809e+00 +1.9885e+00 +4.2698e-01 -3.9034e+00 -2.1128e+00
4586 +6.143006538e-03 +6.143006538e-03 +3.656143007e+00 +3.656143007e+00 +5.0480e-01 -2.0137e+00 +5.1934e-01 +3.6429e+00 -2.1836e+00 -2.8827e+00 +1.9773e+00 +4.0307e-01 -3.9421e+00 -2.1208e+00
4679 +3.834971986e-03 +3.834971986e-03 +3.653834972e+00 +3.653834972e+00 +5.0135e-01 -2.0051e+00 +5.1763e-01 +3.6425e+00 -2.1744e+00 -2.8929e+00 +1.9945e+00 +4.0997e-01 -3.9049e+00 -2.1269e+00
% function evaluation | noise-free fitness - Fopt (2.205300000000e+02) | best noise-free fitness - Fopt | measured fitness | best measured fitness | x1 | x2...
1 +1.878586689e+02 +1.878586689e+02 +4.083886689e+02 +4.083886689e+02 +1.9119e+00 -4.0117e+00 -4.4028e-01 +8.6403e-01 +3.2464e+00 +3.7512e+00 +4.1766e+00 -4.3602e+00 -2.4086e-01 -2.0069e+00
2 +1.512219096e+02 +1.512219096e+02 +3.717519096e+02 +3.717519096e+02 -4.3159e+00 +1.6134e+00 +5.5864e-01 -1.3851e+00 -1.5117e-01 -4.7407e+00 -2.1333e+00 -3.3659e+00 +2.3858e+00 +3.2831e+00
21 +6.547725986e+01 +6.547725986e+01 +2.860072599e+02 +2.860072599e+02 +1.8964e+00 -4.2493e+00 +1.0723e+00 +6.9015e-01 +1.9447e+00 +4.5618e+00 -2.5991e+00 +1.8196e+00 +2.6754e+00 +4.4644e+00
23 +5.546839371e+01 +5.546839371e+01 +2.759983937e+02 +2.759983937e+02 -2.0021e-01 +1.2649e+00 -1.1730e+00 +6.2179e-01 +4.8718e+00 -3.2004e+00 -1.9989e+00 +4.6875e+00 -1.8872e+00 +2.0716e+00
29 +2.181995898e+01 +2.181995898e+01 +2.423499590e+02 +2.423499590e+02 +3.6967e+00 -4.9641e+00 +2.0807e+00 +1.5257e-01 +3.9736e+00 -3.9206e+00 -2.3350e+00 +2.1092e+00 +4.7829e+00 +3.1098e+00
389 +1.542044288e+01 +1.542044288e+01 +2.359504429e+02 +2.359504429e+02 +3.8163e+00 -3.8117e+00 +1.1122e+00 -1.5552e-01 +1.4784e+00 -3.4121e+00 -5.0000e+00 +5.0000e+00 +2.5842e-01 +1.3039e+00
1054 +9.498872039e+00 +9.498872039e+00 +2.300288720e+02 +2.300288720e+02 +2.3727e+00 -3.3049e+00 +6.2409e-01 +1.2928e+00 +1.1382e+00 -2.8617e+00 -3.8983e+00 +3.3533e+00 +9.3375e-02 +2.4043e+00
1117 +4.331290841e+00 +4.331290841e+00 +2.248612908e+02 +2.248612908e+02 +2.3795e+00 -4.1633e+00 +4.7538e-01 -4.6441e-01 +3.1512e+00 -2.0976e+00 -1.8582e+00 +3.3159e+00 +1.4954e+00 +2.6601e+00
1436 +2.441498814e+00 +2.441498814e+00 +2.229714988e+02 +2.229714988e+02 +3.3440e+00 -4.4435e+00 +1.7801e-01 +8.1523e-01 +3.7946e+00 -2.5685e+00 -3.2258e+00 +3.6064e+00 +4.7697e-01 +2.3874e+00
2079 +1.094660800e+00 +1.094660800e+00 +2.216246608e+02 +2.216246608e+02 +2.9863e+00 -3.7754e+00 +1.6602e+00 +5.4915e-01 +3.8908e+00 -2.4035e+00 -2.9526e+00 +3.6128e+00 +8.7496e-01 +3.0532e+00
2404 +9.679637355e-01 +9.679637355e-01 +2.214979637e+02 +2.214979637e+02 +2.4402e+00 -4.2003e+00 +9.6211e-01 +3.9332e-01 +3.7040e+00 -2.1875e+00 -2.9821e+00 +3.5100e+00 +9.2464e-01 +3.1587e+00
2542 +6.164724503e-01 +6.164724503e-01 +2.211464725e+02 +2.211464725e+02 +2.7358e+00 -3.8092e+00 +6.8827e-01 +4.7131e-01 +3.6711e+00 -2.3848e+00 -2.9428e+00 +3.4374e+00 +1.2250e+00 +3.0903e+00
3142 +3.168662138e-01 +3.168662138e-01 +2.208468662e+02 +2.208468662e+02 +2.6245e+00 -3.7541e+00 +9.6866e-01 +2.0192e-01 +3.6323e+00 -2.4947e+00 -3.1619e+00 +3.3026e+00 +6.2357e-01 +3.2058e+00
3203 +1.804417015e-01 +1.804417015e-01 +2.207104417e+02 +2.207104417e+02 +2.9037e+00 -3.6877e+00 +7.8555e-01 +2.6121e-01 +3.3985e+00 -2.5459e+00 -3.1604e+00 +3.3603e+00 +1.0338e+00 +3.1974e+00
3451 +5.928643590e-02 +5.928643590e-02 +2.205892864e+02 +2.205892864e+02 +2.9233e+00 -3.6794e+00 +8.4719e-01 +1.6597e-01 +3.6012e+00 -2.6811e+00 -3.2466e+00 +3.2596e+00 +8.7358e-01 +3.1170e+00
3996 +3.921318129e-02 +3.921318129e-02 +2.205692132e+02 +2.205692132e+02 +2.9236e+00 -3.6959e+00 +9.0229e-01 +1.9763e-01 +3.5523e+00 -2.7811e+00 -3.2800e+00 +3.3449e+00 +9.0360e-01 +3.1071e+00
4249 +2.280085346e-02 +2.280085346e-02 +2.205528009e+02 +2.205528009e+02 +2.9167e+00 -3.7338e+00 +9.3832e-01 +1.5867e-01 +3.5376e+00 -2.7668e+00 -3.2885e+00 +3.2669e+00 +8.9967e-01 +3.1549e+00
4361 +1.104398391e-02 +1.104398391e-02 +2.205410440e+02 +2.205410440e+02 +2.9838e+00 -3.7634e+00 +9.6855e-01 +1.8249e-01 +3.5536e+00 -2.7540e+00 -3.3020e+00 +3.2784e+00 +9.2066e-01 +3.1698e+00
4408 +9.295189422e-03 +9.295189422e-03 +2.205392952e+02 +2.205392952e+02 +2.9761e+00 -3.7843e+00 +9.4304e-01 +1.8965e-01 +3.5320e+00 -2.7536e+00 -3.3026e+00 +3.2448e+00 +9.0961e-01 +3.1611e+00
4607 +4.277196221e-03 +4.277196221e-03 +2.205342772e+02 +2.205342772e+02 +2.9902e+00 -3.8253e+00 +9.3476e-01 +1.8992e-01 +3.5862e+00 -2.7769e+00 -3.2952e+00 +3.2652e+00 +8.8235e-01 +3.1867e+00
4774 +3.960254388e-03 +3.960254388e-03 +2.205339603e+02 +2.205339603e+02 +3.0307e+00 -3.8088e+00 +9.5320e-01 +1.9272e-01 +3.5409e+00 -2.7774e+00 -3.2768e+00 +3.2797e+00 +9.0132e-01 +3.1831e+00
4825 +2.363238142e-03 +2.363238142e-03 +2.205323632e+02 +2.205323632e+02 +2.9995e+00 -3.8183e+00 +9.5277e-01 +1.9292e-01 +3.5411e+00 -2.7809e+00 -3.2798e+00 +3.2785e+00 +9.0191e-01 +3.1837e+00
4992 +1.543725678e-03 +1.543725678e-03 +2.205315437e+02 +2.205315437e+02 +2.9959e+00 -3.8387e+00 +9.3191e-01 +1.9238e-01 +3.5419e+00 -2.7774e+00 -3.2685e+00 +3.2795e+00 +9.0845e-01 +3.1816e+00
% function evaluation | noise-free fitness - Fopt (4.212900000000e+02) | best noise-free fitness - Fopt | measured fitness | best measured fitness | x1 | x2...
1 +8.092827512e+01 +8.092827512e+01 +5.022182751e+02 +5.022182751e+02 -1.5905e+00 +1.8109e+00 +2.9872e+00 -2.6442e+00 +4.5281e-02 -4.3780e+00 -1.5283e+00 +3.4612e-01 +1.2450e+00 -4.1861e+00
58 +3.174516501e+01 +3.174516501e+01 +4.530351650e+02 +4.530351650e+02 -2.1634e+00 +2.5240e+00 -1.6557e+00 -4.3927e+00 +1.5755e-01 +2.2181e+00 +5.8525e-01 -8.4046e-01 +2.0943e+00 -3.1738e+00
319 +2.158966259e+01 +2.158966259e+01 +4.428796626e+02 +4.428796626e+02 -5.0000e+00 +4.1146e+00 -7.5992e-01 -1.7695e+00 -1.3112e+00 -1.5117e-01 -9.4410e-01 +1.9771e+00 +2.8858e+00 -1.2007e+00
515 +1.181361652e+01 +1.181361652e+01 +4.331036165e+02 +4.331036165e+02 -4.6333e+00 +1.0617e+00 -3.1705e-01 -2.4603e+00 -1.5544e-01 +2.1950e+00 +2.8573e-01 +1.2968e+00 +1.9379e+00 -2.1124e+00
614 +9.457054691e+00 +9.457054691e+00 +4.307470547e+02 +4.307470547e+02 -3.8661e+00 +2.2590e+00 -5.0794e-02 -3.6150e+00 +1.3831e+00 +3.7328e+00 -1.3272e+00 +3.7661e+00 +8.5707e-01 -1.4628e+00
753 +6.025236807e+00 +6.025236807e+00 +4.273152368e+02 +4.273152368e+02 -4.8098e+00 +3.4863e+00 +2.0568e+00 -3.4067e+00 -2.8447e-01 +4.7778e+00 +8.2782e-01 +2.9333e+00 +1.4241e+00 -1.8318e+00
1790 +3.933590845e+00 +3.933590845e+00 +4.252235908e+02 +4.252235908e+02 -4.1522e+00 +3.2402e+00 +4.7579e-01 -3.2134e+00 -1.0543e+00 +3.1060e+00 +0.0000e+00 +3.8495e+00 +5.0344e-01 -6.3057e-01
1909 +2.434375988e+00 +2.434375988e+00 +4.237243760e+02 +4.237243760e+02 -4.1125e+00 +3.3063e+00 -1.0757e-01 -3.1134e+00 -3.8754e-01 +3.1272e+00 -1.5495e-01 +3.4745e+00 +7.3824e-01 -1.3392e+00
2223 +1.410981475e+00 +1.410981475e+00 +4.227009815e+02 +4.227009815e+02 -3.7996e+00 +3.2952e+00 +4.5134e-01 -3.2311e+00 -1.3381e+00 +2.9634e+00 -3.8092e-01 +2.5974e+00 +1.2252e+00 -1.9318e+00
2817 +5.737652607e-01 +5.737652607e-01 +4.218637653e+02 +4.218637653e+02 -3.7332e+00 +3.2785e+00 +6.7538e-01 -3.2702e+00 -5.4051e-01 +2.7264e+00 -2.4668e-01 +3.3181e+00 +1.2984e+00 -2.0665e+00
3221 +1.510737707e-01 +1.510737707e-01 +4.214410738e+02 +4.214410738e+02 -3.7702e+00 +3.3647e+00 +1.2320e+00 -2.9211e+00 -5.8750e-01 +2.9884e+00 -1.4077e-01 +3.0281e+00 +1.5246e+00 -1.6728e+00
3602 +5.470449271e-02 +5.470449271e-02 +4.213447045e+02 +4.213447045e+02 -4.0581e+00 +3.3763e+00 +1.0563e+00 -2.9686e+00 -5.7089e-01 +2.9970e+00 -2.3612e-01 +3.0641e+00 +1.4983e+00 -1.9096e+00
4007 +2.643163733e-02 +2.643163733e-02 +4.213164316e+02 +4.213164316e+02 -3.8833e+00 +3.2652e+00 +1.0267e+00 -2.9152e+00 -5.8579e-01 +3.0590e+00 -1.4228e-01 +3.0695e+00 +1.4378e+00 -1.9538e+00
4110 +1.929226741e-02 +1.929226741e-02 +4.213092923e+02 +4.213092923e+02 -3.9189e+00 +3.3820e+00 +1.0159e+00 -2.9464e+00 -5.5290e-01 +3.0050e+00 -2.0682e-01 +2.9632e+00 +1.3853e+00 -1.8795e+00
4147 +1.261973297e-02 +1.261973297e-02 +4.213026197e+02 +4.213026197e+02 -3.9388e+00 +3.3149e+00 +1.0866e+00 -2.9846e+00 -5.6248e-01 +3.0309e+00 -1.7851e-01 +3.0106e+00 +1.4210e+00 -1.8926e+00
4237 +8.935056413e-03 +8.935056413e-03 +4.212989351e+02 +4.212989351e+02 -3.9473e+00 +3.3244e+00 +1.0471e+00 -2.9229e+00 -5.3845e-01 +3.0123e+00 -1.7236e-01 +2.9596e+00 +1.4191e+00 -1.8498e+00
4359 +4.760515925e-03 +4.760515925e-03 +4.212947605e+02 +4.212947605e+02 -3.9417e+00 +3.3180e+00 +1.0732e+00 -2.9451e+00 -5.4816e-01 +3.0596e+00 -1.2768e-01 +2.9914e+00 +1.4212e+00 -1.9116e+00
4422 +3.393620507e-03 +3.393620507e-03 +4.212933936e+02 +4.212933936e+02 -3.9582e+00 +3.3227e+00 +1.0629e+00 -2.9489e+00 -5.5457e-01 +3.0506e+00 -1.2235e-01 +2.9874e+00 +1.3958e+00 -1.9022e+00
4660 +2.428795412e-03 +2.428795412e-03 +4.212924288e+02 +4.212924288e+02 -3.9495e+00 +3.3030e+00 +1.0680e+00 -2.9436e+00 -5.5192e-01 +3.0448e+00 -1.1716e-01 +2.9741e+00 +1.3869e+00 -1.9022e+00
4892 +1.533689180e-03 +1.533689180e-03 +4.212915337e+02 +4.212915337e+02 -3.9558e+00 +3.3173e+00 +1.0499e+00 -2.9331e+00 -5.3276e-01 +3.0514e+00 -1.2542e-01 +2.9936e+00 +1.3947e+00 -1.9088e+00
% function evaluation | noise-free fitness - Fopt (-7.900000000000e+01) | best noise-free fitness - Fopt | measured fitness | best measured fitness | x1 | x2...
1 +1.272523807e+02 +1.272523807e+02 +4.825238067e+01 +4.825238067e+01 -1.1929e+00 -3.7570e+00 -3.8130e+00 -1.7558e-01 -1.1436e+00 -3.1631e+00 +4.4051e+00 +1.9671e+00 -4.5418e+00 -1.1948e+00
2 +8.538510058e+01 +8.538510058e+01 +6.385100578e+00 +6.385100578e+00 -2.0872e+00 -2.5441e+00 +3.5829e+00 -2.4749e+00 +2.9109e+00 -2.6313e+00 -1.8720e+00 -5.9128e-02 +6.2032e-01 +1.9008e+00
27 +5.134183392e+01 +5.134183392e+01 -2.765816608e+01 -2.765816608e+01 -4.7073e+00 -1.9529e+00 +1.2449e+00 +4.3101e+00 -2.9911e+00 +2.4974e+00 -2.7715e+00 +2.1652e+00 +3.5923e+00 +6.6167e-01
41 +3.705236993e+01 +3.705236993e+01 -4.194763007e+01 -4.194763007e+01 -5.0724e-02 +4.6334e+00 +1.4392e-01 -6.5946e-01 -4.3691e+00 +5.2590e-01 -4.8840e+00 +8.8493e-01 +1.9098e+00 +1.2111e+00
142 +1.328659813e+01 +1.328659813e+01 -6.571340187e+01 -6.571340187e+01 -1.0983e+00 +3.5073e-01 +2.0535e+00 +1.3444e+00 -3.2283e+00 -2.5905e+00 -1.9443e+00 +2.0287e-01 +1.4509e+00 -3.4908e-01
511 +4.686038214e+00 +4.686038214e+00 -7.431396179e+01 -7.431396179e+01 -2.8345e+00 +5.4504e-01 +3.5434e-01 -7.7813e-01 -3.6804e+00 -1.0172e+00 -2.1867e+00 +1.8053e+00 +9.7516e-01 +1.8008e+00
714 +3.669323693e+00 +3.669323693e+00 -7.533067631e+01 -7.533067631e+01 -1.7445e+00 +9.1142e-01 +3.0622e-01 +2.8806e-02 -3.3020e+00 -1.1002e+00 -1.5074e+00 +1.2153e+00 +1.7158e+00 +0.0000e+00
1417 +2.265540767e+00 +2.265540767e+00 -7.673445923e+01 -7.673445923e+01 -3.1957e+00 +1.9670e+00 +4.9815e-01 +3.0217e-01 -3.5045e+00 -9.2389e-01 -1.3852e+00 -1.0245e-01 +9.6362e-01 +1.0452e+00
2105 +1.012649244e+00 +1.012649244e+00 -7.798735076e+01 -7.798735076e+01 -3.0014e+00 +1.5715e+00 +9.1937e-01 +4.5716e-01 -3.8947e+00 -9.4564e-01 -1.4754e+00 +3.7984e-01 +5.4449e-01 +3.9664e-02
2331 +7.024978528e-01 +7.024978528e-01 -7.829750215e+01 -7.829750215e+01 -2.9340e+00 +1.1910e+00 +8.6695e-01 +6.3318e-01 -3.5452e+00 -4.7721e-01 -2.0235e+00 +1.0225e+00 +8.0733e-01 +5.1909e-01
2635 +5.984434262e-01 +5.984434262e-01 -7.840155657e+01 -7.840155657e+01 -2.7125e+00 +1.3793e+00 +2.8406e-01 +7.7437e-01 -3.9157e+00 -1.1236e+00 -1.2930e+00 +1.0657e+00 +5.7908e-01 +2.5128e-01
2985 +2.494873176e-01 +2.494873176e-01 -7.875051268e+01 -7.875051268e+01 -2.9725e+00 +1.3477e+00 +3.4213e-01 +5.2544e-01 -3.9417e+00 -9.3196e-01 -1.7442e+00 +1.1400e+00 +6.7708e-01 +2.1288e-01
3251 +1.556296900e-01 +1.556296900e-01 -7.884437031e+01 -7.884437031e+01 -2.9588e+00 +1.1633e+00 +4.0331e-01 +5.8766e-01 -3.7593e+00 -8.5112e-01 -1.7993e+00 +1.1407e+00 +8.3081e-01 +4.8325e-01
3522 +9.701073058e-02 +9.701073058e-02 -7.890298927e+01 -7.890298927e+01 -2.9776e+00 +1.3670e+00 +3.1459e-01 +4.3588e-01 -3.9082e+00 -7.3942e-01 -1.6645e+00 +1.0457e+00 +7.3157e-01 +5.6100e-01
3642 +6.108799928e-02 +6.108799928e-02 -7.893891200e+01 -7.893891200e+01 -3.0654e+00 +1.2541e+00 +4.1345e-01 +4.2966e-01 -3.9550e+00 -7.1515e-01 -1.6378e+00 +1.0554e+00 +8.0462e-01 +6.4779e-01
3922 +3.588418849e-02 +3.588418849e-02 -7.896411581e+01 -7.896411581e+01 -3.1135e+00 +1.2248e+00 +4.3393e-01 +4.2917e-01 -3.9066e+00 -7.4094e-01 -1.6514e+00 +1.0302e+00 +7.2153e-01 +5.7643e-01
4086 +1.285332962e-02 +1.285332962e-02 -7.898714667e+01 -7.898714667e+01 -3.0486e+00 +1.1927e+00 +4.0930e-01 +4.5579e-01 -3.8471e+00 -8.2110e-01 -1.5661e+00 +9.9223e-01 +7.8087e-01 +5.2991e-01
4212 +7.238482793e-03 +7.238482793e-03 -7.899276152e+01 -7.899276152e+01 -3.0400e+00 +1.1844e+00 +4.2649e-01 +4.6377e-01 -3.8935e+00 -8.4499e-01 -1.5475e+00 +9.8724e-01 +7.3073e-01 +5.4765e-01
4466 +5.769903318e-03 +5.769903318e-03 -7.899423010e+01 -7.899423010e+01 -3.0606e+00 +1.1590e+00 +4.1401e-01 +4.3652e-01 -3.9060e+00 -8.2429e-01 -1.5735e+00 +9.8363e-01 +7.5555e-01 +5.3636e-01
4508 +3.976740353e-03 +3.976740353e-03 -7.899602326e+01 -7.899602326e+01 -3.0545e+00 +1.1799e+00 +4.2127e-01 +3.9526e-01 -3.8978e+00 -8.5513e-01 -1.5737e+00 +9.8349e-01 +7.4873e-01 +5.4458e-01
4825 +2.404727540e-03 +2.404727540e-03 -7.899759527e+01 -7.899759527e+01 -3.0517e+00 +1.1829e+00 +4.3471e-01 +4.0083e-01 -3.9072e+00 -8.6529e-01 -1.5767e+00 +9.7716e-01 +7.4706e-01 +5.5401e-01
% function evaluation | noise-free fitness - Fopt (-4.133000000000e+01) | best noise-free fitness - Fopt | measured fitness | best measured fitness | x1 | x2...
1 +1.962043569e+02 +1.962043569e+02 +1.548743569e+02 +1.548743569e+02 -3.5353e+00 -2.2109e+00 +3.2673e+00 +3.3192e+00 -4.3699e+00 +5.6428e-01 +3.1057e+00 -4.7749e+00 +3.1775e+00 +4.5622e+00
3 +1.204918871e+02 +1.204918871e+02 +7.916188706e+01 +7.916188706e+01 -3.3947e+00 -2.6225e-01 +4.3615e+00 -1.9402e+00 +5.5171e-02 -1.2739e+00 +2.7938e+00 +1.1239e+00 -3.1591e-01 -8.9134e-01
8 +9.898479255e+01 +9.898479255e+01 +5.765479255e+01 +5.765479255e+01 +1.6281e+00 -1.8195e+00 -2.9586e+00 +1.4834e+00 +4.4342e+00 -9.3390e-01 +1.7863e+00 -3.9978e+00 +3.8299e+00 -2.6815e+00
21 +4.564110555e+01 +4.564110555e+01 +4.311105552e+00 +4.311105552e+00 -2.5854e-01 -8.1359e-01 -2.9253e+00 +1.5514e+00 +9.2183e-01 -2.1367e+00 -2.8384e+00 -2.1835e-01 -2.9074e+00 -2.3854e+00
65 +2.639306073e+01 +2.639306073e+01 -1.493693927e+01 -1.493693927e+01 +3.2772e+00 -2.2521e+00 +8.9504e-01 -3.5306e+00 +2.5382e+00 -3.1355e-02 -2.3300e+00 -3.5173e+00 -3.2371e+00 +9.5187e-01
285 +1.462859814e+01 +1.462859814e+01 -2.670140186e+01 -2.670140186e+01 +7.2855e-01 +6.4712e-01 -1.3763e+00 -2.7808e-01 +3.8641e+00 -6.4276e-01 -2.9004e+00 -4.0145e+00 -2.1987e+00 +2.6161e+00
395 +7.746520349e+00 +7.746520349e+00 -3.358347965e+01 -3.358347965e+01 +4.8773e-01 -2.1309e-01 -1.3568e+00 -1.3845e+00 +2.0638e+00 -4.9923e+00 -3.3438e+00 -3.1546e+00 -1.2155e+00 +1.0369e+00
1039 +4.424682453e+00 +4.424682453e+00 -3.690531755e+01 -3.690531755e+01 +1.0974e+00 -7.9469e-01 -1.6487e+00 -1.7801e+00 +3.3736e+00 -2.8399e+00 -3.4869e+00 -3.4935e+00 -2.0216e+00 +2.9044e+00
1405 +3.891597027e+00 +3.891597027e+00 -3.743840297e+01 -3.743840297e+01 +8.8454e-01 -8.9679e-01 -1.0989e+00 -2.3014e+00 +2.2453e+00 -2.1514e+00 -3.3647e+00 -3.7265e+00 -2.1754e+00 +2.8246e+00
1603 +1.853833746e+00 +1.853833746e+00 -3.947616625e+01 -3.947616625e+01 +9.6299e-01 -1.1338e+00 -1.4223e+00 -5.3770e-01 +2.5018e+00 -2.8471e+00 -3.2793e+00 -3.6333e+00 -2.4470e+00 +1.7777e+00
2278 +1.427139751e+00 +1.427139751e+00 -3.990286025e+01 -3.990286025e+01 +3.3659e-01 -1.1956e+00 -1.6651e+00 -1.2970e+00 +2.3721e+00 -2.7784e+00 -3.5119e+00 -3.3472e+00 -2.6107e+00 +1.1214e+00
2431 +9.568450307e-01 +9.568450307e-01 -4.037315497e+01 -4.037315497e+01 +8.2449e-01 -1.1780e+00 -7.0956e-01 -1.3323e+00 +2.2010e+00 -2.3489e+00 -3.0903e+00 -4.0564e+00 -2.2610e+00 +1.3357e+00
2817 +5.730335660e-01 +5.730335660e-01 -4.075696643e+01 -4.075696643e+01 +1.7394e-01 -1.5382e+00 -1.1794e+00 -1.6321e+00 +2.2706e+00 -2.5690e+00 -3.2376e+00 -3.7726e+00 -2.4989e+00 +1.3345e+00
3099 +3.972102060e-01 +3.972102060e-01 -4.093278979e+01 -4.093278979e+01 +4.8512e-01 -1.5643e+00 -1.2807e+00 -1.8054e+00 +2.6315e+00 -2.8536e+00 -3.3639e+00 -3.9139e+00 -2.1732e+00 +1.2634e+00
3402 +2.317922858e-01 +2.317922858e-01 -4.109820771e+01 -4.109820771e+01 +3.4082e-01 -1.7165e+00 -1.0689e+00 -1.6373e+00 +2.5989e+00 -2.8395e+00 -3.2904e+00 -3.7103e+00 -2.0437e+00 +1.3367e+00
3409 +1.169162034e-01 +1.169162034e-01 -4.121308380e+01 -4.121308380e+01 +4.2558e-01 -1.6095e+00 -8.6176e-01 -1.5518e+00 +2.5450e+00 -2.8872e+00 -3.0542e+00 -3.6848e+00 -2.4461e+00 +1.3424e+00
3679 +6.768554298e-02 +6.768554298e-02 -4.126231446e+01 -4.126231446e+01 +4.7239e-01 -1.5547e+00 -8.7676e-01 -1.4732e+00 +2.5187e+00 -2.8938e+00 -3.0386e+00 -3.5875e+00 -2.2249e+00 +1.5637e+00
3810 +3.528312654e-02 +3.528312654e-02 -4.129471687e+01 -4.129471687e+01 +4.2198e-01 -1.4014e+00 -1.0095e+00 -1.6208e+00 +2.6932e+00 -2.9374e+00 -3.0502e+00 -3.6999e+00 -2.1156e+00 +1.4262e+00
3982 +2.312305200e-02 +2.312305200e-02 -4.130687695e+01 -4.130687695e+01 +4.6495e-01 -1.4631e+00 -8.3551e-01 -1.4669e+00 +2.5655e+00 -2.9334e+00 -3.0498e+00 -3.7080e+00 -2.2778e+00 +1.4732e+00
4047 +1.416505541e-02 +1.416505541e-02 -4.131583494e+01 -4.131583494e+01 +4.7512e-01 -1.4004e+00 -8.7618e-01 -1.4857e+00 +2.6051e+00 -2.9198e+00 -3.0502e+00 -3.7145e+00 -2.2660e+00 +1.4501e+00
4207 +5.029260427e-03 +5.029260427e-03 -4.132497074e+01 -4.132497074e+01 +4.4741e-01 -1.4325e+00 -8.9910e-01 -1.5613e+00 +2.5971e+00 -2.9318e+00 -3.0555e+00 -3.7296e+00 -2.1903e+00 +1.4111e+00
4442 +3.495612743e-03 +3.495612743e-03 -4.132650439e+01 -4.132650439e+01 +4.6719e-01 -1.4319e+00 -9.0362e-01 -1.5419e+00 +2.5831e+00 -2.9380e+00 -3.0214e+00 -3.7513e+00 -2.1991e+00 +1.4261e+00
4655 +2.456234899e-03 +2.456234899e-03 -4.132754377e+01 -4.132754377e+01 +4.5062e-01 -1.4592e+00 -9.2448e-01 -1.5300e+00 +2.5932e+00 -2.9221e+00 -3.0549e+00 -3.7531e+00 -2.1938e+00 +1.4366e+00
4825 +1.146464858e-03 +1.146464858e-03 -4.132885354e+01 -4.132885354e+01 +4.4094e-01 -1.4357e+00 -9.3427e-01 -1.5406e+00 +2.5919e+00 -2.9563e+00 -3.0412e+00 -3.7312e+00 -2.1914e+00 +1.4525e+00
% function evaluation | noise-free fitness - Fopt (2.127500000000e+02) | best noise-free fitness - Fopt | measured fitness | best measured fitness | x1 | x2...
1 +1.177930933e+02 +1.177930933e+02 +3.305430933e+02 +3.305430933e+02 +1.7725e+00 -2.1354e+00 -2.2482e+00 -4.5381e+00 +3.7305e+00 -3.6067e-01 +2.7179e+00 +1.9749e+00 +3.4736e+00 +4.3394e+00
3 +9.893601084e+01 +9.893601084e+01 +3.116860108e+02 +3.116860108e+02 +8.3539e-01 +1.2249e+00 +1.6893e-01 +3.7004e+00 -3.6943e+00 -8.0938e-02 -1.6350e+00 -1.8511e+00 +1.2381e-02 +3.0009e+00
11 +4.932342366e+01 +4.932342366e+01 +2.620734237e+02 +2.620734237e+02 -1.7621e+00 -7.5624e-01 -3.7005e+00 +1.9077e+00 -2.4041e+00 -1.2792e+00 +1.1479e+00 -4.2737e+00 +3.4220e+00 +1.8953e+00
231 +2.976611024e+01 +2.976611024e+01 +2.425161102e+02 +2.425161102e+02 -5.0000e+00 -4.6171e-02 -1.0576e+00 +3.3895e-01 -3.5782e+00 -3.0055e+00 +1.1867e+00 -6.3148e-02 +1.5431e+00 +1.0620e+00
374 +1.122353093e+01 +1.122353093e+01 +2.239735309e+02 +2.239735309e+02 -1.3418e+00 -2.0063e+00 -2.2201e+00 -2.1064e+00 -1.1787e+00 -4.2624e+00 +1.5631e+00 -4.0978e-01 -3.1135e-01 +2.2084e+00
972 +6.569914464e+00 +6.569914464e+00 +2.193199145e+02 +2.193199145e+02 -2.2309e+00 -2.9313e+00 -2.2900e+00 -1.8244e+00 -9.8210e-01 -3.2270e+00 +1.5906e+00 -2.1128e+00 -1.1522e+00 +2.1656e+00
1479 +5.704632083e+00 +5.704632083e+00 +2.184546321e+02 +2.184546321e+02 -3.5564e+00 -2.6429e+00 -4.1068e+00 -1.9077e+00 -1.5811e+00 -2.3378e+00 -7.1856e-01 -1.1609e+00 +1.6900e-01 +2.8600e+00
1817 +2.943794761e+00 +2.943794761e+00 +2.156937948e+02 +2.156937948e+02 -3.8576e+00 -1.8593e+00 -2.9827e+00 -1.8000e+00 -2.3774e+00 -3.1121e+00 +1.5668e-01 -8.0328e-01 -9.4933e-01 +2.6464e+00
2039 +1.218658713e+00 +1.218658713e+00 +2.139686587e+02 +2.139686587e+02 -3.1314e+00 -2.6185e+00 -4.0319e+00 -1.5873e+00 -1.5391e+00 -3.8755e+00 +9.8437e-01 -1.1755e+00 -5.4673e-01 +2.6143e+00
2383 +6.367565667e-01 +6.367565667e-01 +2.133867566e+02 +2.133867566e+02 -3.8768e+00 -2.7894e+00 -3.5729e+00 -1.3606e+00 -2.0979e+00 -3.5769e+00 +1.0871e+00 -1.4993e+00 -1.0779e-02 +2.9811e+00
2448 +6.115739599e-01 +6.115739599e-01 +2.133615740e+02 +2.133615740e+02 -3.7817e+00 -2.5281e+00 -3.4140e+00 -1.6174e+00 -1.8110e+00 -3.5647e+00 +3.1703e-01 -1.1408e+00 -1.3780e-01 +2.7693e+00
2830 +3.605132947e-01 +3.605132947e-01 +2.131105133e+02 +2.131105133e+02 -3.9272e+00 -2.7292e+00 -3.0698e+00 -1.4282e+00 -1.7374e+00 -3.8751e+00 +8.5399e-01 -1.6509e+00 -1.3018e-01 +2.4833e+00
3164 +2.473735155e-01 +2.473735155e-01 +2.129973735e+02 +2.129973735e+02 -4.0071e+00 -2.7393e+00 -3.1846e+00 -1.2066e+00 -1.5597e+00 -3.9961e+00 +8.1646e-01 -1.7363e+00 -5.9253e-01 +2.6939e+00
3564 +1.580986787e-01 +1.580986787e-01 +2.129080987e+02 +2.129080987e+02 -3.7862e+00 -2.6071e+00 -3.3421e+00 -1.2066e+00 -1.5759e+00 -3.9385e+00 +6.7833e-01 -1.3392e+00 -6.7416e-01 +2.7536e+00
3661 +9.408445241e-02 +9.408445241e-02 +2.128440845e+02 +2.128440845e+02 -3.8154e+00 -2.8000e+00 -3.3765e+00 -1.2281e+00 -1.6554e+00 -3.6249e+00 +6.1252e-01 -1.6155e+00 -5.1886e-01 +2.7344e+00
3924 +6.170520095e-02 +6.170520095e-02 +2.128117052e+02 +2.128117052e+02 -3.7436e+00 -2.7954e+00 -3.3823e+00 -1.3378e+00 -1.6176e+00 -3.7711e+00 +8.2476e-01 -1.5709e+00 -5.6049e-01 +2.8770e+00
4002 +3.208935185e-02 +3.208935185e-02 +2.127820894e+02 +2.127820894e+02 -3.8117e+00 -2.7219e+00 -3.3897e+00 -1.4441e+00 -1.6019e+00 -3.7809e+00 +7.4305e-01 -1.4564e+00 -4.8906e-01 +2.6562e+00
4075 +1.911400839e-02 +1.911400839e-02 +2.127691140e+02 +2.127691140e+02 -3.8696e+00 -2.6708e+00 -3.3617e+00 -1.3483e+00 -1.6716e+00 -3.6399e+00 +7.7148e-01 -1.5237e+00 -4.1348e-01 +2.6923e+00
4209 +1.216859091e-02 +1.216859091e-02 +2.127621686e+02 +2.127621686e+02 -3.8380e+00 -2.6657e+00 -3.3508e+00 -1.3252e+00 -1.7106e+00 -3.6427e+00 +7.6186e-01 -1.5135e+00 -4.7571e-01 +2.7152e+00
4404 +9.726663365e-03 +9.726663365e-03 +2.127597267e+02 +2.127597267e+02 -3.8621e+00 -2.6683e+00 -3.3476e+00 -1.3228e+00 -1.6772e+00 -3.6452e+00 +7.6690e-01 -1.4771e+00 -5.2024e-01 +2.7260e+00
4487 +4.763822805e-03 +4.763822805e-03 +2.127547638e+02 +2.127547638e+02 -3.8399e+00 -2.6683e+00 -3.3692e+00 -1.3750e+00 -1.6556e+00 -3.6663e+00 +8.0422e-01 -1.4840e+00 -4.8966e-01 +2.7731e+00
4619 +3.303458338e-03 +3.303458338e-03 +2.127533035e+02 +2.127533035e+02 -3.8438e+00 -2.6690e+00 -3.3510e+00 -1.3479e+00 -1.6927e+00 -3.6832e+00 +8.1528e-01 -1.4812e+00 -5.1440e-01 +2.7598e+00
4683 +1.910848044e-03 +1.910848044e-03 +2.127519108e+02 +2.127519108e+02 -3.8436e+00 -2.6527e+00 -3.3510e+00 -1.3486e+00 -1.6966e+00 -3.7075e+00 +7.9821e-01 -1.4743e+00 -5.0477e-01 +2.7584e+00
4898 +1.267060536e-03 +1.267060536e-03 +2.127512671e+02 +2.127512671e+02 -3.8449e+00 -2.6780e+00 -3.3514e+00 -1.3710e+00 -1.6928e+00 -3.7180e+00 +8.1163e-01 -1.4767e+00 -5.1124e-01 +2.7507e+00
4910 +8.929213603e-04 +8.929213603e-04 +2.127508929e+02 +2.127508929e+02 -3.8418e+00 -2.6644e+00 -3.3487e+00 -1.3774e+00 -1.6913e+00 -3.7287e+00 +7.9978e-01 -1.5001e+00 -4.9705e-01 +2.7420e+00
