% function evaluation | noise-free fitness - Fopt (1.491500000000e+02) | best noise-free fitness - Fopt | measured fitness | best measured fitness | x1 | x2...
1 +3.101703197e+05 +3.101703197e+05 +3.103194697e+05 +3.103194697e+05 +3.2649e+00 +4.2621e+00 +3.8863e+00 +3.8037e+00 +4.5349e-02 -2.5629e+00 -1.4176e+00 +1.9927e+00 -1.9987e+00 -3.0941e+00 -2.4192e+00 -2.7544e+00 +7.0041e-01 +3.6886e+00 +2.3147e+00 -2.2182e+00 +3.0737e+00 +4.5245e-02 -4.2501e+00 -2.2428e+00
8 +1.529342503e+05 +1.529342503e+05 +1.530834003e+05 +1.530834003e+05 +3.0330e-01 -4.4568e-01 +1.6709e+00 -1.9456e+00 -2.1941e+00 -1.9676e+00 +2.8307e+00 -2.4082e+00 -1.4465e+00 +4.5753e+00 -2.7343e+00 -1.7112e+00 +2.9045e+00 -3.2139e+00 -1.1828e+00 +1.8299e-01 -1.9893e+00 -3.5679e+00 -4.2484e+00 +1.2606e+00
10 +6.878738082e+04 +6.878738082e+04 +6.893653082e+04 +6.893653082e+04 +1.4384e+00 +2.0213e+00 -1.7592e+00 +9.6463e-01 -1.1351e+00 -1.6979e+00 +5.7524e-01 -2.5927e+00 -1.0573e+00 +2.4784e+00 +6.4312e-01 -1.6785e+00 -8.0678e-01 +1.9917e+00 -3.8746e-01 -3.7083e+00 -9.4719e-01 -2.2931e+00 -4.9301e+00 -1.9931e+00
408 +5.650225350e+04 +5.650225350e+04 +5.665140350e+04 +5.665140350e+04 +1.8395e+00 +1.3019e+00 -2.5257e+00 -2.4685e-01 -2.0189e+00 +0.0000e+00 +1.7742e+00 +0.0000e+00 -2.4669e+00 +1.1955e+00 +0.0000e+00 +2.9596e+00 +2.5955e+00 -5.7207e-01 +1.1476e+00 -3.3537e+00 -3.4333e+00 -1.7399e-01 -4.5902e+00 -2.8164e+00
603 +3.521119008e+04 +3.521119008e+04 +3.536034008e+04 +3.536034008e+04 +0.0000e+00 +0.0000e+00 -6.4171e-01 +2.8679e+00 -2.9265e+00 +2.6404e-02 +6.5006e-01 -1.9629e+00 +1.4525e+00 +3.0958e-01 -1.6340e-01 +9.3767e-01 +1.7949e+00 -5.0000e+00 +1.4787e-01 -2.7308e+00 -3.6511e+00 -1.1178e+00 -4.4545e+00 -2.0832e+00
802 +1.680897515e+04 +1.680897515e+04 +1.695812515e+04 +1.695812515e+04 +1.6450e+00 +1.4650e-01 +1.9209e-01 +0.0000e+00 -5.0000e+00 +1.4450e-01 -8.4970e-01 -3.2763e-01 -8.1459e-01 +2.3533e+00 -4.5620e-01 +1.3202e+00 +3.4109e+00 -7.3768e-01 -1.8700e+00 -1.7350e+00 +1.1012e+00 +1.8908e+00 -2.5641e+00 -1.4049e+00
957 +8.866752522e+03 +8.866752522e+03 +9.015902522e+03 +9.015902522e+03 +1.2002e-01 -1.6060e-01 -2.8613e+00 +2.3706e+00 -2.5862e+00 -1.5459e+00 -7.4613e-01 +2.1929e-01 -1.4200e+00 +2.0956e-01 -1.8949e+00 +0.0000e+00 +1.3803e+00 -1.0511e-01 -1.9523e+00 -3.4682e+00 -7.4631e-01 -1.1308e-02 -4.5700e+00 -3.0516e+00
1089 +5.342249470e+03 +5.342249470e+03 +5.491399470e+03 +5.491399470e+03 -4.0021e-01 -1.7092e+00 -2.6026e+00 +1.4215e+00 -2.9683e+00 -8.6616e-01 -5.6685e-01 -5.1362e-01 -1.5267e+00 -2.5047e-01 -2.5320e+00 -1.1259e+00 +1.8745e+00 -1.3707e-01 -2.1325e+00 -2.0872e+00 -2.3366e+00 -1.0249e+00 -4.5525e+00 -3.7146e+00
1479 +3.610093397e+03 +3.610093397e+03 +3.759243397e+03 +3.759243397e+03 +3.0952e-01 -8.8430e-01 -2.0644e+00 +1.5982e+00 -2.9665e+00 -8.3573e-01 -8.9786e-01 -4.9516e-01 -1.7603e+00 -8.2609e-01 -3.4087e+00 -5.4762e-01 +3.4885e+00 -1.6090e-01 -1.8675e+00 -1.1601e+00 -1.1857e+00 -8.5935e-02 -4.3744e+00 +4.3024e-01
2104 +1.544615582e+03 +1.544615582e+03 +1.693765582e+03 +1.693765582e+03 -1.1549e-01 -1.0724e+00 -1.6537e+00 +1.9295e+00 -3.3843e+00 -2.3339e+00 -2.4624e+00 -1.0959e+00 -1.1874e+00 -8.2059e-01 -3.7795e+00 -5.1704e-01 +2.3489e+00 -4.1612e-01 -1.9777e+00 -1.4538e+00 -1.5699e+00 -6.1630e-01 -4.2251e+00 -2.2182e+00
2871 +9.066268078e+02 +9.066268078e+02 +1.055776808e+03 +1.055776808e+03 -6.0492e-01 -1.6359e+00 -1.1632e+00 +1.4873e+00 -3.2799e+00 -2.5367e+00 -7.9092e-01 -1.2963e+00 -1.1890e+00 -1.3537e+00 -2.2359e+00 -5.9028e-01 +1.5260e+00 -9.3128e-01 -5.8609e-01 -1.5322e+00 -2.9991e-01 -1.3983e-01 -4.1306e+00 -1.7515e+00
3048 +5.437462591e+02 +5.437462591e+02 +6.928962591e+02 +6.928962591e+02 -2.4463e-01 -1.1493e+00 -1.1752e+00 +1.3933e+00 -3.2711e+00 -2.3248e+00 -1.5722e+00 -1.1307e+00 -7.5490e-01 -9.8068e-01 -2.0730e+00 -3.7327e-01 +2.0343e+00 -1.3323e+00 -1.5686e+00 -1.6182e+00 -3.5710e-01 +5.9346e-02 -3.9519e+00 -1.8732e+00
3540 +3.719708913e+02 +3.719708913e+02 +5.211208913e+02 +5.211208913e+02 -2.9014e-01 -1.0168e+00 -8.6791e-01 +1.6306e+00 -3.7554e+00 -2.5896e+00 -1.4546e+00 -2.0611e+00 -9.1207e-01 -8.6635e-01 -2.3568e+00 -4.9074e-01 +1.6115e+00 -1.8043e+00 -1.6914e+00 -1.6895e+00 -4.1560e-01 -1.4150e-01 -3.9712e+00 -2.1079e+00
4035 +2.319110643e+02 +2.319110643e+02 +3.810610643e+02 +3.810610643e+02 -2.8101e-01 -9.3391e-01 -8.8501e-01 +1.2846e+00 -3.5527e+00 -2.4682e+00 -1.4200e+00 -1.9097e+00 -9.8078e-01 -6.9057e-01 -2.5404e+00 -1.4146e-01 +1.6567e+00 -1.7184e+00 -1.9008e+00 -1.6463e+00 -7.9982e-01 -1.6531e-01 -3.9691e+00 -2.5082e+00
% function evaluation | noise-free fitness - Fopt (-1.000000000000e+03) | best noise-free fitness - Fopt | measured fitness | best measured fitness | x1 | x2...
1 +7.981811420e+05 +7.981811420e+05 +7.971811420e+05 +7.971811420e+05 +4.8145e-01 -2.4027e+00 -2.6910e+00 -1.8108e+00 +1.7066e+00 +2.5560e+00 +1.3575e+00 +4.0326e+00 -4.2354e+00 +1.7878e+00 -4.0136e+00 -4.6161e+00 -1.3645e+00 +3.9776e+00 -1.7762e+00 -3.7826e+00 -4.7752e-01 -7.1757e-01 +1.2335e+00 -4.0695e+00
2 +3.798589614e+05 +3.798589614e+05 +3.788589614e+05 +3.788589614e+05 +4.4633e-01 -4.4912e+00 -4.3962e+00 +3.0244e+00 -1.1300e+00 -2.9530e+00 +2.2353e+00 +1.0110e+00 +2.3564e-01 -1.9914e+00 +1.8730e+00 -2.5540e+00 -2.2930e+00 +2.6165e-01 +2.9257e+00 -9.5092e-01 +1.0225e+00 -1.4569e+00 -5.7602e-01 -2.7376e+00
60 +1.900816092e+05 +1.900816092e+05 +1.890816092e+05 +1.890816092e+05 -1.5889e+00 +1.6665e+00 +1.0990e-01 -4.5548e+00 +1.2261e+00 -4.3260e+00 -3.2929e+00 -2.4388e+00 +1.6845e+00 +4.0140e+00 -4.0635e+00 +2.6871e+00 -4.5567e+00 +5.0386e-01 +1.5074e-01 +1.2646e+00 -2.4359e+00 -2.0814e+00 -4.6441e+00 +8.1649e-01
170 +1.210882726e+05 +1.210882726e+05 +1.200882726e+05 +1.200882726e+05 -1.9638e+00 -1.2271e+00 +4.0921e+00 -1.3162e+00 +4.4427e-01 +3.2683e+00 -1.7360e+00 -4.8341e+00 +1.4534e+00 +5.8747e-02 +1.8253e+00 -4.3519e+00 +3.4111e-01 -2.3384e+00 +3.0188e+00 -7.6786e-01 +3.7626e+00 -4.9813e+00 -4.5938e+00 +2.4720e+00
351 +5.881402333e+04 +5.881402333e+04 +5.781402333e+04 +5.781402333e+04 -8.9918e-01 -1.6160e+00 +4.0211e+00 -2.2602e+00 +3.2899e-01 -2.2926e+00 -1.2724e+00 -3.1396e+00 +2.9200e+00 +1.5594e+00 +2.2002e-01 -1.0828e+00 -2.2852e+00 -3.9075e+00 +1.3427e-01 +1.0375e+00 +1.2371e+00 -2.8312e+00 +2.3416e-02 +2.8563e+00
611 +3.851797622e+04 +3.851797622e+04 +3.751797622e+04 +3.751797622e+04 -2.3571e+00 -2.2499e+00 +2.6075e+00 -1.5553e+00 -3.3483e-01 -2.6522e+00 +5.8341e-02 -3.8660e+00 +1.9632e+00 +3.5010e+00 -7.3339e-01 +2.7846e-01 -3.9404e+00 -3.4360e+00 +2.3035e+00 +0.0000e+00 +7.4425e-01 -1.7675e+00 -2.3597e+00 -1.8891e+00
1040 +2.179779618e+04 +2.179779618e+04 +2.079779618e+04 +2.079779618e+04 -1.7535e+00 +2.6631e-01 -4.6664e-01 -2.3702e-01 -1.1610e+00 +3.7300e-01 -4.2988e+00 -1.5871e+00 +3.8848e-01 +1.3821e-01 +1.0196e+00 -1.2597e+00 +4.9612e-01 -4.6620e+00 -9.0357e-01 -4.4240e+00 -3.1949e-02 -1.1517e+00 -2.3692e-01 +2.2466e+00
1152 +9.528348811e+03 +9.528348811e+03 +8.528348811e+03 +8.528348811e+03 -3.7665e+00 +4.9477e-01 +8.3862e-01 -3.5639e+00 -3.5957e-01 -6.4105e-01 -3.5181e+00 -3.4116e+00 +6.8847e-01 +8.4992e-01 -9.0171e-01 -9.1809e-01 -4.2902e-01 -5.0000e+00 -3.1567e-01 -2.7922e+00 -7.9368e-01 -1.0546e+00 -2.2594e-01 +3.3732e+00
1677 +5.881253674e+03 +5.881253674e+03 +4.881253674e+03 +4.881253674e+03 -3.7819e+00 -6.0469e-01 +1.8858e+00 -3.1623e+00 -1.2850e+00 -9.7166e-01 -2.8727e+00 -1.0802e+00 +2.0572e+00 +8.5183e-01 -2.0686e+00 -1.0742e+00 -7.7124e-01 -4.6962e+00 +1.4986e-01 -2.0515e+00 -2.2929e+00 -1.9102e+00 -7.7076e-01 +8.3155e-01
2077 +3.178864536e+03 +3.178864536e+03 +2.178864536e+03 +2.178864536e+03 -3.4726e+00 -7.8625e-01 +1.6344e+00 -2.8052e+00 -2.9432e+00 -7.2219e-01 -2.3527e+00 -3.8485e+00 +1.1008e+00 +7.9594e-01 -2.7205e+00 -1.0720e+00 -8.2272e-01 -4.6397e+00 +7.6856e-02 -8.7161e-01 -5.5778e-01 -3.1620e+00 -3.2831e+00 +1.3667e-01
2242 +2.349067723e+03 +2.349067723e+03 +1.349067723e+03 +1.349067723e+03 -4.4261e+00 +5.8606e-01 +1.3613e+00 -1.4014e+00 -2.3566e+00 -1.1410e+00 -2.9532e+00 -2.6630e+00 +1.6536e+00 +1.0051e+00 -1.0734e+00 -2.1010e+00 -2.4593e+00 -4.7366e+00 +4.9782e-01 -2.0350e+00 -3.4952e-01 -2.9170e+00 -4.1724e+00 -1.0673e-02
2390 +1.288118708e+03 +1.288118708e+03 +2.881187077e+02 +2.881187077e+02 -3.9078e+00 +2.3944e-01 +9.9447e-01 -3.0222e+00 -2.4475e+00 -1.8355e+00 -2.4343e+00 -3.0329e+00 +1.0462e+00 +1.8916e+00 -2.6418e+00 -2.3264e+00 -2.2873e+00 -3.9452e+00 +8.5730e-01 -1.3795e+00 -1.0774e+00 -3.3127e+00 -4.4339e+00 +4.9904e-01
2907 +8.792002969e+02 +8.792002969e+02 -1.207997031e+02 -1.207997031e+02 -3.3424e+00 -5.2794e-01 -1.8973e-01 -3.2515e+00 -2.5504e+00 +1.2972e-01 -2.0039e+00 -1.5713e+00 +1.1408e+00 +2.0577e+00 -2.1836e+00 -2.1307e+00 -1.7820e+00 -3.4690e+00 +6.3850e-01 -1.5071e+00 -6.6076e-01 -3.2392e+00 -4.3416e+00 -6.0047e-01
3216 +6.291345706e+02 +6.291345706e+02 -3.708654294e+02 -3.708654294e+02 -3.1217e+00 +4.7587e-01 -9.1432e-02 -3.0344e+00 -2.4214e+00 -1.9556e-01 -2.3867e+00 -1.4302e+00 +9.7360e-01 +2.2167e+00 -2.1572e+00 -2.2404e+00 -1.2536e+00 -3.2735e+00 +2.5971e-01 -1.5067e+00 -9.2081e-01 -4.0316e+00 -4.4597e+00 -3.0849e-01
3633 +3.883335839e+02 +3.883335839e+02 -6.116664161e+02 -6.116664161e+02 -3.2787e+00 -1.3077e-02 +5.1752e-01 -2.9637e+00 -2.5723e+00 -2.7813e-01 -2.0070e+00 -1.7041e+00 +6.3097e-01 +2.2883e+00 -1.8943e+00 -1.9690e+00 -1.8765e+00 -3.6239e+00 +4.7054e-01 -1.5612e+00 -3.0806e-01 -3.6414e+00 -4.3830e+00 -6.4139e-01
4456 +2.439308984e+02 +2.439308984e+02 -7.560691016e+02 -7.560691016e+02 -3.5387e+00 +1.8332e-01 +5.2767e-01 -2.8710e+00 -2.6400e+00 -4.2329e-01 -2.7034e+00 -2.0652e+00 +2.8430e-01 +2.2482e+00 -1.7916e+00 -2.0245e+00 -1.7594e+00 -3.8867e+00 +2.5685e-02 -1.4511e+00 -4.1462e-01 -3.5961e+00 -4.2103e+00 -8.7254e-01
% function evaluation | noise-free fitness - Fopt (9.862000000000e+01) | best noise-free fitness - Fopt | measured fitness | best measured fitness | x1 | x2...
1 +9.273779373e+05 +9.273779373e+05 +9.274765573e+05 +9.274765573e+05 +3.8201e+00 +3.0186e+00 -2.8367e+00 +2.3510e+00 +2.5434e+00 -1.1735e+00 +1.5098e+00 +4.4870e+00 +2.6793e+00 -1.8888e+00 +1.2063e+00 +3.9963e-01 +1.1815e-01 -2.9361e+00 -2.8589e+00 +1.6385e+00 +2.7740e+00 -2.4448e+00 -2.3468e+00 -2.5120e+00
2 +2.927804243e+05 +2.927804243e+05 +2.928790443e+05 +2.928790443e+05 +2.0808e+00 +2.0531e+00 -2.0391e+00 -1.0328e+00 +3.3309e+00 +7.4899e-01 -8.7443e-01 +1.6831e+00 -4.3905e+00 -3.1875e+00 -3.8736e+00 -2.6762e+00 +2.7308e+00 -1.8636e+00 -3.8190e-01 +2.0102e+00 +2.4345e+00 +2.0359e+00 +8.1784e-01 -1.8254e+00
6 +1.241312768e+05 +1.241312768e+05 +1.242298968e+05 +1.242298968e+05 +5.4834e-01 +5.3537e-01 +3.5403e+00 +1.8577e+00 +1.3294e+00 -1.3206e+00 -1.7015e-01 +5.2303e-01 -5.0529e-02 +7.4281e-01 +1.5659e+00 -3.8545e+00 +3.8942e+00 -3.8089e+00 -4.2616e+00 -1.5489e+00 +2.9215e+00 +1.2642e+00 -9.2901e-01 +4.2720e+00
357 +3.857388898e+04 +3.857388898e+04 +3.867250898e+04 +3.867250898e+04 +9.4993e-01 -7.4539e-01 +1.0218e+00 -3.7155e-01 +1.9429e+00 -1.3805e+00 -4.8045e+00 -5.0000e+00 -3.7851e+00 -3.7605e+00 -2.6409e-01 -5.0000e+00 +4.2426e-01 -5.0000e+00 -2.9020e+00 -1.3201e+00 +3.5168e-03 +4.4189e-01 -1.6555e-01 -2.0541e+00
835 +1.423190770e+04 +1.423190770e+04 +1.433052770e+04 +1.433052770e+04 +0.0000e+00 -2.6459e+00 +2.0147e+00 -2.0272e+00 +6.2007e-01 +1.4411e+00 -5.0000e+00 -3.1274e+00 -5.0000e+00 -2.9620e+00 +1.6445e+00 -4.8544e+00 +2.4970e+00 -3.6275e+00 -3.1966e+00 -4.7044e+00 +1.4056e+00 +2.9061e-01 +1.9823e+00 +5.6571e-01
1208 +8.025183081e+03 +8.025183081e+03 +8.123803081e+03 +8.123803081e+03 -1.3775e+00 -2.5225e+00 +3.2964e-01 -2.2160e+00 +6.7306e-01 +3.7180e-01 -3.9099e+00 -4.2183e+00 -4.3705e+00 -1.7310e+00 -1.5756e-01 -4.5687e+00 +1.0108e+00 -3.6344e+00 -2.3865e+00 -3.5093e+00 +2.7279e+00 +7.4622e-01 -2.5567e-02 -2.7713e+00
1585 +5.610914591e+03 +5.610914591e+03 +5.709534591e+03 +5.709534591e+03 -3.5019e+00 -2.2368e+00 +1.0380e+00 -2.3957e+00 +1.0006e+00 +1.2834e+00 -3.6574e+00 -3.5782e+00 -4.2014e+00 -2.2241e+00 +1.7753e-01 -4.6148e+00 +2.0670e-01 -3.2289e+00 -2.5237e+00 -3.5718e+00 +2.3532e+00 +1.0408e+00 +2.0446e+00 -8.0357e-02
1668 +3.671461859e+03 +3.671461859e+03 +3.770081859e+03 +3.770081859e+03 -1.4376e+00 -2.4952e+00 +1.9953e+00 -2.1642e+00 -5.0462e-01 +4.3972e-01 -3.5232e+00 -2.7429e+00 -4.1263e+00 -1.5947e+00 +1.7321e+00 -4.5259e+00 +4.1268e-01 -2.7602e+00 -2.8179e+00 -2.8269e+00 +1.5771e+00 +1.0655e+00 +2.0180e+00 -7.3165e-01
2013 +2.104168438e+03 +2.104168438e+03 +2.202788438e+03 +2.202788438e+03 -6.7499e-01 -1.8478e+00 +2.0954e+00 -3.3262e+00 +9.7578e-01 +9.4376e-01 -3.2850e+00 -3.7772e+00 -3.8735e+00 +4.0348e-01 +7.9439e-01 -3.6543e+00 +2.1771e-01 -4.4043e+00 -3.0558e+00 -2.8877e+00 +9.7423e-01 +1.7711e+00 +5.0762e-01 -6.3487e-01
2226 +1.569964488e+03 +1.569964488e+03 +1.668584488e+03 +1.668584488e+03 -6.6992e-01 -1.2408e+00 +2.2703e+00 -3.1286e+00 +1.5878e+00 +9.7388e-01 -2.7853e+00 -3.4998e+00 -4.1342e+00 -1.0199e+00 +4.1496e-01 -3.0891e+00 +1.2154e-01 -3.2735e+00 -2.6566e+00 -3.8454e+00 +1.6545e+00 +6.9660e-01 +9.2431e-01 -7.3592e-01
2823 +9.444477163e+02 +9.444477163e+02 +1.043067716e+03 +1.043067716e+03 -9.1404e-01 -1.3560e+00 +1.0204e+00 -2.7058e+00 +4.8190e-01 +3.1052e-01 -3.1346e+00 -3.2847e+00 -2.7819e+00 -6.8203e-01 -2.4736e-01 -2.0494e+00 +2.4667e-01 -3.5272e+00 -3.3808e+00 -3.8264e+00 +7.7559e-01 +6.4108e-01 +9.5813e-01 -2.1164e+00
3444 +4.342998153e+02 +4.342998153e+02 +5.329198153e+02 +5.329198153e+02 -1.1588e+00 -1.8198e+00 +1.3235e+00 -2.3975e+00 +5.6362e-01 +9.6452e-01 -3.0229e+00 -4.0572e+00 -3.6978e+00 -8.0277e-01 -1.1170e-01 -2.2926e+00 +1.5801e-01 -3.8600e+00 -3.1055e+00 -3.3436e+00 +1.1574e+00 +9.8576e-01 +8.3560e-01 -9.4142e-01
3637 +3.680319569e+02 +3.680319569e+02 +4.666519569e+02 +4.666519569e+02 -1.1518e+00 -1.8931e+00 +1.4898e+00 -2.6899e+00 +2.8896e-01 +5.9723e-01 -2.0299e+00 -4.1246e+00 -3.4624e+00 -6.2012e-01 -7.0275e-02 -2.5967e+00 +5.3829e-01 -3.8844e+00 -2.9827e+00 -3.4611e+00 +1.3843e+00 +1.0262e+00 +1.1723e+00 -4.4919e-01
3857 +2.227849518e+02 +2.227849518e+02 +3.214049518e+02 +3.214049518e+02 -1.4699e+00 -1.9009e+00 +1.4522e+00 -2.5862e+00 +5.0772e-01 +1.1548e+00 -2.7453e+00 -3.8878e+00 -3.9391e+00 -1.2526e+00 +8.0849e-01 -2.3138e+00 +9.0488e-02 -3.5317e+00 -3.0085e+00 -3.0077e+00 +3.1257e-01 +9.0691e-01 +1.0105e+00 -1.0745e+00
4249 +1.526169918e+02 +1.526169918e+02 +2.512369918e+02 +2.512369918e+02 -1.6331e+00 -2.0676e+00 +1.4425e+00 -2.5525e+00 +5.1719e-01 +1.1092e+00 -2.2957e+00 -3.8502e+00 -3.6545e+00 -1.1991e+00 +6.1636e-01 -2.5030e+00 +1.3173e-01 -3.4310e+00 -3.0432e+00 -3.0798e+00 +4.4081e-01 +9.6852e-01 +1.0590e+00 -9.2793e-01
4811 +9.855903752e+01 +9.855903752e+01 +1.971790375e+02 +1.971790375e+02 -1.3144e+00 -2.0072e+00 +1.4052e+00 -2.6094e+00 +5.0920e-01 +1.2202e+00 -2.1379e+00 -3.8515e+00 -3.7610e+00 -1.1566e+00 +8.0967e-01 -2.4767e+00 +1.6427e-01 -3.6121e+00 -3.0322e+00 -2.8507e+00 +9.4183e-01 +9.4480e-01 +1.1455e+00 -4.3948e-01
% function evaluation | noise-free fitness - Fopt (-4.715000000000e+01) | best noise-free fitness - Fopt | measured fitness | best measured fitness | x1 | x2...
1 +8.507860681e+05 +8.507860681e+05 +8.507389181e+05 +8.507389181e+05 +4.7458e+00 +2.4385e+00 +1.3847e+00 +1.4145e+00 -2.0832e+00 -7.5422e-01 +1.2820e+00 +4.7486e+00 +6.7726e-01 -3.3990e+00 +1.7278e-01 +3.0006e+00 -3.7451e+00 -3.3425e-01 +3.5305e-01 +3.8950e+00 -5.3748e-01 -4.7185e+00 -3.5887e+00 -3.4236e+00
2 +1.975326880e+05 +1.975326880e+05 +1.974855380e+05 +1.974855380e+05 +2.9893e+00 -3.4054e+00 +3.4700e+00 -1.9052e+00 -3.2890e+00 +4.9122e+00 -3.9144e+00 -1.2564e+00 -1.3718e+00 -5.3006e-01 +4.8857e-01 -1.6487e+00 -9.9959e-01 -2.0033e+00 -1.4834e-01 -2.8153e+00 -1.6494e+00 -1.3463e+00 +2.4308e+00 +4.5608e+00
247 +1.396519548e+05 +1.396519548e+05 +1.396048048e+05 +1.396048048e+05 +2.1481e+00 +9.3017e-01 -3.1557e+00 -1.5507e+00 -8.9414e-01 +1.9590e+00 +2.9141e+00 -3.4873e-02 +1.3216e+00 +1.1214e-01 +2.7587e+00 +5.8800e-01 +2.0499e+00 -4.9835e+00 +2.5020e+00 +1.5579e+00 +2.2430e-01 -3.4940e+00 -1.0081e+00 -4.6453e+00
452 +3.410525256e+04 +3.410525256e+04 +3.405810256e+04 +3.405810256e+04 -2.0315e-01 -1.6955e+00 -3.3073e+00 -8.5206e-01 -6.2263e-02 +3.1600e+00 -3.4957e+00 -7.6890e-01 -4.9174e-01 -5.0000e+00 +9.6888e-01 +0.0000e+00 -1.1053e+00 -3.9104e+00 +1.4973e+00 -4.4785e-01 -1.3263e+00 -1.8361e+00 +9.3314e-01 +3.4915e+00
660 +1.960531329e+04 +1.960531329e+04 +1.955816329e+04 +1.955816329e+04 -2.9146e-01 -3.1160e+00 -4.2125e+00 -1.8062e+00 -1.0759e+00 +1.8372e+00 -2.1076e+00 -6.4536e-01 -5.4627e-01 -4.0339e+00 +1.9341e+00 -2.0025e+00 +0.0000e+00 +4.6312e-01 +3.8275e+00 -7.3082e-01 -2.7977e+00 -4.4392e+00 +5.5346e-01 +2.8587e+00
1075 +1.256835033e+04 +1.256835033e+04 +1.252120033e+04 +1.252120033e+04 -1.0981e+00 -2.4695e+00 -4.2169e+00 -1.2983e+00 -1.6385e+00 +3.2944e+00 -2.9926e+00 -1.8330e+00 -6.2934e-01 -3.5779e+00 +2.0501e+00 -3.6541e+00 -1.4622e-01 -1.6451e+00 +2.1497e+00 -7.5378e-01 -1.9083e+00 -3.7569e+00 +3.9546e-01 +4.1800e+00
1314 +9.511901797e+03 +9.511901797e+03 +9.464751797e+03 +9.464751797e+03 -2.1442e+00 -1.4860e+00 -4.1882e+00 -1.3895e+00 -1.5430e+00 +2.1761e+00 -2.0843e+00 -1.1790e+00 -4.3768e-01 -1.1565e+00 +2.8979e+00 -2.8235e+00 +3.0813e+00 -5.5559e-01 +2.3444e+00 -1.8962e+00 -2.3965e+00 -4.0472e+00 -5.5407e-01 +3.1622e+00
1402 +5.836735102e+03 +5.836735102e+03 +5.789585102e+03 +5.789585102e+03 -2.2945e+00 -2.6474e+00 -3.8553e+00 -1.7674e+00 -1.3364e+00 +1.1838e+00 -2.3080e+00 -2.1415e+00 -1.0843e+00 -2.8595e+00 +3.3618e+00 -3.8182e+00 +3.2823e+00 -1.6603e+00 +2.3919e+00 -2.6856e+00 -3.1782e+00 -4.7848e+00 -1.2196e+00 +2.4493e+00
1841 +3.785756657e+03 +3.785756657e+03 +3.738606657e+03 +3.738606657e+03 -8.3287e-01 -1.2204e+00 -1.9416e+00 -2.7749e+00 +2.9661e-01 +2.3036e+00 -1.3575e+00 -2.0806e+00 -9.6431e-01 -4.2378e+00 +3.1039e+00 -2.3923e+00 +0.0000e+00 -1.2479e+00 +2.1679e+00 -4.6401e-01 -1.7172e+00 -3.4687e+00 -1.2127e+00 +8.8767e-01
2303 +2.327555149e+03 +2.327555149e+03 +2.280405149e+03 +2.280405149e+03 -1.2306e-01 -1.3305e+00 -1.9743e+00 -3.5811e+00 -8.7852e-02 +2.0932e+00 -1.5732e+00 -2.0040e+00 -1.3769e+00 -3.6972e+00 +3.0806e+00 -1.8928e+00 +5.5278e-01 -2.1805e+00 +2.1266e+00 -2.7510e+00 -3.9693e+00 -3.8120e+00 -1.6094e+00 +1.3955e+00
2413 +1.056385310e+03 +1.056385310e+03 +1.009235310e+03 +1.009235310e+03 -1.8403e+00 -1.3408e+00 -2.2639e+00 -3.9643e+00 +4.1693e-01 +1.6537e+00 -1.2862e+00 -2.2071e+00 -2.0225e+00 -3.3749e+00 +2.8804e+00 -1.5685e+00 +1.6079e+00 -2.8942e+00 +1.6992e+00 -1.0602e+00 -2.4621e+00 -4.1272e+00 -1.5945e+00 +3.4482e-01
3010 +7.910699873e+02 +7.910699873e+02 +7.439199873e+02 +7.439199873e+02 -1.4654e+00 -1.3209e+00 -2.5962e+00 -3.9994e+00 +4.7501e-01 +1.3345e+00 -1.4593e+00 -1.9754e+00 -1.8486e+00 -3.1616e+00 +2.2299e+00 -2.1208e+00 +1.5437e+00 -2.6910e+00 +1.9128e+00 -1.0609e+00 -2.0206e+00 -4.1950e+00 -1.9642e+00 +7.7641e-01
3177 +5.824951372e+02 +5.824951372e+02 +5.353451372e+02 +5.353451372e+02 -3.8417e-01 -1.8083e+00 -2.7396e+00 -3.3191e+00 -3.3709e-01 +1.0825e+00 -1.9379e+00 -2.0087e+00 -1.6730e+00 -3.7298e+00 +1.9989e+00 -2.8429e+00 +1.6025e+00 -2.5827e+00 +1.6137e+00 -1.9741e+00 -2.0677e+00 -3.8716e+00 +1.3837e-01 +5.6365e-01
3604 +3.601664043e+02 +3.601664043e+02 +3.130164043e+02 +3.130164043e+02 -5.6542e-01 -1.4419e+00 -2.2095e+00 -3.2325e+00 -6.5275e-01 +1.0156e+00 -1.9688e+00 -2.6845e+00 -1.5702e+00 -3.6465e+00 +1.9502e+00 -2.7136e+00 +1.9235e+00 -3.1580e+00 +2.0811e+00 -1.8665e+00 -2.2933e+00 -4.1009e+00 +4.7799e-02 +7.5333e-01
4004 +2.462722891e+02 +2.462722891e+02 +1.991222891e+02 +1.991222891e+02 -6.2057e-01 -1.2917e+00 -1.8495e+00 -3.2991e+00 -6.4548e-01 +1.1044e+00 -1.9776e+00 -2.8531e+00 -1.8740e+00 -3.2000e+00 +1.9095e+00 -2.8700e+00 +1.4804e+00 -3.0668e+00 +2.2206e+00 -1.9332e+00 -2.3671e+00 -3.6143e+00 +6.4186e-02 +7.2940e-01
4601 +1.498219472e+02 +1.498219472e+02 +1.026719472e+02 +1.026719472e+02 -4.2526e-01 -1.0220e+00 -1.5755e+00 -2.9853e+00 -6.4467e-01 +1.1080e+00 -2.3732e+00 -2.6204e+00 -1.8610e+00 -3.0502e+00 +1.8453e+00 -2.8427e+00 +1.6684e+00 -2.9750e+00 +2.3962e+00 -1.9655e+00 -2.1316e+00 -3.0509e+00 -4.9405e-02 +6.9962e-01
% function evaluation | noise-free fitness - Fopt (3.752000000000e+01) | best noise-free fitness - Fopt | measured fitness | best measured fitness | x1 | x2...
1 +7.838007937e+05 +7.838007937e+05 +7.838383137e+05 +7.838383137e+05 -2.6953e+00 +4.3399e+00 +3.3166e+00 -2.6416e+00 -1.9839e+00 -3.7133e+00 +1.2120e+00 +4.4287e+00 -7.8468e-01 -1.4626e+00 +4.4918e+00 -2.8453e+00 -3.8651e+00 -9.6437e-01 +4.7846e+00 +1.7059e+00 -1.6065e+00 +2.5863e-01 +3.4344e+00 -3.7370e+00
4 +6.171942854e+05 +6.171942854e+05 +6.172318054e+05 +6.172318054e+05 -4.4509e+00 -4.1602e+00 +2.8185e+00 -4.0037e+00 +3.1706e+00 +1.0219e+00 -8.3878e-01 +3.3375e+00 +6.4221e-02 -1.6367e+00 +3.6200e+00 -3.4724e+00 +2.6785e+00 +4.6757e+00 -2.0362e+00 +4.0474e+00 -3.8559e+00 +4.0116e+00 -3.2192e+00 +3.8695e+00
10 +2.934291212e+05 +2.934291212e+05 +2.934666412e+05 +2.934666412e+05 +4.4523e+00 -1.6711e+00 +9.6916e-01 -3.6069e+00 +2.5600e+00 +3.6663e+00 -1.8851e+00 -3.3893e+00 -2.0185e+00 +4.6570e+00 +4.4610e+00 +5.4308e-01 -1.9320e+00 +7.1113e-01 +2.1895e+00 -1.5106e+00 -4.8964e-01 -2.1077e+00 -2.3934e+00 +3.8122e+00
13 +1.187504210e+05 +1.187504210e+05 +1.187879410e+05 +1.187879410e+05 -3.9261e+00 +8.1148e-01 +3.5704e+00 -4.1397e+00 -6.0808e-01 +3.3635e+00 +2.0804e+00 +6.4887e-01 +4.9322e-01 -2.5577e+00 +3.2475e+00 -2.7480e+00 +3.3492e+00 +2.8803e+00 +1.8048e+00 -8.6192e-01 -3.5397e+00 -1.8121e+00 -2.0426e-01 -2.4272e+00
250 +7.067051701e+04 +7.067051701e+04 +7.070803701e+04 +7.070803701e+04 +3.0503e+00 -3.8233e+00 +2.4072e+00 -3.8275e+00 -8.2790e-01 -1.0460e+00 +1.9728e-01 +2.7217e+00 -1.2917e+00 -4.5146e+00 -1.0017e+00 +8.4351e-01 -4.0218e-01 -1.8565e+00 +1.7003e-01 -1.7693e+00 -5.0000e+00 -7.1272e-01 -1.5207e+00 -1.2642e+00
554 +4.807683185e+04 +4.807683185e+04 +4.811435185e+04 +4.811435185e+04 +0.0000e+00 -1.1031e+00 +3.0902e+00 -4.5467e-02 -7.0085e-01 +3.2638e+00 +1.9000e+00 +3.3317e-01 +1.4768e+00 -4.3859e-01 -1.5689e+00 +1.6116e-01 +3.7901e-01 -1.6366e+00 -2.5095e+00 -2.9041e+00 -1.8053e+00 -4.8722e+00 -3.8161e+00 +1.6014e-01
571 +2.974924421e+04 +2.974924421e+04 +2.978676421e+04 +2.978676421e+04 +7.9673e-01 -1.5268e+00 +8.6619e-01 -1.0419e+00 +4.2069e-01 +3.6240e+00 +3.8016e+00 +2.7686e+00 -9.7843e-01 +0.0000e+00 +3.1998e+00 -2.2779e+00 +2.0628e+00 -1.7825e-01 +3.7703e-01 -4.2045e+00 +9.9206e-01 -3.9221e+00 -1.2608e+00 -3.7841e-01
898 +2.190925617e+04 +2.190925617e+04 +2.194677617e+04 +2.194677617e+04 +6.8883e-01 -9.3117e-01 +1.4929e+00 -9.8101e-01 +1.3432e+00 +3.4119e+00 +1.5904e+00 +1.7593e+00 +4.2725e-01 +1.4763e+00 +2.3014e+00 -1.0569e+00 +6.2915e-01 +2.9489e-01 -2.7098e-01 -5.0000e+00 -9.0988e-01 -2.6901e+00 -1.7750e+00 +1.6313e-02
1662 +1.342722511e+04 +1.342722511e+04 +1.346474511e+04 +1.346474511e+04 +3.9052e+00 -1.2092e+00 +3.1183e+00 -1.9983e+00 +1.7840e+00 -7.4584e-01 +2.5338e+00 +6.7760e-01 -1.0089e+00 -1.8162e+00 +1.3092e+00 -1.3623e+00 -3.3955e-01 +2.1726e+00 -2.5363e+00 -6.5631e-01 -1.5576e+00 -3.7294e+00 -1.7186e+00 -3.5439e+00
1809 +8.051537244e+03 +8.051537244e+03 +8.089057244e+03 +8.089057244e+03 +1.7571e+00 -1.7104e+00 +4.5070e-01 -1.4730e+00 +6.6728e-01 +3.7551e-01 +9.5989e-01 +7.5111e-01 -1.2102e-01 -1.8284e-01 +3.0776e+00 -4.6293e-01 +2.8894e-01 +1.6374e+00 -1.3945e+00 -4.1950e+00 +3.3105e-01 -1.8961e+00 -1.3218e+00 -1.5866e+00
2098 +6.213129240e+03 +6.213129240e+03 +6.250649240e+03 +6.250649240e+03 +3.3014e+00 -1.1730e+00 +7.1430e-01 -1.6948e+00 +2.7150e+00 -4.7352e-02 +8.9313e-01 +1.0771e+00 +1.9206e+00 -1.1177e+00 +1.0784e+00 -1.1011e+00 -3.4091e-01 +2.0949e+00 -1.7128e+00 -3.6832e-01 -1.0308e+00 -3.7522e+00 -2.2208e+00 -8.1575e-01
2663 +3.242314367e+03 +3.242314367e+03 +3.279834367e+03 +3.279834367e+03 +2.5957e+00 -1.8881e+00 +2.1633e-01 -7.5707e-01 +3.0104e+00 +4.3749e-01 +1.4059e+00 +1.6984e+00 +2.1684e+00 -1.0649e+00 +1.1901e+00 +1.1842e+00 +3.9121e-01 +2.1231e+00 -1.5961e+00 -8.6756e-01 -6.5927e-01 -2.9444e+00 -1.7331e+00 -4.1238e-01
2883 +1.578027340e+03 +1.578027340e+03 +1.615547340e+03 +1.615547340e+03 +2.4485e+00 -1.6354e+00 +8.5708e-01 -1.5358e+00 +2.3415e+00 +1.3063e+00 +9.3393e-01 +1.3777e+00 +1.2827e+00 -1.3695e+00 +1.8006e+00 -1.4371e-01 -6.1233e-02 +2.2412e+00 -1.7864e+00 -1.4760e+00 -9.5620e-01 -3.5451e+00 -2.0415e+00 +1.1047e+00
3206 +7.420906927e+02 +7.420906927e+02 +7.796106927e+02 +7.796106927e+02 +1.0892e+00 -1.8667e+00 +3.1002e+00 -1.1737e+00 +2.9258e+00 +1.3884e+00 +1.3499e+00 +1.6013e+00 +1.1428e+00 -9.6073e-01 +1.3416e+00 -9.7980e-02 -3.0047e-02 +2.1508e+00 -8.4035e-01 -1.3380e+00 -1.1620e+00 -2.8645e+00 -2.0369e+00 +4.7414e-01
3601 +6.307367259e+02 +6.307367259e+02 +6.682567259e+02 +6.682567259e+02 +1.1748e+00 -2.1243e+00 +3.1378e+00 -1.3194e+00 +2.8060e+00 +1.4843e+00 +6.6064e-01 +1.2168e+00 +1.1544e+00 -1.1804e+00 +1.1358e+00 +3.9757e-01 +2.0053e-01 +2.3252e+00 -9.1480e-01 -1.7316e+00 -1.1921e+00 -2.9981e+00 -1.9547e+00 +2.3208e+00
3623 +3.919726008e+02 +3.919726008e+02 +4.294926008e+02 +4.294926008e+02 +8.2719e-01 -2.0534e+00 +2.8632e+00 -1.3806e+00 +2.8122e+00 +1.5293e+00 +1.2693e+00 +1.8158e+00 +1.0114e+00 -9.5430e-01 +1.6303e+00 +3.8374e-01 +8.6531e-02 +2.2008e+00 -8.8098e-01 -1.5232e+00 -1.1394e+00 -3.2744e+00 -1.8528e+00 +1.6422e+00
4004 +2.476489308e+02 +2.476489308e+02 +2.851689308e+02 +2.851689308e+02 +7.2173e-01 -2.1746e+00 +2.7589e+00 -1.5991e+00 +2.6838e+00 +1.6323e+00 +1.3318e+00 +2.0040e+00 +8.6256e-01 -1.0167e+00 +1.9019e+00 +3.4629e-01 +8.3359e-02 +2.3660e+00 -9.2975e-01 -1.5683e+00 -1.1545e+00 -2.5753e+00 -1.8464e+00 +1.7826e+00
4601 +1.557914766e+02 +1.557914766e+02 +1.933114766e+02 +1.933114766e+02 +7.1119e-01 -2.2120e+00 +2.6092e+00 -1.5301e+00 +2.7140e+00 +1.5549e+00 +1.4359e+00 +1.9819e+00 +9.1582e-01 -1.0605e+00 +1.9906e+00 +6.6603e-02 +2.8785e-01 +2.4495e+00 -9.5006e-01 -1.5133e+00 -1.6064e+00 -3.0550e+00 -1.6094e+00 +2.1123e+00
% function evaluation | noise-free fitness - Fopt (-4.257500000000e+02) | best noise-free fitness - Fopt | measured fitness | best measured fitness | x1 | x2...
1 +1.319388012e+06 +1.319388012e+06 +1.318962262e+06 +1.318962262e+06 +3.1218e+00 -3.7329e+00 -2.1016e+00 +4.9899e+00 -3.2608e+00 -4.0418e+00 +3.7173e+00 -3.0114e+00 +2.9241e+00 +3.1515e+00 -1.7405e+00 +4.3686e+00 -2.6852e-01 +2.4298e+00 +3.0800e+00 +4.2023e+00 +3.7631e+00 +2.6511e+00 -6.2744e-01 +3.9899e+00
2 +3.633306791e+05 +3.633306791e+05 +3.629049291e+05 +3.629049291e+05 +2.6854e-01 +1.1429e+00 -3.2384e+00 -1.5368e+00 +8.8379e-01 +2.0370e-01 +4.3654e+00 +1.6615e+00 +2.7085e+00 +4.3372e+00 +3.2566e+00 -4.4987e+00 +1.1166e+00 +1.6920e+00 +1.0994e+00 +4.5559e+00 -4.6152e+00 -4.5644e+00 +1.5244e+00 -4.8796e+00
26 +2.375163016e+05 +2.375163016e+05 +2.370905516e+05 +2.370905516e+05 -3.8887e-01 +2.0021e+00 -1.4106e+00 -2.3406e+00 +2.6632e+00 -1.0446e-01 -1.4179e+00 +8.6313e-01 +3.1203e+00 -3.1443e+00 -3.3551e+00 -1.3869e+00 +2.3137e+00 -2.5872e+00 -2.4243e+00 +4.3638e+00 -3.3057e-01 +1.6248e+00 +3.3512e+00 +1.2789e+00
48 +1.470182552e+05 +1.470182552e+05 +1.465925052e+05 +1.465925052e+05 -3.3033e+00 +4.5267e-01 -1.4806e+00 -2.0806e+00 +3.2428e+00 -2.1965e+00 -4.3550e+00 -2.1226e+00 +6.3639e-02 -3.2864e-01 -8.9338e-01 -4.4274e+00 -2.1116e+00 +4.2043e+00 -3.1715e+00 +2.7893e+00 +1.1487e+00 -3.3140e+00 +1.6735e+00 -9.7291e-01
220 +9.826725279e+04 +9.826725279e+04 +9.784150279e+04 +9.784150279e+04 -3.5712e+00 -5.1582e-01 -2.0714e+00 -4.7501e+00 +5.0000e+00 -3.9231e+00 -2.1663e-01 -1.6768e+00 +2.2967e+00 +1.1014e+00 +3.0061e+00 -1.3037e+00 +2.4822e+00 -3.1678e-01 -2.8746e+00 +1.8954e+00 -4.9538e-01 -1.4839e+00 -1.7033e+00 +3.1634e+00
339 +3.816111617e+04 +3.816111617e+04 +3.773536617e+04 +3.773536617e+04 -1.4798e+00 +3.0487e+00 -3.5691e+00 +1.0111e+00 +1.1885e+00 -5.0000e+00 +2.2269e+00 -1.0802e+00 -5.3388e-01 -2.1928e+00 -1.5509e-02 -3.3102e-01 -1.3971e+00 -1.6946e+00 -1.8162e+00 +3.4385e+00 -1.2422e+00 -1.3580e+00 +8.7285e-01 -2.2519e+00
1079 +1.864854960e+04 +1.864854960e+04 +1.822279960e+04 +1.822279960e+04 -4.6988e-01 +1.9345e+00 -2.5025e+00 -3.6156e+00 +3.6573e+00 -2.3242e+00 +2.3466e+00 -3.4582e+00 -4.2930e-01 -2.7284e+00 -1.4238e+00 -7.5957e-01 -6.7318e-01 -2.4650e+00 -1.7392e+00 +2.7795e+00 -2.0218e+00 -3.5406e+00 -1.5297e+00 -3.0670e+00
1327 +8.208363415e+03 +8.208363415e+03 +7.782613415e+03 +7.782613415e+03 -1.1855e+00 +3.0256e+00 -1.8863e+00 -3.5684e+00 +3.2350e+00 -1.5996e+00 +1.3533e-02 -4.4640e+00 -1.3893e+00 -1.9651e+00 -1.7648e-01 +1.5848e-02 +2.5003e-01 -9.8580e-01 -1.9758e+00 +2.7285e+00 -1.5473e+00 -3.2069e+00 -6.3706e-01 -3.3449e+00
1877 +6.053748594e+03 +6.053748594e+03 +5.627998594e+03 +5.627998594e+03 -1.8267e+00 +2.7580e+00 -1.7811e+00 -3.4805e+00 +3.2688e+00 -1.5360e+00 +2.2607e-01 -4.9729e+00 -2.6631e+00 -1.6721e+00 -1.6847e-01 -2.0962e+00 -3.9422e-01 -4.6210e-02 -2.0235e+00 +1.1025e+00 -1.8538e+00 -2.3583e+00 +1.3305e-01 -4.7310e+00
2457 +3.887456836e+03 +3.887456836e+03 +3.461706836e+03 +3.461706836e+03 -2.4395e+00 +2.0733e+00 -1.9510e+00 -1.6258e+00 +1.9110e+00 -2.0383e+00 +5.7224e-01 -3.6707e+00 -3.6331e+00 -2.8879e+00 -3.6045e-02 -1.5080e+00 +5.1160e-02 -1.3046e+00 -1.9931e+00 +1.8647e+00 -2.7276e+00 -3.3263e+00 -4.9126e-01 -4.4051e+00
2806 +2.076493846e+03 +2.076493846e+03 +1.650743846e+03 +1.650743846e+03 -3.6796e+00 +2.2457e+00 -2.6770e+00 -2.5182e+00 +2.1411e+00 -2.6913e+00 -1.5205e-01 -4.7187e+00 -3.1386e+00 -1.9494e+00 -4.2673e-01 -7.2645e-01 +3.5543e-01 +2.3335e-01 -1.5692e+00 +2.1607e+00 -2.7195e+00 -3.1715e+00 -4.3700e-01 -1.0009e+00
2832 +1.488879531e+03 +1.488879531e+03 +1.063129531e+03 +1.063129531e+03 -2.3752e+00 +2.1370e+00 -2.3467e+00 -3.3560e+00 +2.0540e+00 -2.5970e+00 -5.3354e-01 -3.3530e+00 -1.7210e+00 -1.3613e+00 -2.6576e-01 -1.8413e+00 +1.1025e-01 -4.0104e-01 -1.5159e+00 +2.2029e+00 -2.8954e+00 -1.8662e+00 +3.0120e-02 -9.5566e-01
3113 +8.162146277e+02 +8.162146277e+02 +3.904646277e+02 +3.904646277e+02 -2.0786e+00 +1.4142e+00 -3.1641e+00 -2.9029e+00 +2.3335e+00 -2.8847e+00 -5.3395e-01 -2.7431e+00 -1.5431e+00 -1.5209e+00 -4.0493e-01 -1.8508e+00 +5.9217e-01 -2.4617e-01 -9.1068e-01 +6.1894e-01 -3.2529e+00 -2.1788e+00 +3.4487e-01 -2.3162e-01
3294 +5.473542385e+02 +5.473542385e+02 +1.216042385e+02 +1.216042385e+02 -2.0396e+00 +1.3815e+00 -2.5810e+00 -2.5476e+00 +2.2456e+00 -2.8031e+00 -6.8146e-01 -3.8296e+00 -1.7638e+00 -1.6415e+00 -3.3382e-01 -1.7694e+00 +7.0279e-01 -4.8355e-01 -5.0982e-01 +4.2408e-01 -3.1377e+00 -2.6609e+00 +2.7061e-01 +3.9882e-01
3428 +2.946642505e+02 +2.946642505e+02 -1.310857495e+02 -1.310857495e+02 -2.1146e+00 +1.6132e+00 -2.6208e+00 -2.6504e+00 +2.0900e+00 -2.6467e+00 -8.0330e-03 -3.4295e+00 -1.9744e+00 -1.7158e+00 -4.5094e-01 -1.7166e+00 +6.3325e-01 -2.2998e-01 -9.7758e-01 +3.5428e-01 -3.1654e+00 -2.6530e+00 +2.6489e-01 +5.7017e-01
3693 +2.507214797e+02 +2.507214797e+02 -1.750285203e+02 -1.750285203e+02 -2.1232e+00 +1.6046e+00 -2.7803e+00 -2.7393e+00 +2.1009e+00 -2.8732e+00 -6.0989e-01 -3.3359e+00 -2.1243e+00 -1.5374e+00 -5.7603e-01 -1.6712e+00 +1.1607e+00 -9.8329e-02 -9.0248e-01 +3.7987e-01 -3.0769e+00 -2.8059e+00 -1.7512e-01 +5.0774e-01
4029 +1.533381505e+02 +1.533381505e+02 -2.724118495e+02 -2.724118495e+02 -2.2848e+00 +1.7110e+00 -2.5468e+00 -2.3272e+00 +1.7496e+00 -2.6329e+00 -9.9703e-03 -4.0532e+00 -2.2666e+00 -1.7241e+00 -3.1801e-01 -1.9521e+00 +6.6675e-01 -7.6782e-02 -8.4589e-01 +6.4436e-01 -3.1645e+00 -3.0464e+00 -2.8219e-02 +9.7487e-01
4623 +9.787252986e+01 +9.787252986e+01 -3.278774701e+02 -3.278774701e+02 -2.2343e+00 +2.0775e+00 -2.4875e+00 -2.3883e+00 +1.2266e+00 -2.9233e+00 +3.4679e-01 -3.8931e+00 -2.4685e+00 -1.9257e+00 -5.1696e-01 -1.9496e+00 +8.0650e-01 -8.5668e-02 -8.6171e-01 +5.9198e-01 -3.1202e+00 -2.9164e+00 +9.9254e-03 +8.7708e-01
% function evaluation | noise-free fitness - Fopt (-2.209000000000e+02) | best noise-free fitness - Fopt | measured fitness | best measured fitness | x1 | x2...
1 +2.762882074e+05 +2.762882074e+05 +2.760673074e+05 +2.760673074e+05 +3.4811e+00 +3.6359e+00 -4.2865e+00 +4.5372e-01 +2.3347e-01 +1.1094e+00 -1.5804e-01 -2.7473e+00 +3.2925e+00 +5.3282e-01 -1.8020e+00 -1.1411e+00 -6.2843e-01 -3.2747e+00 +2.0192e+00 -2.4489e+00 +1.2238e-01 -3.9022e+00 +3.4676e+00 -4.8199e+00
21 +1.647756593e+05 +1.647756593e+05 +1.645547593e+05 +1.645547593e+05 +1.0352e+00 +1.0046e+00 -1.8678e+00 +3.1946e+00 +7.8833e-01 -2.0385e+00 -2.7314e-01 +4.1971e+00 +4.0198e+00 -1.8652e-01 -8.5744e-02 -4.3810e+00 -4.5549e-01 -3.7962e+00 -9.8794e-01 +4.6333e+00 +2.7047e-01 +3.1669e+00 +7.1617e-01 +1.8047e+00
40 +1.492723751e+05 +1.492723751e+05 +1.490514751e+05 +1.490514751e+05 -1.8117e+00 -3.0083e+00 -4.0091e+00 -2.5406e+00 +1.0345e+00 -1.9766e+00 +1.5698e+00 -2.3085e+00 +4.9058e+00 +4.2660e-01 -1.6634e+00 +2.7516e+00 -1.9568e+00 -8.9692e-01 +5.1971e-01 +3.5673e-01 -1.7040e+00 +9.6524e-01 +2.0537e+00 +1.6032e+00
221 +4.010854305e+04 +4.010854305e+04 +3.988764305e+04 +3.988764305e+04 -3.9648e+00 -5.8059e-01 -5.0000e+00 -1.6190e+00 +1.4185e+00 +2.9615e+00 -3.2559e+00 -6.6771e-01 +2.3440e+00 -4.0619e+00 +5.7726e-01 -8.2318e-01 +5.7436e-01 +1.2038e+00 -1.9382e+00 -3.6674e-01 -1.8847e+00 +1.1188e+00 -2.8471e+00 -3.1953e+00
622 +2.951204798e+04 +2.951204798e+04 +2.929114798e+04 +2.929114798e+04 -2.8083e+00 -7.3497e-01 -4.4226e+00 -1.1740e+00 +2.5102e+00 +3.0460e+00 -1.3365e+00 +1.7125e+00 +4.0765e-01 +2.0007e-01 -4.2354e-02 -3.6092e-01 -3.9422e+00 +0.0000e+00 -2.8435e+00 -1.6599e+00 +7.6226e-01 +4.1163e-01 -3.6557e+00 -3.0323e+00
818 +1.901292529e+04 +1.901292529e+04 +1.879202529e+04 +1.879202529e+04 -2.7843e+00 -7.3764e-01 -5.0000e+00 -2.0048e-02 +2.0519e+00 +1.9071e+00 -1.0759e+00 +1.7417e+00 +3.0402e+00 -4.1609e+00 -3.0468e+00 -5.1417e-01 -5.5934e-01 +7.8184e-01 -2.7372e+00 -1.5243e-01 -6.1097e-02 -2.5423e+00 -1.0108e+00 -3.9962e+00
960 +1.312945479e+04 +1.312945479e+04 +1.290855479e+04 +1.290855479e+04 -2.9599e+00 +5.9123e-01 -3.8187e+00 +0.0000e+00 +2.2848e+00 +2.7869e+00 +0.0000e+00 +1.6736e+00 +3.3283e+00 -4.0592e+00 +1.6486e+00 +6.3576e-01 -1.1052e+00 +1.2632e+00 -2.1225e+00 +4.4709e-02 -1.2103e+00 +0.0000e+00 -1.1784e+00 -2.4836e+00
1820 +9.185270525e+03 +9.185270525e+03 +8.964370525e+03 +8.964370525e+03 -1.1553e-02 +2.3422e-01 -2.5124e+00 -6.1383e-01 +1.8674e+00 +1.8714e+00 -3.6005e+00 +2.9700e+00 +2.2724e+00 -3.6936e+00 +1.2538e+00 +5.2784e-01 -5.7371e-01 +1.2969e+00 -8.8640e-01 -1.1958e+00 -1.5301e+00 -1.0109e-01 -2.7573e+00 -2.1401e+00
2146 +5.702653436e+03 +5.702653436e+03 +5.481753436e+03 +5.481753436e+03 -3.1186e+00 -7.1668e-02 -3.7362e+00 +1.4990e+00 -3.5024e-02 +2.6078e+00 -1.5592e+00 +3.1826e+00 +1.2748e+00 -3.9895e+00 +7.0263e-01 -9.6283e-01 -7.5721e-01 +2.3029e+00 -1.0099e+00 +2.7786e-02 +6.6722e-02 -7.0214e-01 -9.1261e-01 -1.3394e+00
2432 +3.026554780e+03 +3.026554780e+03 +2.805654780e+03 +2.805654780e+03 -2.1585e+00 -3.4624e-01 -3.3620e+00 -4.3566e-01 +2.5239e+00 +2.6201e+00 -1.2259e+00 +2.0572e+00 +1.7883e+00 -3.1995e+00 -5.3682e-01 -6.2266e-01 -6.0472e-01 +2.1251e-01 -1.1744e+00 -3.2493e-01 +3.8579e-01 -1.0274e+00 -1.1961e+00 -4.5755e-01
2730 +2.466804477e+03 +2.466804477e+03 +2.245904477e+03 +2.245904477e+03 -2.4589e+00 -8.1293e-01 -3.6986e+00 +1.3228e-01 +7.3708e-02 +2.3464e+00 -1.2933e+00 +2.2441e+00 +1.7978e+00 -3.8529e+00 -9.0535e-02 -5.3215e-01 -8.0688e-01 -2.4908e-01 -4.2164e-01 -3.5008e-01 +3.5556e-01 -1.0586e+00 -1.1398e+00 -5.8216e-01
3190 +1.202513422e+03 +1.202513422e+03 +9.816134217e+02 +9.816134217e+02 -1.7363e+00 -7.2856e-01 -3.1101e+00 +1.9683e+00 +5.7593e-01 +1.3821e+00 -8.2202e-01 +2.5071e+00 +2.2080e+00 -4.1539e+00 +4.9729e-01 -5.8677e-01 -1.3723e+00 -3.8368e-01 -1.8907e-01 -4.2506e-01 +1.1293e+00 -1.1530e+00 -1.3537e+00 +3.3380e-01
3242 +6.334670957e+02 +6.334670957e+02 +4.125670957e+02 +4.125670957e+02 -1.5421e+00 -5.4696e-01 -2.8854e+00 +9.3482e-01 +4.3984e-01 +1.2351e+00 -1.7090e+00 +2.0615e+00 +2.2010e+00 -4.0913e+00 +9.7887e-01 -9.9896e-01 -1.2532e+00 +1.4359e-01 -4.9757e-01 -4.1716e-01 +9.6916e-01 -1.6325e+00 -1.1176e+00 +2.3892e-01
3425 +6.271673318e+02 +6.271673318e+02 +4.062673318e+02 +4.062673318e+02 -1.5970e+00 -6.2702e-01 -2.7287e+00 +1.0846e+00 +8.1536e-01 +1.7734e+00 -1.3290e+00 +1.7838e+00 +2.2430e+00 -4.0400e+00 +8.6815e-01 -4.1461e-01 -1.5043e+00 +4.8847e-01 -3.8616e-01 -5.0835e-01 +1.0641e+00 -1.6929e+00 -1.4666e+00 +2.7753e-01
3932 +3.914287780e+02 +3.914287780e+02 +1.705287780e+02 +1.705287780e+02 -2.0549e+00 -6.4560e-01 -2.5246e+00 +9.1556e-01 +9.6323e-01 +1.0564e+00 -2.5050e+00 +1.9574e+00 +2.1422e+00 -3.8020e+00 +7.8454e-01 -1.4767e+00 -2.6333e+00 +6.3862e-01 -8.3594e-01 -1.2127e-01 +1.3648e+00 -1.7282e+00 -1.0275e+00 +2.7761e-01
4235 +2.439608806e+02 +2.439608806e+02 +2.306088059e+01 +2.306088059e+01 -1.6986e+00 -7.7535e-01 -2.4872e+00 +8.7933e-01 +5.7324e-01 +1.2010e+00 -1.9719e+00 +1.7465e+00 +2.0754e+00 -3.8077e+00 +5.9024e-01 -1.3934e+00 -1.9464e+00 +5.3777e-01 -7.2532e-01 -2.2086e-01 +1.3773e+00 -1.1260e+00 -8.5026e-01 +4.9926e-01
% function evaluation | noise-free fitness - Fopt (-3.594800000000e+02) | best noise-free fitness - Fopt | measured fitness | best measured fitness | x1 | x2...
1 +6.455022903e+05 +6.455022903e+05 +6.451428103e+05 +6.451428103e+05 +2.4498e+00 -3.1993e+00 -7.3779e-01 +7.7129e-01 -1.4212e+00 +3.5274e+00 -4.5196e+00 -2.8956e+00 +2.5666e+00 -3.8406e+00 -4.3333e+00 +3.0063e+00 -4.1579e+00 +4.1464e+00 -3.1111e+00 -4.5544e+00 -1.5989e+00 +2.9300e+00 +2.8333e+00 +3.8164e-01
3 +5.643977972e+05 +5.643977972e+05 +5.640383172e+05 +5.640383172e+05 -7.9372e-01 +9.9266e-01 -4.7371e+00 +3.1133e+00 -3.9776e+00 -1.3909e+00 +4.9112e+00 +6.3507e-01 -2.4115e-01 -3.9697e+00 +1.8445e+00 -8.0502e-01 +2.2279e+00 -1.0186e+00 -4.8492e+00 -1.6996e-01 -1.6841e-02 +1.8143e+00 -3.6515e+00 -3.6903e+00
12 +3.388929442e+05 +3.388929442e+05 +3.385334642e+05 +3.385334642e+05 +1.9366e+00 -3.2321e+00 +3.6505e+00 +3.5042e+00 -2.5821e+00 -6.6681e-01 -3.4591e+00 -1.6754e+00 -1.6055e+00 -3.3174e+00 -2.0938e+00 +9.9337e-01 -2.0827e+00 -8.2576e-02 -1.6159e+00 -4.7725e+00 +1.7875e+00 -4.1554e+00 +9.6575e-01 +3.5734e+00
66 +1.576589692e+05 +1.576589692e+05 +1.572994892e+05 +1.572994892e+05 -1.8209e-01 +1.2354e+00 -6.6650e-01 +2.6238e+00 -4.1813e+00 +1.1621e+00 -6.3731e-01 -2.0533e+00 +3.2485e+00 -2.0941e+00 +1.0523e+00 +3.4383e-01 -8.1393e-01 +1.4244e+00 -2.2755e+00 -2.1003e+00 -1.7872e+00 +4.0482e+00 -3.7553e+00 -4.4828e+00
147 +8.945364476e+04 +8.945364476e+04 +8.909416476e+04 +8.909416476e+04 -4.1176e+00 -3.7232e+00 -2.6401e+00 -1.0674e+00 -1.1497e+00 -1.8905e+00 -4.3218e+00 +3.8934e+00 +2.7585e+00 +1.2170e+00 +1.1589e-01 +1.8928e+00 +1.9361e+00 +1.6894e+00 -3.7826e+00 -4.9540e+00 -3.7848e+00 -2.9186e+00 -1.8487e+00 -4.8461e+00
364 +4.862327109e+04 +4.862327109e+04 +4.826379109e+04 +4.826379109e+04 -3.7108e-01 -2.5705e+00 -4.0926e-01 +1.1815e+00 +6.2856e-01 +8.6309e-01 -4.9847e+00 +4.2380e+00 +2.4830e+00 +4.7448e-02 -1.0434e+00 +2.5706e+00 +1.5466e-01 +2.0441e+00 -2.4363e+00 -2.3535e+00 -4.8891e-01 +1.4129e+00 -4.3381e+00 -5.0000e+00
441 +3.376916033e+04 +3.376916033e+04 +3.340968033e+04 +3.340968033e+04 -4.1802e+00 -3.6403e+00 -6.6774e-01 -2.0374e-01 +1.2522e-01 +9.9918e-01 -5.0997e-01 +2.9831e+00 +1.0816e+00 -1.1140e-01 -2.0334e+00 +2.0073e+00 -1.5678e+00 -1.2260e+00 -1.4080e+00 -1.3684e+00 +0.0000e+00 +2.7175e+00 -1.4272e+00 -5.0000e+00
696 +2.067817366e+04 +2.067817366e+04 +2.031869366e+04 +2.031869366e+04 -3.4693e+00 -2.7374e+00 -6.2489e-01 -9.2795e-01 -7.2991e-01 -2.1839e+00 -4.5120e+00 +8.1596e-03 +0.0000e+00 -4.6422e-01 -1.6836e+00 +2.4065e+00 +2.0713e+00 +8.6339e-01 -4.4727e+00 -4.5433e+00 -3.0892e+00 +2.3784e+00 -4.5729e+00 -5.0000e+00
1269 +1.262566556e+04 +1.262566556e+04 +1.226618556e+04 +1.226618556e+04 -3.6512e+00 -2.8707e+00 +0.0000e+00 -1.9865e-01 -6.2727e-01 -1.3387e-01 -2.4085e+00 -9.2929e-02 -1.4225e-02 -1.0385e+00 -2.9938e+00 +2.0214e+00 +3.1988e+00 -1.9279e+00 -3.5484e+00 -5.0000e+00 -2.8280e-01 +1.8800e+00 -2.3931e+00 -3.0499e+00
1864 +9.641232189e+03 +9.641232189e+03 +9.281752189e+03 +9.281752189e+03 -2.7337e+00 -1.9463e+00 -2.2150e-01 -2.6833e-01 -2.4848e+00 -3.1831e-01 -1.9775e+00 +6.7870e-01 -1.3321e-01 -2.5127e+00 -1.1043e+00 +3.1236e+00 +2.4026e+00 -1.7323e+00 -3.7253e+00 -4.8552e+00 -5.3150e-01 +2.9214e+00 -2.9257e+00 -2.7142e+00
2080 +4.317553331e+03 +4.317553331e+03 +3.958073331e+03 +3.958073331e+03 -5.0000e+00 -3.5277e+00 +4.5771e-01 -5.6291e-01 -1.0913e-01 -1.0459e-01 -2.3576e+00 +1.3330e+00 +9.2571e-01 -1.9258e+00 -2.3181e+00 +1.6623e+00 +2.0894e+00 -1.0131e+00 -3.0149e+00 -4.6399e+00 -1.1885e+00 +1.0329e+00 -4.1921e+00 -3.0041e+00
2334 +3.755558579e+03 +3.755558579e+03 +3.396078579e+03 +3.396078579e+03 -3.8458e+00 -3.7448e+00 +5.4926e-01 -1.7430e-01 -8.2242e-01 -9.6053e-01 -2.5543e+00 +1.4003e+00 +1.7273e+00 -3.0047e+00 -1.0880e+00 +1.6384e+00 +1.4705e+00 -1.1189e-01 -3.8886e+00 -4.7564e+00 -1.2746e+00 +1.1184e+00 -2.9743e+00 -2.4633e+00
2677 +2.051723678e+03 +2.051723678e+03 +1.692243678e+03 +1.692243678e+03 -4.6392e+00 -2.7119e+00 +1.1394e+00 -3.5416e-01 -1.0480e+00 -1.1626e+00 -2.9307e+00 +2.0080e+00 +1.4951e+00 -2.6950e+00 -1.9615e+00 +2.2238e+00 +2.1886e+00 -8.3758e-01 -3.3587e+00 -4.1577e+00 -1.7339e+00 -4.3344e-01 -3.1014e+00 -1.0896e+00
3065 +1.571336479e+03 +1.571336479e+03 +1.211856479e+03 +1.211856479e+03 -4.3252e+00 -3.2531e+00 +1.1848e+00 -8.1476e-01 -1.2230e+00 -1.6289e+00 -3.0383e+00 +1.2349e+00 +1.9669e+00 -1.3467e+00 -2.5421e+00 +9.2617e-01 +2.3200e+00 -1.2254e+00 -4.0822e+00 -3.4030e+00 -1.3538e+00 +8.9686e-01 -4.3523e+00 +2.5389e-01
3152 +6.422415173e+02 +6.422415173e+02 +2.827615173e+02 +2.827615173e+02 -4.3180e+00 -3.5293e+00 +9.5080e-01 -9.9165e-01 -9.6552e-01 -1.4925e+00 -2.6699e+00 +1.4802e+00 +2.5077e+00 -2.1245e+00 -6.5852e-01 +2.1276e+00 +2.0768e+00 -3.0828e-01 -3.5690e+00 -3.7630e+00 -1.7655e+00 +3.3551e-01 -3.4346e+00 +7.7951e-01
3271 +6.014958077e+02 +6.014958077e+02 +2.420158077e+02 +2.420158077e+02 -4.1594e+00 -3.5485e+00 +5.9521e-01 -1.2267e+00 -1.7099e-01 -1.6426e+00 -2.4289e+00 +1.1893e+00 +1.9825e+00 -1.7059e+00 -6.2326e-01 +2.0390e+00 +2.1940e+00 -3.6544e-01 -2.8862e+00 -3.8988e+00 -1.4478e+00 +6.4547e-01 -4.1840e+00 +7.7087e-01
3612 +2.743409062e+02 +2.743409062e+02 -8.513909377e+01 -8.513909377e+01 -4.1190e+00 -3.7619e+00 +1.0559e+00 -1.0657e+00 -1.0673e+00 -1.6711e+00 -2.6260e+00 +1.4424e+00 +2.0550e+00 -2.1343e+00 -9.9942e-01 +2.0351e+00 +1.6978e+00 -3.7656e-01 -3.3576e+00 -3.5960e+00 -1.6201e+00 +1.2299e+00 -3.5244e+00 +1.0044e+00
3828 +2.222000154e+02 +2.222000154e+02 -1.372799846e+02 -1.372799846e+02 -4.1620e+00 -3.7174e+00 +1.1521e+00 -1.0160e+00 -1.1006e+00 -1.6456e+00 -2.4830e+00 +1.2435e+00 +1.6088e+00 -2.3814e+00 -1.1767e+00 +1.9346e+00 +1.8079e+00 -4.8015e-01 -3.4468e+00 -3.5521e+00 -1.6340e+00 +1.1510e+00 -3.9197e+00 +9.3827e-01
4203 +1.522015809e+02 +1.522015809e+02 -2.072784191e+02 -2.072784191e+02 -4.1643e+00 -3.7531e+00 +1.2454e+00 -1.0565e+00 -8.5505e-01 -1.7706e+00 -2.4362e+00 +1.5416e+00 +1.5611e+00 -2.4671e+00 -1.1138e+00 +1.9621e+00 +1.8027e+00 -5.4389e-01 -3.2817e+00 -3.3703e+00 -1.5897e+00 +1.2534e+00 -3.9572e+00 +1.2676e+00
4604 +9.988331217e+01 +9.988331217e+01 -2.595966878e+02 -2.595966878e+02 -3.9507e+00 -3.4781e+00 +1.2590e+00 -1.0780e+00 -8.3370e-01 -1.7408e+00 -2.4520e+00 +1.5496e+00 +1.5332e+00 -2.4239e+00 -1.2504e+00 +1.8613e+00 +1.7885e+00 -6.4671e-01 -3.3087e+00 -3.3685e+00 -1.5612e+00 +1.2235e+00 -3.8388e+00 +1.3293e+00
% function evaluation | noise-free fitness - Fopt (2.748000000000e+01) | best noise-free fitness - Fopt | measured fitness | best measured fitness | x1 | x2...
1 +9.578191578e+05 +9.578191578e+05 +9.578466378e+05 +9.578466378e+05 +3.4299e+00 +4.0648e+00 -1.0550e+00 +3.0912e+00 +4.8768e+00 +1.3373e+00 +4.4378e+00 -1.2918e+00 +4.8506e+00 -1.5122e+00 -2.8326e-01 +2.8705e+00 +3.8211e+00 -3.4012e+00 +5.9470e-01 +4.4250e+00 +1.0769e+00 +4.1094e+00 -2.3041e+00 +1.6215e-01
2 +5.628214899e+05 +5.628214899e+05 +5.628489699e+05 +5.628489699e+05 +1.9356e+00 -3.8718e+00 -1.0669e+00 +1.7429e+00 +1.5724e+00 +4.7287e+00 +9.8306e-01 -4.1555e+00 -1.1787e-01 -3.3204e+00 -6.8164e-01 -4.6104e-02 -2.7576e+00 -4.7261e+00 -1.4495e+00 -3.9109e+00 +2.7601e+00 +1.0403e+00 -9.0785e-01 +1.6925e+00
5 +2.798605021e+05 +2.798605021e+05 +2.798879821e+05 +2.798879821e+05 -4.6693e+00 +3.0272e+00 -4.7901e-01 +4.0537e-02 +1.8000e+00 +2.8102e-01 -1.9203e+00 +1.3114e+00 +1.4309e+00 -1.1825e+00 -7.2406e-01 -8.0532e-01 +8.3724e-02 -4.0777e+00 -4.3249e+00 +3.1181e+00 -1.8010e+00 +2.4187e+00 +4.1200e+00 -3.0294e+00
23 +2.136763187e+05 +2.136763187e+05 +2.137037987e+05 +2.137037987e+05 -3.3261e+00 -2.0757e+00 -1.0600e+00 -1.5611e+00 +2.4023e+00 +1.7647e-01 -1.2036e+00 -3.2517e+00 -1.3152e-01 +4.4968e+00 -3.9346e+00 -3.1992e+00 -6.0517e-01 -2.9861e+00 -4.1962e+00 +4.9155e+00 -2.6478e+00 -1.1956e-02 -2.2562e+00 -3.1104e+00
129 +1.225578963e+05 +1.225578963e+05 +1.225853763e+05 +1.225853763e+05 -3.0312e+00 +2.1408e-01 -3.0054e+00 +8.9861e-02 +2.8601e+00 -9.7167e-01 +3.2045e+00 +2.5648e+00 +8.8141e-01 -4.5529e-01 -8.6248e-01 -1.9711e+00 -6.4314e-01 -2.5523e+00 -1.4784e+00 -1.0116e+00 -1.5212e+00 -4.2363e+00 -2.6433e+00 +4.7140e-01
280 +5.725022826e+04 +5.725022826e+04 +5.727770826e+04 +5.727770826e+04 +3.9197e+00 -2.5379e+00 +2.7695e+00 -1.7434e-02 +3.8435e+00 -1.7901e+00 +4.0234e+00 -1.5620e-01 -1.6392e-01 +7.4257e-01 -3.7455e-01 +1.0310e+00 -4.3304e+00 -2.4077e+00 -1.4452e+00 +1.9907e+00 -9.1107e-01 -5.0000e+00 +1.8705e+00 -4.5568e+00
435 +3.691816277e+04 +3.691816277e+04 +3.694564277e+04 +3.694564277e+04 +3.2580e+00 +1.7994e+00 +0.0000e+00 -2.7706e+00 +4.9709e-01 -6.2878e-01 -1.1387e+00 +1.1947e+00 -3.8070e-01 +0.0000e+00 -4.9226e+00 +1.3685e+00 -7.7306e-01 -5.7013e-01 -2.7101e+00 +1.0425e+00 +8.7019e-01 -1.4426e+00 +4.5889e-01 -1.0635e+00
627 +2.248825679e+04 +2.248825679e+04 +2.251573679e+04 +2.251573679e+04 +2.6475e+00 +0.0000e+00 +0.0000e+00 -2.2036e+00 +6.8551e-01 -1.0030e+00 -8.0864e-01 -3.9545e-01 +9.5456e-01 +8.2697e-01 -4.9625e+00 +4.7916e-01 -2.1199e-02 -8.9191e-01 -2.7406e+00 -3.3407e-01 -1.8848e+00 -1.6725e+00 +2.8992e-01 -1.2491e+00
637 +1.332353743e+04 +1.332353743e+04 +1.335101743e+04 +1.335101743e+04 +2.3649e+00 +1.5046e+00 +0.0000e+00 -2.4104e+00 +0.0000e+00 -1.0330e+00 -1.5347e+00 +6.2469e-01 -1.1828e+00 -1.0401e+00 -4.8070e+00 -1.5587e+00 -7.3598e-01 -4.8714e-01 -2.8281e+00 +0.0000e+00 -1.5974e+00 -3.0230e+00 +3.0061e+00 -1.3892e+00
1351 +5.994597866e+03 +5.994597866e+03 +6.022077866e+03 +6.022077866e+03 +3.2935e+00 +1.6275e-01 -3.2262e-01 -3.4204e+00 +2.0880e+00 -1.4233e+00 +0.0000e+00 +1.6059e+00 -9.8856e-01 +1.1051e+00 -4.9077e+00 -2.5645e+00 -3.4133e+00 -5.7658e-01 -3.0296e+00 -6.2123e-01 -1.6603e+00 -2.2910e+00 +2.6214e+00 -1.3603e+00
1889 +3.031207345e+03 +3.031207345e+03 +3.058687345e+03 +3.058687345e+03 +1.8922e+00 +1.5275e+00 +1.1939e+00 -3.2714e+00 +6.4821e-01 -2.2053e+00 +1.6023e+00 +4.4261e-01 -2.0123e+00 +8.2763e-01 -4.9237e+00 -9.9566e-01 -4.3402e+00 -2.1401e+00 -3.0651e+00 -9.6706e-01 -2.0332e+00 -2.5670e+00 +6.1614e-01 -1.2083e+00
2166 +2.444284918e+03 +2.444284918e+03 +2.471764918e+03 +2.471764918e+03 +1.9765e+00 +1.1783e+00 +1.8217e+00 -3.3227e+00 +2.3702e+00 -2.0661e+00 +2.1834e+00 +3.6404e-01 -2.6914e+00 +7.3696e-01 -3.9207e+00 -1.8985e+00 -2.7641e+00 -2.8935e+00 -2.3903e+00 +2.7657e+00 -2.2783e+00 -2.2150e+00 +1.0379e+00 -1.7408e+00
2434 +1.427724486e+03 +1.427724486e+03 +1.455204486e+03 +1.455204486e+03 +1.4737e+00 +1.9935e+00 +1.4645e+00 -2.8861e+00 +1.6522e+00 -1.6279e+00 +2.2077e+00 +6.6510e-01 -3.1537e+00 +2.3653e-01 -3.7083e+00 -2.8200e+00 -3.4624e+00 -2.6421e+00 -2.4714e+00 +1.6745e+00 -1.8919e+00 -1.9080e+00 +1.5919e+00 -2.2093e+00
2763 +5.090805154e+02 +5.090805154e+02 +5.365605154e+02 +5.365605154e+02 +5.0156e-01 +1.8432e+00 +1.2358e+00 -2.8715e+00 +2.4253e+00 -1.7659e+00 +2.0055e+00 +3.5317e-01 -2.6408e+00 +1.1015e+00 -3.8530e+00 -1.9740e+00 -3.8657e+00 -2.6146e+00 -2.7204e+00 +1.6508e+00 -2.2593e+00 -2.3626e+00 +1.9040e+00 -3.2520e+00
3412 +3.549567021e+02 +3.549567021e+02 +3.824367021e+02 +3.824367021e+02 +4.6181e-01 +2.1883e+00 +1.1951e+00 -3.1712e+00 +2.3133e+00 -1.8225e+00 +1.9653e+00 +1.6232e-02 -2.3816e+00 +1.1589e+00 -3.7581e+00 -2.4908e+00 -3.6900e+00 -2.2645e+00 -2.7296e+00 +1.2576e+00 -2.2022e+00 -2.6862e+00 +1.9539e+00 -3.1350e+00
3661 +1.575447838e+02 +1.575447838e+02 +1.850247838e+02 +1.850247838e+02 +9.9763e-01 +1.6598e+00 +9.4779e-01 -2.5968e+00 +1.5144e+00 -1.8710e+00 +1.7488e+00 +8.1936e-02 -2.5237e+00 +8.1595e-01 -3.5994e+00 -2.1027e+00 -3.2561e+00 -2.0634e+00 -2.7036e+00 +9.2685e-01 -2.2099e+00 -2.7478e+00 +1.6500e+00 -3.2893e+00
4209 +9.652261981e+01 +9.652261981e+01 +1.240026198e+02 +1.240026198e+02 +9.4222e-01 +1.4766e+00 +7.7683e-01 -2.5760e+00 +1.2739e+00 -1.8649e+00 +1.7301e+00 +1.2167e-01 -1.8806e+00 +6.8042e-01 -3.5550e+00 -2.1608e+00 -3.2324e+00 -2.0796e+00 -2.6847e+00 +1.3650e+00 -2.2915e+00 -2.7699e+00 +1.9339e+00 -3.3445e+00
4804 +6.174047086e+01 +6.174047086e+01 +8.922047086e+01 +8.922047086e+01 +9.0768e-01 +1.5633e+00 +9.1333e-01 -2.4311e+00 +1.4132e+00 -2.1377e+00 +1.7063e+00 +6.1935e-02 -1.7785e+00 +5.6231e-01 -3.5957e+00 -2.2012e+00 -3.1727e+00 -2.1421e+00 -2.7381e+00 +8.5344e-01 -2.3984e+00 -2.7879e+00 +1.8834e+00 -3.3587e+00
% function evaluation | noise-free fitness - Fopt (3.609000000000e+01) | best noise-free fitness - Fopt | measured fitness | best measured fitness | x1 | x2...
1 +7.680292244e+05 +7.680292244e+05 +7.680653144e+05 +7.680653144e+05 -4.8303e+00 -4.7760e+00 +3.8508e+00 -4.4970e+00 +2.0513e+00 -4.2098e+00 -3.4785e+00 -6.8554e-02 -2.1125e-01 -3.4575e+00 +2.5846e-01 +3.8008e+00 -1.8323e+00 -4.4816e+00 -2.8447e+00 -2.3140e+00 +4.3986e+00 -1.8098e+00 +1.5913e+00 -2.7800e+00
2 +5.492329831e+05 +5.492329831e+05 +5.492690731e+05 +5.492690731e+05 +9.7574e-01 -1.7216e+00 +4.7439e-01 +6.9988e-01 +3.8553e+00 +3.7107e+00 +4.1901e+00 -9.1792e-01 -4.6095e+00 +4.1732e+00 -3.1184e-01 -1.2842e+00 -3.1065e+00 -1.6446e+00 -2.0989e+00 -1.5108e+00 -3.0152e+00 -1.0472e+00 +3.5976e+00 +1.1027e+00
20 +3.221465056e+05 +3.221465056e+05 +3.221825956e+05 +3.221825956e+05 -1.0439e+00 +2.6066e+00 -3.5046e+00 -4.4400e+00 -2.8534e+00 -2.2925e-01 -2.1637e+00 -2.1700e+00 -1.7711e+00 +2.9654e+00 -4.1056e+00 -4.9107e+00 +3.0949e+00 -1.5542e+00 +2.8523e+00 +2.6508e+00 +1.5789e+00 -1.0511e+00 -1.4913e+00 +3.2271e+00
47 +2.088201573e+05 +2.088201573e+05 +2.088562473e+05 +2.088562473e+05 +4.6651e+00 +3.8028e+00 -2.9645e-01 +9.9247e-01 -4.3314e+00 +1.8759e+00 +3.5211e-01 -4.1492e+00 -4.1869e+00 +7.9799e-01 +1.8594e+00 +1.2543e+00 +4.9590e+00 +6.1811e-02 -2.6681e+00 -1.2723e+00 -2.1502e+00 -2.1271e+00 -1.1907e+00 +2.6856e+00
105 +1.517103434e+05 +1.517103434e+05 +1.517464334e+05 +1.517464334e+05 -4.9256e+00 +2.8657e+00 -2.3760e+00 -3.7919e-01 -4.0752e-01 +1.4596e+00 -2.0473e+00 -4.4329e+00 -3.6085e+00 +5.4472e-01 +2.1024e+00 +4.6928e+00 +2.1329e+00 +3.4765e+00 +7.6471e-01 -4.5545e+00 +2.5957e+00 -1.3061e+00 -3.4362e+00 -2.1706e+00
201 +4.468137635e+04 +4.468137635e+04 +4.471746635e+04 +4.471746635e+04 -6.6380e-01 +2.2403e-01 -1.1342e+00 +5.0302e-01 -2.6508e+00 +7.9024e-01 -5.0000e+00 -1.2944e+00 -2.0985e+00 +1.0582e+00 -2.9179e-01 -1.0142e+00 +2.2493e+00 -2.7591e+00 -5.0000e+00 -2.0026e-01 +4.0620e-01 -1.1707e+00 -3.4087e+00 +4.7313e-01
443 +2.425893546e+04 +2.425893546e+04 +2.429502546e+04 +2.429502546e+04 +8.0832e-02 +0.0000e+00 -5.9272e-01 +8.0840e-02 -2.8636e-01 +4.7805e-01 -5.5038e-01 -2.0179e-01 -1.1815e+00 +0.0000e+00 +0.0000e+00 +3.4960e-01 +3.8430e+00 +0.0000e+00 -3.6462e+00 -1.0120e-01 +2.4754e+00 -4.2487e+00 -2.5983e+00 +8.1177e-01
774 +1.266829828e+04 +1.266829828e+04 +1.270438828e+04 +1.270438828e+04 -2.4373e-01 +3.0368e-01 -6.2207e-01 +1.0188e+00 -1.2225e+00 +1.9335e+00 -2.4089e+00 -2.8154e+00 -2.1971e+00 +2.6230e+00 -1.2812e+00 +9.8663e-01 +3.5645e+00 -2.0969e+00 -3.9948e+00 +0.0000e+00 +2.2628e+00 -2.8615e+00 -3.6418e+00 +1.6709e+00
1388 +8.799838007e+03 +8.799838007e+03 +8.835928007e+03 +8.835928007e+03 +7.8145e-01 +1.3766e+00 -3.9295e+00 -1.2104e-01 +1.9234e+00 +1.8050e+00 -1.2371e+00 -1.5730e+00 -1.5249e+00 +2.5601e+00 -1.0731e+00 +9.2212e-01 -5.8247e-01 +7.4502e-01 -3.8430e+00 -4.6607e-01 +3.7555e+00 -2.3590e+00 -3.8335e+00 +1.2662e+00
1632 +6.072128152e+03 +6.072128152e+03 +6.108218152e+03 +6.108218152e+03 -1.0715e+00 +1.2544e-01 -4.3154e+00 +2.2583e+00 +1.0466e+00 +9.3891e-01 -4.1447e+00 -4.2805e+00 -1.8118e+00 +3.4772e+00 -2.7854e+00 +1.1041e+00 +2.1714e+00 -8.5771e-02 -3.6064e+00 -7.4719e-01 +3.4632e+00 -2.5742e+00 -4.7058e+00 +2.3527e+00
1785 +2.628362863e+03 +2.628362863e+03 +2.664452863e+03 +2.664452863e+03 -2.1163e-01 +1.2521e+00 -2.4668e+00 +1.3727e+00 +1.2740e+00 -5.1539e-03 -1.9231e+00 -3.7708e+00 -2.8335e+00 +2.4046e+00 -2.3754e+00 +4.8632e-01 +1.5600e+00 +3.0303e-01 -3.7715e+00 -1.0697e+00 +3.7634e+00 -2.4460e+00 -3.9444e+00 +1.6620e+00
2103 +1.952340953e+03 +1.952340953e+03 +1.988430953e+03 +1.988430953e+03 -3.5351e-01 +2.8608e-01 -2.4033e+00 +9.8157e-01 +1.4854e+00 +6.2748e-01 -2.0821e+00 -3.0623e+00 -4.4615e+00 +2.2085e+00 -1.2742e+00 +5.8462e-01 +1.9663e+00 +4.6828e-01 -3.5167e+00 -1.1472e+00 +3.7972e+00 -2.4324e+00 -3.3218e+00 +3.6334e-01
2321 +1.484481090e+03 +1.484481090e+03 +1.520571090e+03 +1.520571090e+03 -1.7596e+00 +1.2165e+00 -1.7011e+00 +2.4335e+00 +9.0028e-01 +3.2955e-02 -1.9037e+00 -3.3211e+00 -4.2644e+00 +2.1107e+00 -2.7272e+00 +3.9072e-01 +2.0168e+00 +3.4022e-01 -3.3542e+00 -1.0289e+00 +3.1959e+00 -2.8844e+00 -2.5433e+00 -8.2915e-01
3200 +8.844617861e+02 +8.844617861e+02 +9.205517861e+02 +9.205517861e+02 -1.1599e+00 +1.5187e+00 -1.8179e+00 +1.3919e+00 +8.8585e-01 -5.6019e-03 -1.7608e+00 -3.0202e+00 -4.0697e+00 +2.0993e+00 -1.2880e+00 +5.0765e-01 +2.4080e+00 +1.9154e-01 -3.2685e+00 -9.4349e-01 +3.3009e+00 -2.8161e+00 -2.4777e+00 +6.5184e-01
3806 +5.623102090e+02 +5.623102090e+02 +5.984002090e+02 +5.984002090e+02 -1.2468e+00 +1.4052e+00 -2.0338e+00 +1.4591e+00 +7.5891e-01 +2.1557e-01 -1.8754e+00 -3.1038e+00 -3.6650e+00 +2.3373e+00 -1.9320e+00 +4.0454e-01 +1.9019e+00 -3.7736e-01 -3.1156e+00 -1.0058e+00 +3.2066e+00 -2.8599e+00 -2.4844e+00 +6.9850e-01
4458 +3.972274712e+02 +3.972274712e+02 +4.333174712e+02 +4.333174712e+02 -1.1266e+00 +1.2835e+00 -1.9965e+00 +1.6573e+00 +6.6341e-01 +3.5172e-01 -1.9186e+00 -3.0239e+00 -3.4130e+00 +2.2189e+00 -1.8137e+00 +2.6413e-01 +1.9432e+00 -2.7970e-01 -3.1768e+00 -1.2070e+00 +3.0108e+00 -2.7872e+00 -2.3655e+00 +1.2906e+00
% function evaluation | noise-free fitness - Fopt (-5.791000000000e+01) | best noise-free fitness - Fopt | measured fitness | best measured fitness | x1 | x2...
1 +1.112149861e+06 +1.112149861e+06 +1.112091951e+06 +1.112091951e+06 -4.8723e+00 -1.6776e+00 +3.9737e+00 -3.6710e-01 -3.1170e+00 +3.7952e+00 -4.4649e-01 +4.4546e+00 +4.5721e-02 -4.5060e+00 +1.9842e+00 +3.7414e+00 +3.0645e+00 +2.5948e+00 -1.4685e+00 -4.6512e+00 +8.4659e-01 -3.4992e+00 +3.7766e+00 -1.6770e+00
2 +2.754976235e+05 +2.754976235e+05 +2.754397135e+05 +2.754397135e+05 +1.2917e+00 -2.4534e+00 -4.9356e+00 -2.4012e+00 -1.7995e-01 -2.3632e+00 +8.1463e-01 -2.7491e+00 +3.8451e-01 +1.4369e+00 +2.6663e+00 +3.4863e-01 -1.1457e+00 +1.7754e+00 +2.6591e-01 +3.2741e+00 +3.0920e+00 -7.4061e-01 -4.1029e+00 -1.9681e-01
10 +1.617572378e+05 +1.617572378e+05 +1.616993278e+05 +1.616993278e+05 +3.8531e+00 -4.6562e-01 -3.3732e+00 -1.7366e-01 -2.3680e+00 +1.0477e+00 +1.4008e+00 +4.9880e-01 +4.7818e-02 +9.0753e-01 -4.8905e-01 -1.5381e+00 +2.9440e+00 -4.0311e+00 +2.0845e+00 -8.8010e-01 -9.2754e-01 +2.2072e+00 +2.2594e+00 -1.4936e+00
121 +1.281508625e+05 +1.281508625e+05 +1.280929525e+05 +1.280929525e+05 +3.9651e+00 +3.5057e+00 +4.3155e+00 -7.6794e-02 +3.4650e+00 -2.3108e+00 -1.4640e+00 +1.3013e+00 -1.6537e+00 -1.0932e+00 +2.5720e+00 -5.8764e-01 +4.5742e+00 -1.1380e+00 -1.1406e-01 +6.0729e-01 +3.9930e+00 -6.9296e-01 -4.6570e+00 +1.3912e+00
201 +6.235576068e+04 +6.235576068e+04 +6.229785068e+04 +6.229785068e+04 -1.1374e-01 +2.9884e+00 -1.0263e+00 +1.1852e+00 -1.1721e+00 -1.2048e+00 -2.6015e+00 -5.4542e-01 +7.9034e-01 -5.0000e+00 +5.2167e-01 +2.8738e-01 +5.0000e+00 -2.4052e+00 +3.5315e+00 -1.1426e+00 +2.7981e+00 -2.5669e+00 -1.2234e+00 +1.4577e+00
478 +2.792808161e+04 +2.792808161e+04 +2.787017161e+04 +2.787017161e+04 +9.5564e-01 +4.2711e+00 -7.0496e-03 +0.0000e+00 -8.7350e-01 -3.1949e+00 -1.7880e-01 -1.0911e+00 +4.4348e-01 -1.7000e+00 +3.5067e-01 +3.3089e-01 +3.6447e+00 -3.3786e+00 +3.2279e+00 -3.1722e-01 +1.6964e+00 -6.0602e-01 +6.7829e-01 +2.5991e+00
780 +1.701553734e+04 +1.701553734e+04 +1.695762734e+04 +1.695762734e+04 +3.2652e+00 +6.7319e-02 +1.6255e-01 +5.8494e-01 +4.3349e-01 -2.3306e+00 +1.2086e-01 -2.5814e+00 +1.2263e+00 -6.2398e-01 -1.3235e+00 -2.5298e-01 +4.7337e-01 -2.3234e+00 +1.1853e+00 +0.0000e+00 +2.8216e+00 +3.4269e-01 -1.0930e+00 -1.2390e+00
872 +1.349111041e+04 +1.349111041e+04 +1.343320041e+04 +1.343320041e+04 +2.9157e+00 +2.6003e+00 -4.7084e-02 +2.1539e+00 -1.0308e+00 -2.0191e+00 +2.7583e-01 -3.0274e+00 -3.5011e+00 -1.3396e+00 -5.2085e-01 -6.3743e-01 +2.8369e-01 -1.6837e+00 +0.0000e+00 +1.2340e+00 +3.0982e+00 +7.1897e-01 -1.7649e+00 +4.7152e+00
1492 +6.248145489e+03 +6.248145489e+03 +6.190235489e+03 +6.190235489e+03 +1.1204e+00 +3.0067e+00 +6.0429e-01 +8.5798e-01 +1.1997e+00 -1.6942e+00 +1.2928e+00 -2.3122e+00 -4.4780e-01 -7.6086e-01 -2.3082e+00 +5.4729e-01 +2.3866e+00 -1.0453e+00 +9.5831e-01 -1.1843e+00 +1.8905e+00 +8.9966e-01 -8.5345e-01 +4.3126e+00
1756 +3.616513204e+03 +3.616513204e+03 +3.558603204e+03 +3.558603204e+03 +8.2213e-01 +2.3993e+00 -5.5337e-01 +1.1416e+00 +1.1884e+00 -4.8457e+00 +1.5350e-01 -2.3092e+00 -6.2103e-01 -9.2196e-01 +3.1362e-01 +4.4210e-01 +1.3381e+00 -1.5708e+00 +2.4524e+00 -1.3220e+00 +1.9089e+00 -7.4301e-02 -2.4037e+00 +0.0000e+00
1868 +1.646676821e+03 +1.646676821e+03 +1.588766821e+03 +1.588766821e+03 +1.9065e+00 +2.2078e+00 -5.3600e-01 +1.2242e+00 +6.0320e-01 -3.4514e+00 -1.9740e+00 -2.3952e+00 -1.9412e+00 -1.5272e+00 -1.4670e+00 +3.6807e-01 +9.7885e-01 -1.0531e+00 +2.6988e+00 -1.0616e+00 +1.0402e+00 +9.7943e-01 -2.2294e+00 +1.6810e+00
2562 +1.392712671e+03 +1.392712671e+03 +1.334802671e+03 +1.334802671e+03 +1.2680e+00 +2.1205e+00 +7.0254e-02 +1.4991e+00 +4.6767e-01 -3.2377e+00 -1.8000e+00 -2.1815e+00 -1.6401e+00 -1.5407e+00 -1.9804e+00 -1.2962e+00 +1.0476e+00 -1.9092e+00 +1.2101e+00 -1.9559e+00 +4.4101e-01 +8.5195e-01 -3.5210e+00 +1.5092e+00
2596 +9.591015583e+02 +9.591015583e+02 +9.011915583e+02 +9.011915583e+02 +1.7087e+00 +1.8690e+00 -3.9504e-01 +1.6416e+00 +9.7261e-01 -2.9403e+00 -1.3114e+00 -2.6473e+00 -7.8864e-01 -2.0224e+00 -1.2393e+00 +5.0201e-02 +1.1196e+00 -1.5994e+00 +1.5290e+00 -7.2449e-01 +1.1988e+00 +1.9470e-01 -2.7966e+00 +2.7071e+00
2878 +4.599104108e+02 +4.599104108e+02 +4.020004108e+02 +4.020004108e+02 +1.3238e+00 +2.0343e+00 -3.2462e-01 +1.6359e+00 +6.6967e-01 -2.7384e+00 -9.7337e-01 -2.4863e+00 -1.3525e+00 -2.0985e+00 -1.2135e+00 -6.9369e-01 +1.4758e+00 -1.8141e+00 +1.5405e+00 -1.0010e+00 +1.3859e+00 +7.9062e-01 -2.2335e+00 +7.1661e-01
3083 +3.585799127e+02 +3.585799127e+02 +3.006699127e+02 +3.006699127e+02 +1.8153e+00 +1.9543e+00 -6.0282e-02 +1.4080e+00 +8.0538e-01 -2.9304e+00 -6.4415e-01 -2.9015e+00 -1.2338e+00 -1.8605e+00 -1.6343e+00 -6.3307e-01 +1.7513e+00 -1.6280e+00 +2.2031e+00 -9.3443e-01 +9.0688e-01 +3.2457e-01 -2.3615e+00 +1.1980e+00
3458 +1.751550928e+02 +1.751550928e+02 +1.172450928e+02 +1.172450928e+02 +2.1503e+00 +1.8745e+00 +4.9127e-01 +1.3354e+00 +1.0915e+00 -2.7576e+00 -1.2603e+00 -2.8736e+00 -1.4262e+00 -1.9618e+00 -8.8153e-01 -5.1476e-01 +1.7734e+00 -2.0762e+00 +1.3541e+00 -1.0222e+00 +9.4664e-01 +9.1927e-01 -3.2041e+00 +1.0819e+00
3808 +1.384647398e+02 +1.384647398e+02 +8.055473982e+01 +8.055473982e+01 +2.0169e+00 +1.6826e+00 +5.7975e-01 +1.3132e+00 +8.1098e-01 -2.6682e+00 -1.0690e+00 -2.8671e+00 -1.6193e+00 -2.1602e+00 -4.4644e-01 -4.9764e-01 +1.6851e+00 -2.2228e+00 +1.4435e+00 -1.2088e+00 +8.2917e-01 +8.0137e-01 -2.9476e+00 +1.0240e+00
4041 +8.974339073e+01 +8.974339073e+01 +3.183339073e+01 +3.183339073e+01 +1.9018e+00 +1.8615e+00 +3.3017e-01 +1.3181e+00 +1.0360e+00 -2.7495e+00 -1.1566e+00 -2.8721e+00 -1.5724e+00 -2.1565e+00 -3.4841e-01 -6.3924e-01 +1.5796e+00 -2.2314e+00 +1.4071e+00 -1.3526e+00 +9.1757e-01 +9.5711e-01 -2.3778e+00 +1.4092e+00
4801 +6.240418234e+01 +6.240418234e+01 +4.494182336e+00 +4.494182336e+00 +1.8986e+00 +1.9803e+00 +4.1524e-01 +1.2943e+00 +9.9931e-01 -2.8915e+00 -1.0288e+00 -3.1562e+00 -1.6244e+00 -2.1312e+00 -3.5240e-01 -6.2855e-01 +1.5089e+00 -2.2841e+00 +1.4400e+00 -1.4228e+00 +8.2738e-01 +1.0347e+00 -2.5616e+00 +1.4381e+00
% function evaluation | noise-free fitness - Fopt (-3.349100000000e+02) | best noise-free fitness - Fopt | measured fitness | best measured fitness | x1 | x2...
1 +3.821982316e+05 +3.821982316e+05 +3.818633216e+05 +3.818633216e+05 +1.5234e+00 +1.9107e+00 +4.5983e+00 +2.3458e+00 +3.9657e+00 -4.8110e+00 -4.1147e+00 +2.6128e+00 +1.8040e+00 -1.0608e+00 -1.9544e+00 +2.0667e+00 -3.7365e+00 -4.8880e+00 +3.2708e+00 -3.5956e+00 +6.4949e-01 +3.3715e+00 -4.5287e+00 +2.6851e+00
3 +1.541195134e+05 +1.541195134e+05 +1.537846034e+05 +1.537846034e+05 -1.5857e+00 -7.1626e-01 -4.8236e-01 -3.0721e+00 +4.2389e-01 -1.5487e+00 -2.4504e+00 +2.6935e+00 +3.5955e-01 -2.5498e+00 +2.1688e+00 +4.5839e+00 +1.5747e+00 -1.1155e+00 +9.8157e-02 +4.0485e+00 +3.9710e+00 -3.7158e-01 +3.3170e+00 +1.1743e-01
71 +9.908037099e+04 +9.908037099e+04 +9.874546099e+04 +9.874546099e+04 -1.5669e+00 -1.3580e-01 +2.9525e+00 +2.3567e-01 -2.9597e+00 -3.7836e-01 +3.0540e+00 +3.6493e-01 -1.5543e+00 +3.3107e+00 +2.9889e+00 +2.8253e+00 -2.2645e+00 -1.3086e+00 -4.0377e-01 -4.2803e+00 -2.0815e+00 +3.1127e+00 -2.8335e+00 +4.6384e-01
187 +5.429225434e+04 +5.429225434e+04 +5.395734434e+04 +5.395734434e+04 -3.1691e+00 -7.9965e-01 +2.6857e+00 -4.2044e-01 -7.3614e-01 +1.9204e-01 -4.0275e-01 +2.5450e+00 +1.3863e-01 +3.9947e+00 -6.3763e-01 +3.9337e+00 -3.3284e+00 -4.6191e+00 +1.0619e-01 -1.2805e+00 -7.0890e-01 +1.7196e+00 +4.1761e+00 +1.4567e+00
485 +2.067257229e+04 +2.067257229e+04 +2.033766229e+04 +2.033766229e+04 -2.0133e+00 +1.7800e+00 +2.3296e+00 +5.7898e-01 -1.4353e+00 +3.6965e-01 +1.5331e+00 -3.8578e-01 +1.6087e-01 +2.7216e+00 +3.5746e+00 +2.3328e+00 -2.8473e+00 -1.7739e+00 -1.5931e+00 +1.0734e-01 +5.4699e-01 +9.2534e-01 +1.7073e+00 -2.9828e+00
834 +1.370022203e+04 +1.370022203e+04 +1.336531203e+04 +1.336531203e+04 -5.6575e-01 -1.0102e+00 +1.6860e+00 +1.7676e+00 -2.0404e+00 +1.6753e+00 +0.0000e+00 -1.6889e+00 +0.0000e+00 +2.5109e+00 +3.1114e+00 +8.6247e-01 -2.8596e+00 -1.6584e+00 -1.4655e+00 -4.0108e-01 -3.8222e-01 +1.5351e+00 +1.9152e+00 -3.3259e+00
1002 +3.755019006e+03 +3.755019006e+03 +3.420109006e+03 +3.420109006e+03 -3.0177e+00 -9.1469e-01 +1.6076e+00 +1.2899e+00 -7.6756e-01 +9.7277e-01 +0.0000e+00 -1.1120e-01 -1.4314e+00 +2.3669e+00 -6.0199e-02 +1.5617e+00 -2.4171e+00 -1.5646e+00 -3.2377e-01 -9.0796e-01 +1.0546e+00 +5.6612e-01 +1.1901e+00 -3.4075e+00
1616 +2.246302777e+03 +2.246302777e+03 +1.911392777e+03 +1.911392777e+03 -2.9899e+00 -1.8370e-01 +1.6228e+00 +2.2642e+00 -3.0845e-01 +2.8302e-01 +3.0299e-01 -1.0586e-01 -4.5382e-01 +2.3653e+00 +1.1582e+00 +1.5118e+00 -2.3594e+00 -1.4036e+00 +2.8572e-01 -7.5866e-03 +3.7054e-01 +9.3239e-02 +3.2797e-01 -2.9132e+00
2015 +1.466287080e+03 +1.466287080e+03 +1.131377080e+03 +1.131377080e+03 -2.4595e+00 -8.5008e-01 +1.1045e+00 +1.1320e+00 -1.0578e-01 +1.1375e-01 +3.9705e-01 +8.2883e-01 -7.5470e-01 +1.7601e+00 +5.6246e-01 +7.7653e-01 -1.9334e+00 -2.0144e+00 +1.6419e-01 -1.2738e+00 +1.0278e+00 +2.7625e-01 +1.0145e+00 -3.2848e+00
2420 +8.624400549e+02 +8.624400549e+02 +5.275300549e+02 +5.275300549e+02 -3.8371e+00 +8.6783e-02 +9.8351e-02 +1.7194e+00 +8.6844e-02 -2.1012e-01 -5.1354e-01 +1.5537e-01 -2.3913e+00 +1.2752e+00 +6.0064e-01 +1.6867e+00 -2.2991e+00 -1.1362e+00 +2.5124e-01 -1.2482e+00 +1.2127e+00 -8.6210e-03 +5.5332e-02 -2.9928e+00
2603 +4.799062278e+02 +4.799062278e+02 +1.449962278e+02 +1.449962278e+02 -3.8019e+00 -6.1341e-01 +4.7460e-02 +1.4032e+00 -1.0580e-02 +1.7742e-01 -1.5665e-01 +3.4280e-01 -2.8532e+00 +1.1000e+00 +6.7428e-01 +9.8056e-01 -2.3212e+00 -1.2602e+00 +6.1241e-01 -8.9837e-01 +1.4088e+00 -3.8391e-02 +5.7457e-01 -3.8279e+00
3214 +3.621715352e+02 +3.621715352e+02 +2.726153516e+01 +2.726153516e+01 -3.7367e+00 -1.0431e-01 +7.8681e-01 +2.1510e+00 -1.5003e-01 +1.1449e-01 +1.3336e-01 +1.5024e-01 -2.0916e+00 +9.2087e-01 +4.9159e-01 +1.4252e+00 -2.5935e+00 -9.3145e-01 +1.3181e+00 -9.1384e-01 +1.4603e+00 +9.0920e-02 +1.1595e+00 -2.0434e+00
3422 +2.501181287e+02 +2.501181287e+02 -8.479187133e+01 -8.479187133e+01 -3.4324e+00 -4.2081e-01 +5.0239e-01 +1.6209e+00 -3.9623e-01 +1.2198e-01 -1.4933e-01 +3.0223e-01 -2.2084e+00 +6.3553e-01 +7.5974e-01 +1.2664e+00 -2.1158e+00 -1.2442e+00 +1.0876e+00 -1.4808e+00 +1.7222e+00 -3.6521e-01 +1.0453e+00 -2.9052e+00
3849 +1.392031377e+02 +1.392031377e+02 -1.957068623e+02 -1.957068623e+02 -3.2580e+00 -7.7814e-01 +4.1749e-01 +1.9578e+00 -2.7980e-01 -3.8633e-01 -3.0039e-01 -2.1392e-01 -1.7148e+00 +6.8687e-01 +8.2789e-01 +1.3937e+00 -2.0431e+00 -1.1491e+00 +6.5687e-01 -1.0776e+00 +1.2722e+00 -4.6404e-01 +1.1347e+00 -3.6053e+00
4016 +9.462624388e+01 +9.462624388e+01 -2.402837561e+02 -2.402837561e+02 -1.8392e+00 -7.5344e-01 +4.6736e-01 +2.0174e+00 -2.1367e-01 -2.4877e-01 -2.2936e-01 +3.8434e-01 -2.1128e+00 +1.0808e+00 +7.8255e-01 +1.3100e+00 -2.1285e+00 -1.1049e+00 +5.8477e-01 -1.1324e+00 +1.2362e+00 -1.7949e-01 +1.1407e+00 -3.5121e+00
4617 +5.030757654e+01 +5.030757654e+01 -2.846024235e+02 -2.846024235e+02 -3.4659e+00 -6.4855e-01 +4.7918e-01 +1.9332e+00 -3.8209e-02 -2.2486e-01 -2.0137e-01 +5.0019e-01 -2.2821e+00 +8.9130e-01 +9.2459e-01 +1.4032e+00 -2.1581e+00 -1.1765e+00 +7.2957e-01 -7.2201e-01 +1.2692e+00 -4.4634e-02 +1.3093e+00 -3.2001e+00
% function evaluation | noise-free fitness - Fopt (-4.670000000000e+01) | best noise-free fitness - Fopt | measured fitness | best measured fitness | x1 | x2...
1 +6.656289793e+05 +6.656289793e+05 +6.655822793e+05 +6.655822793e+05 -3.6819e+00 -6.1635e-01 -2.4700e+00 +2.5035e+00 +1.5924e-02 -2.0185e+00 +1.7457e+00 +4.9119e+00 +4.6991e+00 -4.8045e-01 -2.7251e+00 -3.0343e+00 +2.8662e+00 +2.1775e+00 +3.3159e+00 -4.6626e+00 +3.2791e+00 +3.2153e+00 +2.7067e+00 -4.7584e+00
4 +2.930573633e+05 +2.930573633e+05 +2.930106633e+05 +2.930106633e+05 +2.5454e+00 -4.6538e+00 -2.1001e+00 -4.9845e+00 +4.6507e+00 -1.0007e+00 -2.1375e+00 -4.7520e+00 -2.7385e+00 +2.4567e+00 -1.0878e+00 -8.2847e-01 +2.8674e+00 -2.5298e+00 -1.2529e+00 +3.4849e+00 +2.1982e+00 -4.7842e+00 -3.0867e+00 +3.9435e+00
41 +6.401289689e+04 +6.401289689e+04 +6.396619689e+04 +6.396619689e+04 +3.3242e+00 +7.7519e-01 -2.0881e+00 -2.4479e+00 -4.1656e+00 +2.1880e-01 -9.9969e-01 -2.1301e+00 -6.8430e-01 +4.3518e+00 +1.3159e+00 -4.5468e+00 +1.4052e+00 -3.4608e+00 +2.3453e+00 -2.5246e+00 +3.9431e+00 -2.8153e-02 +3.7293e-01 +3.8790e+00
308 +4.759540323e+04 +4.759540323e+04 +4.754870323e+04 +4.754870323e+04 +1.7252e+00 -2.5752e+00 -3.8505e+00 -4.0882e+00 +5.6111e-01 -4.7002e+00 -4.4995e-01 -2.9034e-01 +5.1899e-01 +4.8982e+00 +2.2472e+00 -2.1073e+00 -2.1764e-01 -1.9489e+00 -3.6789e-01 -9.9083e-01 -6.1289e-01 -1.5097e+00 -1.0112e+00 +5.0000e+00
360 +2.671670120e+04 +2.671670120e+04 +2.667000120e+04 +2.667000120e+04 +1.1909e+00 +7.4550e-01 -5.0000e+00 -3.9236e+00 -3.2924e+00 -3.5902e+00 -1.5749e+00 -2.9061e+00 +1.2516e+00 -1.9056e+00 -7.0085e-01 -1.9955e+00 +2.0012e+00 -1.4000e+00 +8.8580e-01 +1.4359e+00 +3.9559e+00 -1.5797e+00 +1.4118e+00 -8.4776e-01
463 +1.897118354e+04 +1.897118354e+04 +1.892448354e+04 +1.892448354e+04 -1.8070e+00 +5.7705e-01 -5.0000e+00 -3.9957e+00 -4.5864e+00 -1.3609e+00 -2.7352e+00 -2.4967e+00 +1.7179e+00 -1.0098e+00 +2.7956e-01 -5.0000e+00 +1.4570e+00 -1.8414e+00 +8.4052e-01 +0.0000e+00 +3.2491e+00 -3.3590e+00 -1.0813e+00 +1.5325e+00
624 +1.318659831e+04 +1.318659831e+04 +1.313989831e+04 +1.313989831e+04 +3.3468e-01 +3.0879e-01 -5.0000e+00 -3.6226e+00 -4.2661e+00 -3.7102e+00 -1.8188e+00 -2.7407e+00 +1.5061e+00 +3.1346e+00 -6.5619e-01 -4.9937e+00 +2.5957e+00 -4.0953e+00 +1.3207e+00 +0.0000e+00 +2.2049e+00 -3.3695e+00 +0.0000e+00 +4.2703e-01
955 +9.120626523e+03 +9.120626523e+03 +9.073926523e+03 +9.073926523e+03 +1.6804e+00 +1.3283e+00 -2.4083e+00 -4.2384e+00 -3.2642e+00 -4.4189e+00 -5.9748e-01 -7.8299e-01 +1.8265e+00 +1.9117e+00 -1.5887e+00 -5.0000e+00 +1.2313e+00 -2.6012e+00 -8.6561e-01 +1.1576e-01 +3.0080e+00 -2.0868e+00 +3.5012e-01 +9.5542e-01
1553 +5.900148428e+03 +5.900148428e+03 +5.853448428e+03 +5.853448428e+03 +0.0000e+00 +1.2676e+00 -2.3588e+00 -3.2036e+00 -3.0923e+00 -1.7955e+00 +8.0029e-01 -4.4015e-01 +7.4508e-01 +1.9264e+00 -5.8625e-01 -3.9894e+00 +1.1137e+00 -1.8772e+00 -6.8217e-01 -1.0376e+00 +2.2369e+00 -2.9831e+00 +1.3962e+00 +7.5182e-01
1655 +3.516075599e+03 +3.516075599e+03 +3.469375599e+03 +3.469375599e+03 +5.5443e-01 +1.1314e+00 -2.4561e+00 -3.0430e+00 -3.0897e+00 -2.9745e+00 -1.6621e-01 -3.9699e-01 +1.9040e+00 +2.4946e+00 +1.5163e+00 -4.8115e+00 +9.6518e-01 -2.7389e+00 -4.0564e-01 -5.4933e-01 +2.2547e+00 -3.3389e+00 -1.9152e-01 +1.7445e+00
2142 +2.462436992e+03 +2.462436992e+03 +2.415736992e+03 +2.415736992e+03 +2.7358e-01 +1.2245e+00 -2.4132e+00 -2.8445e+00 -2.3438e+00 -2.8166e+00 -5.8720e-01 -1.1900e+00 +1.1650e+00 +1.9471e+00 +1.6392e-01 -4.9456e+00 +7.7405e-01 -2.2459e+00 -3.2272e-01 -4.7940e-01 +3.0071e+00 -3.1412e+00 +1.5750e-01 +1.7506e+00
2543 +1.360953279e+03 +1.360953279e+03 +1.314253279e+03 +1.314253279e+03 -1.0930e+00 +1.1321e+00 -3.4920e+00 -2.4469e+00 -1.8405e+00 -2.6341e+00 -1.0802e+00 -2.6556e+00 +7.4736e-01 +9.8537e-01 +7.2195e-02 -4.7568e+00 +1.1388e+00 -3.4953e+00 -3.4195e-01 -5.9488e-01 +2.0585e+00 -4.0663e+00 +7.6599e-02 +2.5692e+00
2746 +8.233374700e+02 +8.233374700e+02 +7.766374700e+02 +7.766374700e+02 -7.4278e-01 +9.6049e-01 -3.4933e+00 -3.1511e+00 -2.0891e+00 -2.4754e+00 -8.8093e-01 -1.8895e+00 +2.0897e-01 +5.0394e-01 +2.7276e-02 -4.8012e+00 +1.3582e+00 -3.6122e+00 +2.5226e-02 -5.8715e-01 +2.0846e+00 -4.4533e+00 +3.5431e-01 +2.8394e+00
3155 +5.609250068e+02 +5.609250068e+02 +5.142250068e+02 +5.142250068e+02 -3.9483e-01 +5.3180e-01 -3.3317e+00 -3.6858e+00 -1.9891e+00 -2.9483e+00 -1.0251e+00 -1.8824e+00 +5.6132e-01 +9.3033e-01 -2.5830e-01 -4.8644e+00 +2.6978e+00 -3.9822e+00 -1.8516e-01 -6.7264e-01 +2.6666e+00 -3.3706e+00 +3.7048e-01 +1.8220e+00
3341 +3.971212368e+02 +3.971212368e+02 +3.504212368e+02 +3.504212368e+02 -3.5641e-01 +6.4372e-01 -3.1494e+00 -3.5677e+00 -1.9002e+00 -2.4419e+00 -1.0926e+00 -2.2829e+00 +1.0716e+00 +1.4555e+00 +1.1621e-01 -4.5566e+00 +2.3044e+00 -3.7937e+00 +1.3727e+00 -5.5481e-01 +2.7582e+00 -3.0973e+00 +3.4184e-01 +1.8424e+00
3813 +2.455474866e+02 +2.455474866e+02 +1.988474866e+02 +1.988474866e+02 -3.6869e-01 +3.8565e-01 -3.0531e+00 -3.4746e+00 -2.1292e+00 -3.0523e+00 -6.1216e-01 -2.1253e+00 +7.4365e-01 +1.3741e+00 +1.5782e-01 -4.2455e+00 +2.2310e+00 -3.9987e+00 +1.1824e+00 -6.9727e-01 +2.4126e+00 -2.6968e+00 +2.9886e-01 +1.7759e+00
4209 +1.429163588e+02 +1.429163588e+02 +9.621635880e+01 +9.621635880e+01 -6.2488e-01 +3.6950e-01 -3.2298e+00 -3.5307e+00 -1.6560e+00 -3.0542e+00 -1.0068e+00 -1.5727e+00 +2.6759e-02 +1.3189e+00 +1.8276e-01 -4.3463e+00 +2.1124e+00 -3.2723e+00 +1.4495e+00 -6.6278e-01 +2.4105e+00 -2.7417e+00 +3.3805e-01 +1.6826e+00
4810 +9.842260077e+01 +9.842260077e+01 +5.172260077e+01 +5.172260077e+01 -2.1463e-01 +3.7775e-01 -3.2298e+00 -3.5432e+00 -1.5994e+00 -2.9827e+00 -1.0714e+00 -1.5716e+00 +1.7420e-01 +8.8716e-01 -3.1106e-02 -4.3246e+00 +2.3291e+00 -3.1467e+00 +1.4198e+00 -6.2612e-01 +2.4189e+00 -2.7189e+00 +3.0906e-01 +1.7880e+00
% function evaluation | noise-free fitness - Fopt (-9.308000000000e+01) | best noise-free fitness - Fopt | measured fitness | best measured fitness | x1 | x2...
1 +6.820438975e+05 +6.820438975e+05 +6.819508175e+05 +6.819508175e+05 +1.3840e+00 +2.4810e+00 -2.3023e+00 -2.1220e+00 -2.9384e+00 -4.6787e+00 -1.3084e+00 -1.7354e+00 +3.5531e+00 +2.0453e+00 +2.6419e+00 -3.7473e+00 +1.7839e+00 -3.9099e+00 -5.5564e-01 +4.0963e+00 -2.5930e+00 -4.2420e+00 +4.7393e+00 +1.4063e+00
3 +2.026014369e+05 +2.026014369e+05 +2.025083569e+05 +2.025083569e+05 -2.8304e+00 +1.7493e+00 -9.2800e-01 +3.1502e+00 +1.5493e-01 +9.9387e-01 -7.3247e-01 +2.9350e+00 +7.4149e-01 -5.6313e-01 +6.2956e-01 -2.6849e+00 +4.8338e+00 -4.4781e+00 -1.5512e+00 -2.8050e-01 -3.1616e+00 +2.8590e+00 -3.0879e+00 -3.4574e+00
7 +8.201398000e+04 +8.201398000e+04 +8.192090000e+04 +8.192090000e+04 -3.1812e+00 -1.4951e-02 -4.1830e+00 +3.3072e+00 -4.3328e+00 +1.9411e+00 +2.8825e+00 +1.1990e+00 -2.6292e+00 -3.1331e-01 +3.7979e+00 -9.6480e-01 -2.8289e+00 +5.3774e-01 +1.9044e+00 +1.5419e+00 -2.1102e+00 +3.7298e-01 -3.6577e+00 +2.0738e+00
240 +4.823891423e+04 +4.823891423e+04 +4.814583423e+04 +4.814583423e+04 +1.3692e-02 -1.4674e+00 +6.2792e-02 +7.6870e-01 +1.5992e+00 -3.8442e+00 +2.0373e+00 -2.6124e-01 -2.3675e+00 -3.7218e-01 +4.0232e+00 +1.7014e+00 +3.8557e-01 -8.4477e-01 +1.2413e+00 +9.0932e-01 -5.0000e+00 -1.5022e+00 -1.2366e+00 +4.2377e+00
431 +2.038938268e+04 +2.038938268e+04 +2.029630268e+04 +2.029630268e+04 -4.1802e-01 -9.2829e-01 +1.1254e+00 +1.6099e+00 -1.4031e+00 -4.0483e+00 +2.3374e-01 +0.0000e+00 -1.3843e+00 -1.2495e+00 +2.0087e+00 -1.6481e+00 +0.0000e+00 -1.1539e+00 -3.1192e-01 +1.4665e+00 -5.0000e+00 -3.1374e+00 +3.2246e-01 +5.0000e+00
640 +9.364375956e+03 +9.364375956e+03 +9.271295956e+03 +9.271295956e+03 +2.9075e-01 -1.0563e+00 -1.2203e+00 +0.0000e+00 -2.3330e+00 -3.9487e+00 -4.8542e-01 -1.3024e+00 -1.1650e+00 -6.2625e-01 +1.6011e+00 +0.0000e+00 +6.1586e-01 -2.2501e+00 +1.2644e-02 +0.0000e+00 -5.0000e+00 -1.3722e+00 -7.6285e-01 +4.0481e+00
1835 +5.276022012e+03 +5.276022012e+03 +5.182942012e+03 +5.182942012e+03 -1.7195e+00 -1.9466e+00 -8.1897e-01 +2.2102e+00 -2.9677e+00 -1.9193e+00 -2.8836e-01 -2.0349e+00 -1.5999e+00 -2.7072e+00 +1.7795e+00 -2.2423e+00 -1.5789e-01 -3.3609e+00 +7.2607e-01 -2.1666e+00 -4.5496e+00 +1.4906e+00 -3.8626e-01 +3.2553e+00
2420 +3.274196334e+03 +3.274196334e+03 +3.181116334e+03 +3.181116334e+03 -8.9431e-01 -2.0252e+00 -1.2274e+00 +1.5196e+00 -2.7091e+00 -4.0592e+00 -6.6830e-01 -9.2108e-01 -2.4540e+00 -1.2370e+00 +2.4522e+00 -3.0094e+00 +6.7889e-02 -3.1049e+00 +1.6560e+00 -9.7412e-01 -4.6012e+00 -9.5580e-02 -8.4352e-01 +4.9307e+00
2831 +2.460674365e+03 +2.460674365e+03 +2.367594365e+03 +2.367594365e+03 -5.2179e-01 -1.2365e+00 -3.8437e-01 +2.1981e+00 -1.6285e+00 -3.9861e+00 -1.1650e+00 -5.1658e-01 -4.2119e-01 -2.9776e+00 +2.4313e+00 -1.1029e+00 -8.7631e-01 -2.0849e+00 +1.5119e+00 -9.6908e-01 -4.8682e+00 +1.0342e+00 -3.0968e-01 +4.8463e+00
3242 +1.441686755e+03 +1.441686755e+03 +1.348606755e+03 +1.348606755e+03 -1.5263e+00 -1.6170e+00 -2.3757e-01 +1.1077e+00 -2.1211e+00 -3.6058e+00 -1.0281e+00 -1.1705e+00 -1.1808e+00 -2.0194e+00 +2.6633e+00 -4.4061e-01 -2.8380e-01 -1.5767e+00 +4.5516e-01 -8.8699e-01 -4.7559e+00 +8.8496e-01 -8.0762e-01 +4.4852e+00
3326 +9.734656140e+02 +9.734656140e+02 +8.803856140e+02 +8.803856140e+02 -1.3536e+00 -2.5819e+00 -1.7515e+00 +1.0839e+00 -2.5270e+00 -3.0846e+00 -2.2242e-01 -1.1146e+00 -1.0437e+00 -2.0955e+00 +2.5474e+00 -1.4676e+00 -1.4468e-01 -1.1829e+00 +6.0708e-01 -1.5255e+00 -4.7413e+00 +9.5249e-01 -8.4593e-01 +4.5730e+00
3612 +4.932853989e+02 +4.932853989e+02 +4.002053989e+02 +4.002053989e+02 -1.2040e+00 -2.0151e+00 -5.8967e-01 +1.0568e+00 -2.0978e+00 -3.0561e+00 -1.2751e+00 -7.8320e-01 -9.3592e-01 -2.0830e+00 +2.1070e+00 -1.3798e+00 -3.6892e-01 -1.3313e+00 +1.0526e+00 -9.7110e-01 -4.7913e+00 +7.6916e-01 -7.1668e-01 +4.6298e+00
4017 +3.859865231e+02 +3.859865231e+02 +2.929065231e+02 +2.929065231e+02 -1.5994e+00 -2.4624e+00 -1.0499e+00 +1.0260e+00 -2.3417e+00 -2.4259e+00 -6.4039e-01 -3.3540e-01 -8.1754e-01 -1.8760e+00 +1.3631e+00 -1.7338e+00 -3.1447e-01 -1.2513e+00 +1.8119e+00 -1.1596e+00 -4.7808e+00 +7.3750e-01 -5.9547e-01 +4.6577e+00
4942 +2.506183826e+02 +2.506183826e+02 +1.575383826e+02 +1.575383826e+02 -1.5276e+00 -2.3483e+00 -1.3791e+00 +1.2360e+00 -2.1552e+00 -2.4285e+00 -8.0516e-01 -8.3540e-01 -1.4505e+00 -2.1762e+00 +1.8432e+00 -1.4218e+00 -1.0613e-01 -1.3997e+00 +1.2146e+00 -1.2017e+00 -4.6586e+00 +8.0359e-01 -6.8777e-01 +4.6441e+00
% function evaluation | noise-free fitness - Fopt (4.168000000000e+01) | best noise-free fitness - Fopt | measured fitness | best measured fitness | x1 | x2...
1 +1.533821307e+06 +1.533821307e+06 +1.533862987e+06 +1.533862987e+06 -6.6913e-01 -1.2824e+00 -2.4456e+00 -3.3891e+00 +3.2442e+00 +3.4163e+00 -1.4217e+00 -2.6655e+00 +4.8875e+00 +4.6199e+00 -1.7768e+00 +4.9974e+00 +1.4213e+00 +2.7168e+00 +2.3522e+00 -4.0675e+00 -1.7633e+00 -4.0579e+00 +4.3495e+00 -4.7732e+00
2 +6.553518511e+05 +6.553518511e+05 +6.553935311e+05 +6.553935311e+05 +4.0961e+00 -3.3593e+00 +1.5443e+00 -4.3512e-01 -6.4044e-01 +4.6689e+00 -3.4590e+00 -1.1672e+00 +4.4794e+00 +9.1899e-01 -1.9039e+00 -4.8794e-01 -2.3014e+00 -4.8990e+00 +4.7998e-01 -3.4550e-01 -2.9327e+00 +1.1444e+00 -3.2423e+00 -3.3916e+00
7 +3.752526344e+05 +3.752526344e+05 +3.752943144e+05 +3.752943144e+05 +2.5561e+00 +1.1000e+00 +3.2291e+00 +4.1056e+00 -4.8419e+00 +2.5224e+00 +2.9027e+00 +4.5749e+00 -1.9672e+00 -4.0623e+00 +2.5611e+00 -2.4974e+00 +2.5115e+00 -2.7093e+00 -4.3004e-01 -6.6581e-01 +1.9837e+00 -2.8707e+00 +1.9310e+00 +1.2416e+00
46 +1.328556938e+05 +1.328556938e+05 +1.328973738e+05 +1.328973738e+05 +3.1557e+00 +2.1590e-01 -5.6631e-01 -1.2322e+00 -3.6906e+00 +2.6861e-01 +5.5319e-01 -2.5413e+00 -3.6114e+00 +1.3262e+00 +4.7969e-01 -7.1718e-01 +4.8260e+00 -4.3388e+00 -4.9635e+00 -4.9434e+00 -2.2111e+00 +1.2004e+00 -8.1607e-01 +3.9264e+00
179 +6.053863882e+04 +6.053863882e+04 +6.058031882e+04 +6.058031882e+04 +8.4999e-02 -2.1487e+00 -2.1153e-01 -9.9661e-01 -2.7655e+00 -2.1556e+00 +5.3956e-01 -4.9113e-01 -2.3010e+00 -1.9897e+00 -4.2692e-01 -2.7318e+00 +8.4159e-01 -3.5271e+00 -1.5977e+00 +1.1356e+00 -1.4182e+00 -3.2960e+00 -1.4154e+00 -4.4769e+00
668 +2.598615889e+04 +2.598615889e+04 +2.602783889e+04 +2.602783889e+04 -1.9556e-02 -8.6500e-02 +3.8997e-01 -2.3735e-01 -4.0354e+00 +1.5218e+00 +1.5791e+00 -1.1887e+00 -4.6590e+00 +2.5986e-02 -5.0000e+00 -2.0166e+00 -2.7151e+00 -3.6501e+00 -3.9882e+00 -2.2644e+00 +3.0154e-02 -1.4521e+00 -1.3627e+00 -3.1823e+00
701 +1.160162039e+04 +1.160162039e+04 +1.164330039e+04 +1.164330039e+04 +5.8408e-01 -2.8016e+00 +1.4087e+00 -3.8266e-01 -2.4625e+00 -3.9162e+00 +1.4727e+00 +2.3803e-01 -1.7932e+00 -3.9703e-01 -2.2618e-01 -3.2574e+00 -6.6689e-01 -3.5379e+00 -2.0821e+00 -2.6154e+00 -2.3005e+00 -2.5364e-02 -2.8265e+00 -3.3408e+00
1021 +7.485630139e+03 +7.485630139e+03 +7.527310139e+03 +7.527310139e+03 +2.1830e+00 -2.8550e+00 +8.1503e-01 -6.4862e-01 -2.4736e+00 -1.1452e+00 +1.8708e+00 +6.2534e-01 -3.1340e+00 +2.5749e-01 -1.8219e-01 -3.2274e+00 -4.2142e-01 -3.0605e+00 -2.3641e+00 -2.8304e+00 -1.3513e+00 +3.1518e-01 -2.2735e+00 -4.0998e+00
1262 +6.168254750e+03 +6.168254750e+03 +6.209934750e+03 +6.209934750e+03 +1.4548e+00 -1.6408e+00 +1.9608e+00 -2.2549e-01 -2.7905e+00 -1.3554e+00 +1.3306e+00 -1.1643e+00 -1.8958e+00 -1.0792e+00 -3.1689e-01 -4.0911e+00 -4.3485e-01 -3.8838e+00 -2.8055e+00 -4.4237e+00 -1.4950e+00 +6.5232e-01 -1.0569e+00 -2.5088e+00
1956 +3.055594294e+03 +3.055594294e+03 +3.097274294e+03 +3.097274294e+03 +1.6253e+00 -2.0078e+00 +8.9235e-01 -4.9191e-01 -8.3112e-01 -8.4893e-01 +2.4226e+00 -8.9121e-01 -2.2627e+00 -6.0729e-01 -1.4397e+00 -1.7425e+00 -1.9109e-01 -1.2023e+00 -3.1237e+00 -2.7276e+00 -2.2425e+00 -4.5536e-01 -1.8991e+00 -3.8752e+00
2252 +1.698280912e+03 +1.698280912e+03 +1.739960912e+03 +1.739960912e+03 +1.0500e+00 -2.0302e+00 +5.7856e-01 -1.5313e-01 -2.1046e+00 +2.8966e-03 +2.7474e+00 -3.3084e-01 -2.0529e+00 +1.2734e+00 -1.2942e+00 -1.9369e+00 +8.9821e-02 -2.6932e+00 -4.3245e+00 -3.4650e+00 -2.6203e+00 +3.5291e-01 -1.8310e+00 -3.5382e+00
2641 +1.449908210e+03 +1.449908210e+03 +1.491588210e+03 +1.491588210e+03 +1.2203e+00 -2.1203e+00 +9.2008e-01 -1.2696e-01 -1.9688e+00 -7.0267e-02 +2.6635e+00 -7.3496e-01 -2.5486e+00 -2.0727e-01 -1.4579e+00 -2.7999e+00 +2.1006e-01 -2.1776e+00 -4.1257e+00 -3.4754e+00 -2.3819e+00 +5.1829e-01 -2.3061e+00 -3.7170e+00
2870 +7.899232190e+02 +7.899232190e+02 +8.316032190e+02 +8.316032190e+02 +1.2818e+00 -2.1405e+00 +6.6587e-01 +3.9623e-02 -2.5358e+00 -1.2442e-01 +2.0442e+00 -2.6461e-01 -2.5534e+00 +1.0849e-01 -1.2317e+00 -2.6175e+00 -2.5125e-01 -2.6412e+00 -3.9619e+00 -4.3537e+00 -1.9943e+00 +3.2159e-01 -2.3318e+00 -3.7159e+00
3206 +6.024645006e+02 +6.024645006e+02 +6.441445006e+02 +6.441445006e+02 +1.3376e+00 -2.2096e+00 +4.1724e-01 -2.6272e-01 -2.0298e+00 -1.2140e-01 +1.7888e+00 -4.6428e-01 -2.5624e+00 +3.0247e-01 -1.3653e+00 -2.7017e+00 -2.9925e-02 -2.2482e+00 -3.8240e+00 -4.2509e+00 -1.8883e+00 +2.6446e-01 -2.2231e+00 -3.8101e+00
3601 +3.856761519e+02 +3.856761519e+02 +4.273561519e+02 +4.273561519e+02 +1.0791e+00 -2.0972e+00 +3.4900e-01 -2.6763e-01 -1.4389e+00 -3.9114e-01 +1.9621e+00 -1.4192e-01 -2.3862e+00 +6.0147e-01 -1.6827e+00 -2.9124e+00 -7.0071e-01 -2.6064e+00 -3.6746e+00 -4.1332e+00 -2.0096e+00 +2.3335e-01 -1.3272e+00 -2.6257e+00
3841 +2.406169935e+02 +2.406169935e+02 +2.822969935e+02 +2.822969935e+02 +9.0528e-01 -1.9649e+00 +4.8067e-01 -3.6325e-01 -1.1520e+00 -3.8135e-01 +1.6626e+00 -4.8859e-01 -2.7856e+00 +7.2335e-01 -1.7470e+00 -3.0138e+00 -6.4750e-01 -2.4315e+00 -3.8754e+00 -3.7508e+00 -2.6157e+00 +1.0878e-01 -1.5303e+00 -2.4550e+00
4107 +1.453798566e+02 +1.453798566e+02 +1.870598566e+02 +1.870598566e+02 +9.3575e-01 -1.9216e+00 +6.7503e-01 -5.4852e-01 -7.8042e-01 -3.0881e-01 +1.8112e+00 -5.4146e-01 -2.6047e+00 +7.0126e-01 -1.8792e+00 -3.0912e+00 -2.0216e-01 -2.3749e+00 -3.9077e+00 -3.4479e+00 -2.7085e+00 -2.5481e-02 -1.8024e+00 -2.5124e+00
4603 +9.891123542e+01 +9.891123542e+01 +1.405912354e+02 +1.405912354e+02 +9.0232e-01 -2.0487e+00 +7.4345e-01 -4.3155e-01 -7.6790e-01 -3.3846e-01 +1.8066e+00 -6.0348e-01 -2.5842e+00 +6.6209e-01 -1.8267e+00 -3.1119e+00 -3.2141e-01 -2.4547e+00 -3.7609e+00 -3.5942e+00 -2.6447e+00 -2.5812e-01 -1.8107e+00 -2.5060e+00
