% function evaluation | noise-free fitness - Fopt (1.491500000000e+02) | best noise-free fitness - Fopt | measured fitness | best measured fitness | x1 | x2...
1 +3.674932861e+05 +3.674932861e+05 +3.676424361e+05 +3.676424361e+05 -4.1744e+00 +4.8843e+00 +4.7748e+00 -4.3679e+00 -8.2790e-02 +2.5379e+00 +1.5496e-01 -2.2634e+00 -6.4577e-01 +3.6049e+00
3 +6.393851918e+04 +6.393851918e+04 +6.408766918e+04 +6.408766918e+04 -2.9304e+00 -1.7731e+00 -4.1946e+00 -3.6045e-01 +2.6305e-02 -4.5294e+00 -3.4459e+00 +7.9465e-01 -2.7753e+00 -4.0011e+00
31 +5.800578290e+04 +5.800578290e+04 +5.815493290e+04 +5.815493290e+04 -5.7396e-01 +5.8046e-01 -4.8923e+00 -8.7079e-01 -1.6586e+00 +1.8766e+00 +3.7293e-01 -1.7343e+00 +3.5153e-01 +1.4763e+00
44 +2.517266211e+04 +2.517266211e+04 +2.532181211e+04 +2.532181211e+04 +8.6258e-01 +1.8196e+00 -2.7345e+00 -1.8698e-01 -3.0338e+00 +8.0285e-01 +2.5304e-01 +2.8489e-01 -1.0262e+00 -2.0551e+00
122 +1.716157633e+04 +1.716157633e+04 +1.731072633e+04 +1.731072633e+04 -1.7310e+00 -2.2759e+00 -1.5935e-02 -2.3060e+00 -3.8125e+00 -2.8066e+00 -4.0321e+00 -3.2000e+00 -1.9698e+00 +2.1533e+00
212 +9.772580930e+03 +9.772580930e+03 +9.921730930e+03 +9.921730930e+03 +1.8377e+00 -1.6307e+00 +4.7988e-01 +6.6367e-01 -5.0000e+00 -1.8186e+00 -4.9962e-01 -1.8644e+00 +9.0985e-01 +4.0299e-01
480 +5.410931934e+03 +5.410931934e+03 +5.560081934e+03 +5.560081934e+03 -2.8082e+00 +0.0000e+00 -3.0255e+00 +1.8787e+00 -2.1434e+00 -1.6425e+00 +2.1397e-01 -1.4803e+00 -1.4954e+00 +2.1545e+00
572 +3.680481869e+03 +3.680481869e+03 +3.829631869e+03 +3.829631869e+03 -1.6174e+00 -3.1043e+00 -1.4776e+00 +0.0000e+00 -5.0000e+00 -3.2496e+00 -1.7859e+00 -3.6704e+00 +1.8266e+00 +5.0000e+00
608 +1.269778653e+03 +1.269778653e+03 +1.418928653e+03 +1.418928653e+03 -1.4358e+00 -2.1966e+00 +5.5144e-02 +0.0000e+00 -3.8954e+00 -9.8797e-01 -8.5784e-01 -3.2828e+00 +3.2562e-01 +1.9520e+00
1444 +7.126225000e+02 +7.126225000e+02 +8.617725000e+02 +8.617725000e+02 +3.5806e-01 -1.3679e+00 -9.2037e-01 +1.0882e+00 -4.0855e+00 -1.4567e+00 -1.8016e+00 -2.0235e+00 -1.7271e-01 +1.3446e+00
1701 +6.135082181e+02 +6.135082181e+02 +7.626582181e+02 +7.626582181e+02 -3.6460e-01 -1.5002e+00 -1.1172e+00 +1.4434e+00 -4.4226e+00 -2.4694e+00 -1.6397e+00 -1.6830e+00 +7.5993e-01 +1.1770e+00
1839 +2.495369043e+02 +2.495369043e+02 +3.986869043e+02 +3.986869043e+02 -1.4124e+00 -1.5299e+00 -1.1048e+00 +1.2246e+00 -4.3697e+00 -2.1912e+00 -2.1368e+00 -2.8434e+00 +3.6827e-01 +1.2862e+00
2410 +1.300459438e+02 +1.300459438e+02 +2.791959438e+02 +2.791959438e+02 -6.3219e-01 -8.0341e-01 -3.7391e-01 +1.0929e+00 -4.0928e+00 -1.9472e+00 -2.3909e+00 -2.2745e+00 -1.0124e+00 -7.1361e-01
2717 +9.324447465e+01 +9.324447465e+01 +2.423944746e+02 +2.423944746e+02 -2.5577e-01 -8.6685e-01 -7.7204e-01 +1.0656e+00 -3.9797e+00 -1.9718e+00 -2.2358e+00 -2.2191e+00 -5.8733e-01 -9.1375e-01
2810 +3.576951641e+01 +3.576951641e+01 +1.849195164e+02 +1.849195164e+02 -1.2945e-01 -5.4090e-01 -4.1875e-01 +1.0374e+00 -4.0402e+00 -1.9514e+00 -2.0443e+00 -1.9247e+00 -1.0540e+00 -4.8700e-01
3431 +1.749540156e+01 +1.749540156e+01 +1.666454016e+02 +1.666454016e+02 -3.0018e-01 -8.0605e-01 -8.4073e-01 +8.8774e-01 -3.7955e+00 -2.3732e+00 -1.7195e+00 -2.1079e+00 -1.0043e+00 -5.9330e-01
3633 +1.552444839e+01 +1.552444839e+01 +1.646744484e+02 +1.646744484e+02 -3.2985e-01 -8.3803e-01 -7.4338e-01 +9.4987e-01 -3.7237e+00 -2.3347e+00 -1.7127e+00 -2.1793e+00 -1.0552e+00 -3.6188e-01
4072 +9.971055402e+00 +9.971055402e+00 +1.591210554e+02 +1.591210554e+02 -2.7013e-01 -7.7806e-01 -6.1028e-01 +9.4143e-01 -3.7430e+00 -2.3218e+00 -1.7398e+00 -2.1103e+00 -9.5132e-01 -4.2428e-01
% function evaluation | noise-free fitness - Fopt (-1.000000000000e+03) | best noise-free fitness - Fopt | measured fitness | best measured fitness | x1 | x2...
1 +2.404756503e+05 +2.404756503e+05 +2.394756503e+05 +2.394756503e+05 -2.2827e+00 -5.6129e-01 +4.7256e+00 +3.8816e+00 +1.7149e+00 -3.1258e+00 +8.7456e-01 +1.2024e+00 +3.8539e-01 -3.6481e+00
5 +5.337576761e+04 +5.337576761e+04 +5.237576761e+04 +5.237576761e+04 -3.9060e+00 +3.1620e+00 +2.4441e+00 -3.5893e+00 -5.8217e-01 -3.9902e+00 -1.5992e+00 -3.1981e+00 -3.7238e+00 +1.1283e+00
14 +3.734411628e+04 +3.734411628e+04 +3.634411628e+04 +3.634411628e+04 -1.9310e-04 +2.0282e+00 +2.2995e+00 -3.8240e+00 -4.1644e+00 +1.2018e+00 -6.4371e-02 -3.5629e+00 -1.1277e+00 -4.5754e+00
43 +1.406809480e+04 +1.406809480e+04 +1.306809480e+04 +1.306809480e+04 -1.0432e+00 +3.4608e+00 +2.8503e+00 -3.4438e-01 -3.8413e+00 -8.0613e-01 -2.1395e+00 -2.3521e+00 +1.1655e+00 +4.5837e+00
291 +7.424251132e+03 +7.424251132e+03 +6.424251132e+03 +6.424251132e+03 -3.0929e+00 -9.3703e-01 +7.0899e-01 +1.4936e-02 -2.6189e+00 -1.8381e+00 -1.8986e+00 -4.5111e+00 +1.9776e+00 +5.0000e+00
484 +2.981253077e+03 +2.981253077e+03 +1.981253077e+03 +1.981253077e+03 -5.0000e+00 +7.2472e-02 -1.1771e+00 -1.6599e+00 -4.1748e+00 -1.1489e+00 -1.4424e+00 -3.1735e+00 +1.4970e+00 +2.4072e+00
832 +1.186629535e+03 +1.186629535e+03 +1.866295354e+02 +1.866295354e+02 -5.0000e+00 +1.0631e+00 +7.8009e-01 -1.1328e+00 -3.4138e+00 -9.5857e-01 -1.6807e+00 -1.8884e+00 +7.5692e-01 +2.6580e+00
1022 +8.397176534e+02 +8.397176534e+02 -1.602823466e+02 -1.602823466e+02 -5.0000e+00 +0.0000e+00 +0.0000e+00 -3.5664e+00 -3.4054e+00 -1.3504e+00 -2.2976e+00 -2.8404e+00 +1.1246e+00 +2.9849e+00
1178 +3.651418710e+02 +3.651418710e+02 -6.348581290e+02 -6.348581290e+02 -5.0000e+00 +1.0217e+00 +9.4270e-01 -3.4794e+00 -2.3773e+00 -8.7610e-01 -2.4291e+00 -1.5391e+00 +1.2448e+00 +2.0630e+00
1202 +1.215859207e+02 +1.215859207e+02 -8.784140793e+02 -8.784140793e+02 -3.5065e+00 -3.5557e-01 +5.3410e-01 -2.7926e+00 -2.9615e+00 -7.7796e-01 -2.8169e+00 -1.8059e+00 -6.6524e-02 +1.5332e+00
1890 +9.165113758e+01 +9.165113758e+01 -9.083488624e+02 -9.083488624e+02 -3.4778e+00 +2.2955e-01 +7.1368e-01 -2.8260e+00 -3.6362e+00 -2.0009e-01 -2.6541e+00 -1.7659e+00 +4.2917e-01 +1.7935e+00
2673 +4.145628658e+01 +4.145628658e+01 -9.585437134e+02 -9.585437134e+02 -3.9255e+00 +4.0259e-01 +6.8515e-01 -2.7763e+00 -3.2884e+00 -5.2933e-01 -2.7546e+00 -2.0691e+00 +5.3965e-02 +1.8680e+00
2736 +3.881936583e+01 +3.881936583e+01 -9.611806342e+02 -9.611806342e+02 -4.3798e+00 +3.9045e-01 +9.0272e-01 -2.6429e+00 -3.0369e+00 -9.5787e-01 -2.6598e+00 -2.2571e+00 +2.5814e-01 +1.8657e+00
3428 +2.358151038e+01 +2.358151038e+01 -9.764184896e+02 -9.764184896e+02 -4.3808e+00 +5.0314e-01 +6.5642e-01 -2.5232e+00 -3.3094e+00 -6.9862e-01 -2.9694e+00 -2.0288e+00 +4.0077e-01 +2.0278e+00
3449 +1.472920182e+01 +1.472920182e+01 -9.852707982e+02 -9.852707982e+02 -3.2370e+00 +5.4295e-01 +5.8420e-01 -2.5903e+00 -3.1322e+00 -8.9785e-01 -2.8241e+00 -2.0772e+00 +2.6548e-01 +1.7876e+00
4208 +9.618837584e+00 +9.618837584e+00 -9.903811624e+02 -9.903811624e+02 -3.2869e+00 +4.8961e-01 +5.9951e-01 -2.5195e+00 -3.0834e+00 -9.5381e-01 -2.9047e+00 -2.1512e+00 +1.9632e-01 +1.9569e+00
% function evaluation | noise-free fitness - Fopt (9.862000000000e+01) | best noise-free fitness - Fopt | measured fitness | best measured fitness | x1 | x2...
1 +4.265216666e+05 +4.265216666e+05 +4.266202866e+05 +4.266202866e+05 -3.0975e+00 -1.3402e+00 +1.4369e+00 +1.1776e+00 +1.9313e+00 -4.9459e+00 -1.5829e+00 -1.1551e+00 +3.3579e+00 -4.1517e+00
4 +2.823275323e+05 +2.823275323e+05 +2.824261523e+05 +2.824261523e+05 +1.9131e-01 +2.9063e-01 +2.4440e+00 -3.9514e+00 -6.1416e-01 +3.7692e+00 -2.6053e+00 -3.6901e+00 +3.7103e+00 +2.3513e+00
5 +2.186982880e+05 +2.186982880e+05 +2.187969080e+05 +2.187969080e+05 -1.1169e+00 -1.9253e+00 +3.8280e+00 -4.3880e+00 +3.7124e-02 +2.3543e+00 -2.7454e+00 +4.7888e-01 +2.8935e+00 -2.0647e+00
12 +5.573383179e+04 +5.573383179e+04 +5.583245179e+04 +5.583245179e+04 -1.5187e+00 -2.4722e+00 +2.3241e+00 -3.9495e+00 -3.8296e-01 +4.8140e+00 -2.6450e+00 +2.7184e-01 -3.2749e+00 -2.7212e+00
18 +2.819049984e+04 +2.819049984e+04 +2.828911984e+04 +2.828911984e+04 +1.0481e+00 -2.2472e-02 -9.8123e-01 -1.9093e+00 +3.3097e+00 +1.7251e+00 -3.2576e+00 -7.2773e-01 -1.6930e+00 +2.0566e+00
75 +9.829621043e+03 +9.829621043e+03 +9.928241043e+03 +9.928241043e+03 -3.8530e+00 -1.6544e+00 -2.8124e-01 -4.1582e+00 +1.7985e+00 +2.9606e+00 -1.8882e+00 -1.2605e+00 -3.6823e+00 -6.7777e-01
475 +2.483879751e+03 +2.483879751e+03 +2.582499751e+03 +2.582499751e+03 -1.1307e+00 -3.1276e+00 +1.4860e+00 -3.0179e+00 +1.9491e+00 +1.2764e+00 -2.7834e+00 -3.8158e+00 -5.0000e+00 +2.0244e+00
726 +1.160221247e+03 +1.160221247e+03 +1.258841247e+03 +1.258841247e+03 -1.8936e+00 -2.5783e+00 +1.7001e+00 -4.1117e+00 +1.0836e+00 +0.0000e+00 -3.0019e+00 -3.6331e+00 -5.0000e+00 -7.9185e-01
943 +3.622006341e+02 +3.622006341e+02 +4.608206341e+02 +4.608206341e+02 -1.9873e+00 -3.0504e+00 +1.8244e+00 -4.1952e+00 +4.7017e-01 +1.2564e+00 -2.0911e+00 -3.4365e+00 -4.5220e+00 -6.3865e-01
1012 +1.515686692e+02 +1.515686692e+02 +2.501886692e+02 +2.501886692e+02 -1.2282e+00 -2.0072e+00 +1.6653e+00 -3.6978e+00 -6.9302e-01 +1.3917e+00 -2.3327e+00 -3.3385e+00 -3.6853e+00 -1.1617e+00
2541 +9.654263502e+01 +9.654263502e+01 +1.951626350e+02 +1.951626350e+02 -1.0247e+00 -1.9733e+00 +1.4406e+00 -3.1737e+00 -2.2127e-01 +1.2951e+00 -2.5905e+00 -3.9694e+00 -4.0300e+00 -1.0830e+00
2655 +4.345002208e+01 +4.345002208e+01 +1.420700221e+02 +1.420700221e+02 -1.0782e+00 -2.0937e+00 +1.2916e+00 -3.3498e+00 -1.7458e-01 +7.3014e-01 -2.3518e+00 -3.8227e+00 -3.9022e+00 -1.0372e+00
3054 +3.723836390e+01 +3.723836390e+01 +1.358583639e+02 +1.358583639e+02 -1.5343e+00 -2.0508e+00 +1.2400e+00 -3.2210e+00 -3.3222e-01 +9.5101e-01 -2.3258e+00 -3.6153e+00 -3.9268e+00 -7.8553e-01
3121 +2.397475276e+01 +2.397475276e+01 +1.225947528e+02 +1.225947528e+02 -1.4268e+00 -1.9160e+00 +1.3101e+00 -3.3100e+00 +4.6332e-02 +9.5749e-01 -2.3169e+00 -3.8251e+00 -3.9134e+00 -1.2062e+00
3619 +1.575250758e+01 +1.575250758e+01 +1.143725076e+02 +1.143725076e+02 -2.2785e+00 -2.0572e+00 +1.4556e+00 -3.1916e+00 -1.6028e-01 +8.4987e-01 -2.3768e+00 -3.6458e+00 -3.8043e+00 -1.0682e+00
4213 +9.580615711e+00 +9.580615711e+00 +1.082006157e+02 +1.082006157e+02 -1.2714e+00 -1.9108e+00 +1.4551e+00 -3.2792e+00 -2.2827e-02 +8.4130e-01 -2.3637e+00 -3.7637e+00 -3.6223e+00 -1.0846e+00
% function evaluation | noise-free fitness - Fopt (-4.715000000000e+01) | best noise-free fitness - Fopt | measured fitness | best measured fitness | x1 | x2...
1 +4.432738798e+05 +4.432738798e+05 +4.432267298e+05 +4.432267298e+05 +2.9880e+00 -3.6039e+00 -4.1916e+00 +2.6648e+00 +4.6611e+00 -4.1222e+00 +3.0219e+00 -4.8246e+00 +3.9136e+00 +2.8412e+00
3 +1.446295442e+05 +1.446295442e+05 +1.445823942e+05 +1.445823942e+05 -1.6801e+00 -2.9653e+00 +3.3019e+00 +1.7277e+00 +1.0343e+00 -2.6899e+00 +1.2264e-01 -1.9587e+00 +8.1092e-01 -4.6583e+00
20 +5.445556643e+04 +5.445556643e+04 +5.440841643e+04 +5.440841643e+04 +6.1307e-01 +2.0338e+00 -4.8111e+00 -1.7247e+00 +2.6428e+00 +1.4794e-01 -1.0068e+00 +6.2859e-01 -1.7570e+00 -1.8788e+00
51 +3.001846012e+04 +3.001846012e+04 +2.997131012e+04 +2.997131012e+04 +1.2038e+00 +2.0131e+00 -2.6082e+00 -2.1809e+00 -1.5730e+00 -3.8910e-01 -3.8577e+00 -3.3430e+00 +1.5381e+00 +2.5411e+00
55 +1.426512084e+04 +1.426512084e+04 +1.421797084e+04 +1.421797084e+04 -2.4848e+00 -2.2896e+00 -4.8353e-01 +5.2057e-02 +2.1102e+00 -5.9781e-01 -2.1454e+00 -1.1610e+00 -1.4850e-01 +2.9484e-01
175 +9.629950222e+03 +9.629950222e+03 +9.582800222e+03 +9.582800222e+03 +2.6539e-01 -1.3387e+00 -1.7473e+00 -9.8864e-01 +6.9013e-01 -1.2046e+00 -8.6701e-01 +1.9725e-01 -1.0054e+00 -2.4970e+00
230 +4.712597511e+03 +4.712597511e+03 +4.665447511e+03 +4.665447511e+03 -1.0794e+00 -3.4458e+00 -1.7265e+00 -4.2635e+00 -3.8803e-01 -1.7096e-01 -2.1958e+00 -4.1701e+00 -3.3184e+00 -5.0000e+00
589 +2.937882335e+03 +2.937882335e+03 +2.890732335e+03 +2.890732335e+03 -1.9724e+00 -3.7025e+00 -2.7475e+00 -3.4212e+00 -9.2504e-01 +0.0000e+00 -3.6974e+00 -2.4447e+00 -1.4191e+00 -3.5814e+00
705 +1.977247318e+03 +1.977247318e+03 +1.930097318e+03 +1.930097318e+03 -8.7775e-01 -1.6841e+00 -3.8594e-01 -2.6863e+00 +6.8136e-01 +9.7977e-01 -1.6639e+00 -3.2045e+00 -2.2883e+00 -5.0000e+00
827 +1.068693621e+03 +1.068693621e+03 +1.021543621e+03 +1.021543621e+03 -2.6052e+00 +0.0000e+00 -6.4038e-01 -2.8667e+00 -7.8722e-01 -1.2052e-01 -3.3683e+00 -2.2106e+00 -1.3495e+00 -2.0968e+00
846 +7.256378243e+02 +7.256378243e+02 +6.784878243e+02 +6.784878243e+02 -3.4837e-01 -1.5253e+00 -1.7714e+00 -3.2766e+00 +2.8251e-01 +0.0000e+00 -1.4127e+00 -1.9350e+00 -3.3024e+00 -7.9085e-01
1256 +4.594572847e+02 +4.594572847e+02 +4.123072847e+02 +4.123072847e+02 -7.6175e-01 -1.5006e+00 -2.1117e+00 -2.9142e+00 -1.2535e+00 +9.5716e-02 -2.8924e+00 -2.8564e+00 -9.8768e-01 -2.6032e+00
1497 +2.265414848e+02 +2.265414848e+02 +1.793914848e+02 +1.793914848e+02 -1.0703e+00 -1.2952e+00 -2.3234e+00 -3.2061e+00 +2.1430e-01 +1.0839e+00 -2.8892e+00 -3.5119e+00 -1.5833e+00 -2.4717e+00
2647 +1.329155270e+02 +1.329155270e+02 +8.576552702e+01 +8.576552702e+01 -1.3323e+00 -2.1272e+00 -2.2692e+00 -4.0222e+00 +2.4238e-01 +1.1560e+00 -2.5044e+00 -2.9036e+00 -1.9894e+00 -3.4160e+00
2947 +8.183023924e+01 +8.183023924e+01 +3.468023924e+01 +3.468023924e+01 -1.2130e+00 -1.6652e+00 -2.2575e+00 -3.7415e+00 -1.2763e-01 +1.1983e+00 -2.2555e+00 -2.4166e+00 -1.7693e+00 -2.2930e+00
3044 +5.567070817e+01 +5.567070817e+01 +8.520708172e+00 +8.520708172e+00 -8.0184e-01 -1.4597e+00 -2.0717e+00 -3.6806e+00 -4.0367e-01 +7.8568e-01 -2.2975e+00 -3.0278e+00 -1.7572e+00 -2.5476e+00
3481 +3.419997094e+01 +3.419997094e+01 -1.295002906e+01 -1.295002906e+01 -7.7387e-01 -1.4612e+00 -2.1092e+00 -2.8548e+00 -3.0381e-01 +7.5969e-01 -2.3020e+00 -2.5558e+00 -1.8260e+00 -2.8904e+00
3607 +1.786981700e+01 +1.786981700e+01 -2.928018300e+01 -2.928018300e+01 -7.7735e-01 -1.4297e+00 -2.1638e+00 -3.1378e+00 -4.7659e-01 +6.2814e-01 -2.4055e+00 -2.6525e+00 -1.7498e+00 -2.9618e+00
3672 +1.374827561e+01 +1.374827561e+01 -3.340172439e+01 -3.340172439e+01 -6.5883e-01 -1.3300e+00 -2.0040e+00 -3.2519e+00 -2.1680e-01 +6.1139e-01 -2.3787e+00 -2.7235e+00 -1.8528e+00 -2.9168e+00
4347 +9.731296167e+00 +9.731296167e+00 -3.741870383e+01 -3.741870383e+01 -6.0587e-01 -1.2754e+00 -1.9472e+00 -3.1778e+00 -3.8798e-01 +5.7380e-01 -2.5345e+00 -2.6603e+00 -1.7663e+00 -2.9088e+00
% function evaluation | noise-free fitness - Fopt (3.752000000000e+01) | best noise-free fitness - Fopt | measured fitness | best measured fitness | x1 | x2...
1 +4.278851657e+05 +4.278851657e+05 +4.279226857e+05 +4.279226857e+05 +3.0809e-01 +3.3367e-01 -1.6050e+00 +4.1966e+00 +2.5619e+00 +3.4379e+00 -1.1897e+00 -3.5956e+00 -3.5842e+00 -4.5190e+00
3 +1.419670145e+05 +1.419670145e+05 +1.420045345e+05 +1.420045345e+05 +4.4364e+00 -4.9628e+00 -2.6470e+00 -1.9169e+00 +1.0462e+00 -2.3329e-01 +3.6392e+00 -2.8428e+00 -1.4107e+00 -4.8508e+00
5 +8.480848942e+04 +8.480848942e+04 +8.484600942e+04 +8.484600942e+04 +4.7287e+00 -4.0465e+00 -2.5838e+00 -7.7321e-01 -1.0286e-01 +1.7572e+00 -1.6814e+00 +4.4984e+00 -2.3893e+00 +3.9384e-02
14 +5.272902946e+04 +5.272902946e+04 +5.276654946e+04 +5.276654946e+04 -1.4293e+00 -6.6926e-01 +1.8371e+00 -4.4050e+00 -2.3722e+00 +4.1635e+00 +3.2258e+00 +2.4192e+00 +3.6547e+00 -2.7047e+00
25 +1.601803638e+04 +1.601803638e+04 +1.605555638e+04 +1.605555638e+04 +8.8971e-01 -4.5525e+00 +1.4091e+00 -1.4412e+00 +4.8656e+00 +3.5212e-01 -1.7335e+00 +4.0273e+00 +3.8408e+00 +4.1113e+00
96 +6.261823569e+03 +6.261823569e+03 +6.299343569e+03 +6.299343569e+03 +1.5871e+00 -2.5445e+00 +2.1427e-01 -2.6299e+00 -2.1389e-01 +2.4298e+00 +3.2306e+00 +1.2640e+00 -4.6870e-01 -1.6265e+00
589 +3.709914710e+03 +3.709914710e+03 +3.747434710e+03 +3.747434710e+03 +1.9182e+00 -2.3928e+00 +1.3630e+00 -3.1980e+00 +7.8216e-01 -8.3669e-01 +2.5963e+00 +1.7953e+00 -4.4709e-01 -2.0338e+00
622 +1.297699367e+03 +1.297699367e+03 +1.335219367e+03 +1.335219367e+03 +3.1642e-01 -2.6442e+00 +2.7558e+00 -2.6817e+00 +1.8988e+00 +0.0000e+00 +2.9780e+00 +2.4892e+00 -1.7295e-01 +0.0000e+00
1087 +6.371284268e+02 +6.371284268e+02 +6.746484268e+02 +6.746484268e+02 +1.1330e+00 -2.4855e+00 +1.3277e+00 -1.5366e+00 +1.9963e+00 +1.8925e-01 +2.6807e+00 +2.6117e+00 +1.6377e+00 +5.8327e-02
1636 +4.647131066e+02 +4.647131066e+02 +5.022331066e+02 +5.022331066e+02 +1.1361e+00 -2.5297e+00 +2.2856e+00 -2.1533e+00 +1.9467e+00 +3.9110e-01 +1.5881e+00 +2.0150e+00 +1.3088e+00 +6.3009e-01
1702 +3.455702358e+02 +3.455702358e+02 +3.830902358e+02 +3.830902358e+02 +9.4137e-01 -2.7938e+00 +2.2947e+00 -1.6953e+00 +3.0911e+00 +7.7675e-01 +1.7808e+00 +2.4850e+00 +2.3189e+00 -4.5342e-02
2341 +2.486834822e+02 +2.486834822e+02 +2.862034822e+02 +2.862034822e+02 +5.9767e-01 -2.2863e+00 +2.2714e+00 -2.7914e+00 +1.8768e+00 +4.3209e-01 +1.8912e+00 +2.6835e+00 +2.9349e+00 +6.9398e-01
2579 +1.370116418e+02 +1.370116418e+02 +1.745316418e+02 +1.745316418e+02 +9.9328e-01 -2.8656e+00 +2.4921e+00 -1.6637e+00 +2.6637e+00 +1.5232e+00 +2.1942e+00 +2.8415e+00 +2.7944e+00 +1.3342e+00
3022 +9.928900252e+01 +9.928900252e+01 +1.368090025e+02 +1.368090025e+02 +8.4899e-01 -2.7345e+00 +2.3806e+00 -2.0836e+00 +2.6155e+00 +1.7006e+00 +2.3465e+00 +2.9703e+00 +2.7864e+00 +6.8652e-01
3802 +4.589113130e+01 +4.589113130e+01 +8.341113130e+01 +8.341113130e+01 +6.5329e-01 -2.3029e+00 +2.6024e+00 -1.6232e+00 +2.7789e+00 +1.7464e+00 +2.2689e+00 +2.9892e+00 +2.5325e+00 +4.8138e-01
4039 +3.877028334e+01 +3.877028334e+01 +7.629028334e+01 +7.629028334e+01 +7.9980e-01 -2.2850e+00 +2.6098e+00 -1.6775e+00 +2.8188e+00 +1.7909e+00 +2.2714e+00 +2.9944e+00 +2.5873e+00 +4.9561e-01
4410 +2.484205612e+01 +2.484205612e+01 +6.236205612e+01 +6.236205612e+01 +5.0913e-01 -2.1336e+00 +2.6413e+00 -1.6887e+00 +2.9195e+00 +1.8611e+00 +2.2883e+00 +2.9364e+00 +2.5538e+00 +3.2520e-01
4956 +1.462482104e+01 +1.462482104e+01 +5.214482104e+01 +5.214482104e+01 +5.9907e-01 -2.0761e+00 +2.8104e+00 -1.5560e+00 +2.8870e+00 +1.8299e+00 +2.2441e+00 +2.9252e+00 +2.5140e+00 +2.9237e-01
% function evaluation | noise-free fitness - Fopt (-4.257500000000e+02) | best noise-free fitness - Fopt | measured fitness | best measured fitness | x1 | x2...
1 +3.111787203e+05 +3.111787203e+05 +3.107529703e+05 +3.107529703e+05 +2.3728e-01 -2.9716e+00 +3.7623e+00 -4.3619e+00 -3.3653e+00 -4.8909e+00 -2.8631e-01 -7.8115e-02 -1.7247e-01 +2.8255e-01
2 +7.103477340e+04 +7.103477340e+04 +7.060902340e+04 +7.060902340e+04 -2.7021e+00 -6.4198e-01 -2.3888e+00 -9.6278e-01 -2.0229e+00 +1.9467e+00 +2.7383e+00 -2.9232e+00 -2.7418e+00 -4.6121e+00
11 +5.274112569e+04 +5.274112569e+04 +5.231537569e+04 +5.231537569e+04 -3.2012e+00 -2.3804e+00 -2.9196e+00 +7.2725e-01 +1.9051e+00 -2.8088e+00 -2.6129e+00 -2.5135e+00 -3.7505e+00 -3.1821e+00
14 +1.093532938e+04 +1.093532938e+04 +1.050957938e+04 +1.050957938e+04 -7.0949e-01 +3.3455e+00 -2.9459e+00 -5.4932e-02 -7.9120e-03 -1.0347e+00 +9.6972e-01 -1.3409e+00 -5.1649e-01 +3.8175e+00
147 +8.000633915e+03 +8.000633915e+03 +7.574883915e+03 +7.574883915e+03 -2.3399e+00 +1.5140e+00 -1.1292e+00 -6.4919e-01 +3.7348e+00 -4.6328e-01 +1.9921e+00 -3.9899e+00 -1.5183e+00 +3.4626e+00
387 +3.517248707e+03 +3.517248707e+03 +3.091498707e+03 +3.091498707e+03 -2.8812e+00 +1.5467e+00 -1.6784e+00 -7.2708e-01 +5.6686e-01 -3.7030e+00 -1.3380e+00 -4.5192e+00 -5.0000e+00 +4.4506e+00
1068 +1.030035575e+03 +1.030035575e+03 +6.042855752e+02 +6.042855752e+02 -1.8513e+00 +2.0004e+00 -2.7165e+00 -3.2374e+00 +8.0217e-01 -2.2496e+00 +1.0971e+00 -4.5723e+00 -3.3698e+00 +5.1154e-01
1111 +8.035943310e+02 +8.035943310e+02 +3.778443310e+02 +3.778443310e+02 -1.8820e+00 +1.7479e+00 -2.2531e+00 -1.2798e+00 +6.8993e-01 -2.2571e+00 +9.8516e-01 -4.1229e+00 -2.1558e+00 -1.0175e+00
1226 +5.165665511e+02 +5.165665511e+02 +9.081655111e+01 +9.081655111e+01 -1.4962e+00 +1.6865e+00 -3.3056e+00 -1.4623e+00 +6.6910e-01 -2.2331e+00 +4.2528e-01 -3.7903e+00 -2.3641e+00 -1.9743e+00
1801 +1.629749817e+02 +1.629749817e+02 -2.627750183e+02 -2.627750183e+02 -2.8263e+00 +2.1881e+00 -2.9172e+00 -2.3223e+00 +9.1098e-01 -3.0464e+00 +5.0526e-01 -3.9418e+00 -3.1283e+00 -9.6107e-01
2388 +1.301234677e+02 +1.301234677e+02 -2.956265323e+02 -2.956265323e+02 -2.7364e+00 +1.6530e+00 -2.7973e+00 -2.3688e+00 +1.2796e+00 -3.0979e+00 +5.4141e-01 -4.0082e+00 -3.3535e+00 -1.2883e+00
2601 +7.901056231e+01 +7.901056231e+01 -3.467394377e+02 -3.467394377e+02 -1.5955e+00 +1.7981e+00 -2.7082e+00 -2.4372e+00 +1.2249e+00 -3.3581e+00 +4.6422e-01 -3.9987e+00 -2.6135e+00 -1.7841e+00
2805 +5.842236443e+01 +5.842236443e+01 -3.673276356e+02 -3.673276356e+02 -1.3737e+00 +2.4079e+00 -2.7025e+00 -2.4872e+00 +1.0836e+00 -3.3517e+00 +4.1451e-01 -4.1217e+00 -2.4291e+00 -1.9681e+00
3113 +3.393233909e+01 +3.393233909e+01 -3.918176609e+02 -3.918176609e+02 -2.1800e+00 +2.1443e+00 -2.9939e+00 -2.5439e+00 +1.1904e+00 -3.0923e+00 +9.1306e-04 -3.8900e+00 -2.4587e+00 -2.1287e+00
3427 +2.322879423e+01 +2.322879423e+01 -4.025212058e+02 -4.025212058e+02 -2.5731e+00 +1.9428e+00 -2.5958e+00 -2.7071e+00 +1.2069e+00 -3.0647e+00 +1.5335e-01 -4.0996e+00 -2.5698e+00 -1.9703e+00
3785 +1.440757107e+01 +1.440757107e+01 -4.113424289e+02 -4.113424289e+02 -1.9553e+00 +1.9307e+00 -2.6957e+00 -2.4007e+00 +1.2821e+00 -3.1578e+00 +1.1986e-01 -3.9475e+00 -2.7447e+00 -2.0881e+00
4194 +9.644043992e+00 +9.644043992e+00 -4.161059560e+02 -4.161059560e+02 -2.0138e+00 +1.9842e+00 -2.6203e+00 -2.4210e+00 +1.2784e+00 -3.1344e+00 +8.6872e-02 -3.9482e+00 -2.6200e+00 -2.1285e+00
% function evaluation | noise-free fitness - Fopt (-2.209000000000e+02) | best noise-free fitness - Fopt | measured fitness | best measured fitness | x1 | x2...
1 +3.942637981e+05 +3.942637981e+05 +3.940428981e+05 +3.940428981e+05 +7.9210e-01 +3.0692e+00 -3.4004e+00 -3.0919e+00 -4.8507e+00 -5.3427e-01 +3.8568e+00 -3.1469e+00 +6.5569e-01 +5.5593e-01
2 +9.999917915e+04 +9.999917915e+04 +9.977827915e+04 +9.977827915e+04 +2.7425e+00 +9.3902e-01 +1.9496e+00 +5.3518e-01 +3.0230e+00 -3.1344e+00 -1.7850e+00 +1.0791e-01 +1.9127e+00 -3.6189e+00
23 +6.274779247e+04 +6.274779247e+04 +6.252689247e+04 +6.252689247e+04 -8.4220e-01 +7.5912e-01 -1.2183e+00 -2.8120e+00 +3.8988e+00 +3.5610e-01 -3.7515e+00 -7.7312e-01 -1.9471e+00 -2.2123e+00
56 +2.988978465e+04 +2.988978465e+04 +2.966888465e+04 +2.966888465e+04 -1.1568e+00 +2.0222e+00 -2.5349e+00 +3.1145e+00 -1.6450e+00 -9.0641e-01 -4.5532e+00 +1.9174e+00 +1.1641e+00 -1.8927e+00
108 +1.727562759e+04 +1.727562759e+04 +1.705472759e+04 +1.705472759e+04 -2.1208e+00 -3.1092e+00 -1.6808e+00 -1.3370e+00 +4.3481e-01 +2.2482e-01 +5.8760e-01 -6.7365e-01 +2.1661e+00 -4.7583e+00
226 +5.415640934e+03 +5.415640934e+03 +5.194740934e+03 +5.194740934e+03 -2.1351e+00 -2.6094e+00 -2.0628e+00 -6.1295e-01 -7.3443e-01 -9.3918e-01 -2.6372e+00 +2.2566e+00 +7.5464e-01 -2.8300e+00
492 +3.800402768e+03 +3.800402768e+03 +3.579502768e+03 +3.579502768e+03 -1.2487e+00 -8.7460e-01 -4.0109e+00 +1.8807e-01 -3.1921e-01 +2.8465e+00 -6.6505e-01 +7.0117e-01 +0.0000e+00 -1.2348e+00
535 +2.426114428e+03 +2.426114428e+03 +2.205214428e+03 +2.205214428e+03 -1.0676e+00 -1.3721e+00 -1.8014e+00 +7.4485e-01 +1.9578e+00 -2.9479e-01 -5.4499e-01 +1.8867e+00 +1.0256e+00 -4.2121e-01
837 +1.565778600e+03 +1.565778600e+03 +1.344878600e+03 +1.344878600e+03 +4.4530e-01 -1.6718e+00 -1.2045e+00 +1.3213e+00 +1.2341e+00 +0.0000e+00 -1.0264e+00 +1.5971e+00 +1.3104e+00 -2.1330e+00
941 +9.907692766e+02 +9.907692766e+02 +7.698692766e+02 +7.698692766e+02 -2.0761e+00 -3.5759e-01 -2.1990e+00 -4.4583e-02 +1.1884e+00 +2.5700e-02 -2.1364e+00 +0.0000e+00 +3.5323e+00 +6.7628e-01
1534 +4.759041880e+02 +4.759041880e+02 +2.550041880e+02 +2.550041880e+02 -6.5140e-01 -8.5991e-01 -2.7429e+00 +2.5217e-01 +7.7889e-01 +1.6114e+00 -1.8105e+00 +2.5914e+00 +4.4248e+00 +3.4567e+00
2016 +2.276374273e+02 +2.276374273e+02 +6.737427285e+00 +6.737427285e+00 -1.3407e+00 -1.7712e+00 -3.0927e+00 +1.4939e+00 +8.7018e-01 +1.9975e+00 -7.5212e-01 +3.1889e+00 +4.4713e+00 +3.3594e+00
3140 +1.410239048e+02 +1.410239048e+02 -7.987609523e+01 -7.987609523e+01 -1.7680e+00 -8.0618e-01 -2.5856e+00 +1.2687e+00 +9.2692e-01 +1.9172e+00 -9.9994e-01 +3.2171e+00 +4.4865e+00 +3.4269e+00
3959 +9.712184171e+01 +9.712184171e+01 -1.237781583e+02 -1.237781583e+02 -1.6196e+00 -8.7588e-01 -2.4999e+00 +9.2771e-01 +1.0143e+00 +1.9351e+00 -8.5217e-01 +3.2970e+00 +4.4422e+00 +3.4295e+00
% function evaluation | noise-free fitness - Fopt (-3.594800000000e+02) | best noise-free fitness - Fopt | measured fitness | best measured fitness | x1 | x2...
1 +1.707322842e+05 +1.707322842e+05 +1.703728042e+05 +1.703728042e+05 -3.5895e+00 +1.9515e+00 -3.4942e+00 +9.1558e-01 -1.8510e+00 -2.2698e+00 -1.3552e+00 +3.3283e+00 +5.5702e-01 -3.4596e+00
5 +9.237258765e+04 +9.237258765e+04 +9.201310765e+04 +9.201310765e+04 -1.7492e+00 +1.3023e-01 +2.2487e+00 -1.2401e+00 -2.9676e+00 -1.9298e+00 -2.4825e+00 -3.5255e+00 +1.3680e+00 -3.1392e-01
17 +3.357670371e+04 +3.357670371e+04 +3.321722371e+04 +3.321722371e+04 -2.4374e+00 -1.4507e+00 +4.5912e+00 +9.0463e-01 +2.6051e+00 -3.0503e+00 -2.7170e+00 -1.0716e+00 +2.7085e+00 +4.5909e+00
218 +7.419240211e+03 +7.419240211e+03 +7.059760211e+03 +7.059760211e+03 -4.1363e+00 -2.2365e+00 +9.6503e-01 -3.7528e+00 -1.4728e-01 -2.7956e+00 -3.3406e-01 +1.0065e+00 +6.5980e-01 -4.5779e-01
495 +4.942556569e+03 +4.942556569e+03 +4.583076569e+03 +4.583076569e+03 -2.6620e+00 -1.9009e+00 +1.9566e+00 -8.3410e-01 -1.0818e-01 -8.0612e-01 -1.5875e+00 -3.4161e-01 +0.0000e+00 +2.5973e+00
618 +3.507856872e+03 +3.507856872e+03 +3.148376872e+03 +3.148376872e+03 -3.1769e+00 -3.0259e+00 +2.4252e+00 -2.2077e+00 -1.6338e-01 -1.5104e-01 -2.6657e+00 +0.0000e+00 +2.9147e-01 -6.9668e-01
1011 +1.704354848e+03 +1.704354848e+03 +1.344874848e+03 +1.344874848e+03 -4.8778e+00 -2.1275e+00 +1.8172e+00 -2.8127e+00 +2.8472e-01 +0.0000e+00 -1.1272e+00 +1.0217e+00 +1.8673e+00 -1.6290e+00
1282 +1.077504273e+03 +1.077504273e+03 +7.180242728e+02 +7.180242728e+02 -3.6001e+00 -2.5234e+00 +2.3938e+00 -2.2463e+00 -9.7569e-01 -2.2900e+00 -1.2999e+00 +2.2083e+00 +3.4201e+00 +1.5812e+00
1410 +9.122682518e+02 +9.122682518e+02 +5.527882518e+02 +5.527882518e+02 -3.8747e+00 -2.7577e+00 +1.8792e+00 +0.0000e+00 -1.0923e+00 -2.7516e+00 -1.6702e+00 +2.4843e+00 +2.5697e+00 +5.5414e-01
1554 +1.399244315e+02 +1.399244315e+02 -2.195555685e+02 -2.195555685e+02 -3.5364e+00 -2.8631e+00 +1.8494e+00 -9.1057e-01 -5.6172e-01 -1.8495e+00 -1.7666e+00 +2.2345e+00 +1.9768e+00 -3.1044e+00
2367 +9.240757223e+01 +9.240757223e+01 -2.670724278e+02 -2.670724278e+02 -3.9018e+00 -3.0281e+00 +1.7288e+00 -8.0573e-01 -4.0335e-01 -1.0679e+00 -1.7767e+00 +1.5400e+00 +1.3711e+00 -2.4626e+00
2871 +6.053070766e+01 +6.053070766e+01 -2.989492923e+02 -2.989492923e+02 -4.0786e+00 -3.3718e+00 +1.5299e+00 -7.4777e-01 -4.5927e-01 -2.0348e+00 -2.1209e+00 +1.7200e+00 +1.5894e+00 -2.8141e+00
2973 +3.203508520e+01 +3.203508520e+01 -3.274449148e+02 -3.274449148e+02 -4.0326e+00 -3.2763e+00 +1.4036e+00 -1.0987e+00 -1.0347e+00 -1.7634e+00 -2.4445e+00 +2.0186e+00 +1.5359e+00 -2.4463e+00
3103 +2.334080320e+01 +2.334080320e+01 -3.361391968e+02 -3.361391968e+02 -3.9484e+00 -3.4623e+00 +1.3562e+00 -1.0062e+00 -1.0277e+00 -1.8361e+00 -2.2952e+00 +1.8611e+00 +1.5467e+00 -2.4237e+00
3412 +1.433639651e+01 +1.433639651e+01 -3.451436035e+02 -3.451436035e+02 -3.7021e+00 -3.4148e+00 +1.3979e+00 -1.1173e+00 -9.8402e-01 -1.8162e+00 -2.2031e+00 +1.7041e+00 +1.6066e+00 -2.6197e+00
4176 +9.976107386e+00 +9.976107386e+00 -3.495038926e+02 -3.495038926e+02 -3.8006e+00 -3.4391e+00 +1.3891e+00 -1.1572e+00 -9.2592e-01 -1.7858e+00 -2.3930e+00 +1.7106e+00 +1.4653e+00 -2.5989e+00
% function evaluation | noise-free fitness - Fopt (2.748000000000e+01) | best noise-free fitness - Fopt | measured fitness | best measured fitness | x1 | x2...
1 +3.088260782e+05 +3.088260782e+05 +3.088535582e+05 +3.088535582e+05 -7.8412e-01 -2.1442e-01 +1.3692e+00 +3.7836e+00 -7.3529e-01 -2.2874e+00 -3.0269e-01 +1.9219e+00 +4.0672e+00 +1.6318e+00
2 +1.796852352e+05 +1.796852352e+05 +1.797127152e+05 +1.797127152e+05 -7.3427e-01 +4.1974e+00 +2.1739e+00 -3.9186e+00 -4.3291e+00 +8.7175e-02 -1.1231e+00 +4.5125e+00 -2.9721e+00 +2.5206e+00
4 +7.440605733e+04 +7.440605733e+04 +7.443353733e+04 +7.443353733e+04 -2.9216e+00 +4.3399e+00 -1.6731e+00 -5.0316e-02 +4.9801e+00 -3.3251e+00 +1.6144e+00 +2.9582e+00 -9.9977e-02 +7.4647e-01
10 +4.496201588e+04 +4.496201588e+04 +4.498949588e+04 +4.498949588e+04 +1.2839e-01 -3.1550e+00 +3.7029e+00 -2.2749e+00 +1.3171e+00 +3.1076e-01 +2.0264e+00 -3.1548e+00 +5.9793e-02 +4.6836e+00
26 +1.800419314e+04 +1.800419314e+04 +1.803167314e+04 +1.803167314e+04 +2.8925e+00 +3.1915e+00 +1.2717e+00 -2.8975e+00 +3.1700e+00 -2.6287e+00 -1.7847e+00 +1.3103e+00 -4.9419e+00 +2.2393e+00
198 +3.476940610e+03 +3.476940610e+03 +3.504420610e+03 +3.504420610e+03 +6.1751e-01 +2.8640e+00 +1.4011e+00 -3.1873e+00 +3.0945e+00 -9.7505e-01 +1.8947e+00 -1.9209e+00 -2.8299e+00 -3.6456e-01
602 +9.894681103e+02 +9.894681103e+02 +1.016948110e+03 +1.016948110e+03 +5.6526e-01 +2.0963e+00 +9.1706e-01 -2.5972e+00 +5.1857e-02 -9.5969e-01 +1.5425e+00 +0.0000e+00 -2.8104e+00 +2.4262e+00
1374 +4.182523033e+02 +4.182523033e+02 +4.457323033e+02 +4.457323033e+02 +4.4099e-01 +1.4090e+00 +1.4889e+00 -1.6056e+00 +9.4669e-01 -2.6926e+00 +1.2967e+00 -3.2548e-01 -2.0779e+00 +0.0000e+00
1622 +3.679994917e+02 +3.679994917e+02 +3.954794917e+02 +3.954794917e+02 +5.5472e-02 +2.0957e+00 +1.6974e+00 -1.1301e+00 +2.1073e+00 -2.0483e+00 +1.3531e+00 -4.5885e-01 -1.9759e+00 +7.4224e-01
1707 +2.452603138e+02 +2.452603138e+02 +2.727403138e+02 +2.727403138e+02 +1.0170e+00 +1.6735e+00 +7.0279e-01 -2.0834e+00 +6.3505e-01 -1.5219e+00 +1.7642e+00 +6.1954e-01 -1.6031e+00 +1.2155e+00
2295 +1.349668731e+02 +1.349668731e+02 +1.624468731e+02 +1.624468731e+02 +9.7025e-01 +1.1758e+00 +1.1701e+00 -1.7019e+00 +1.7250e+00 -2.5976e+00 +1.7482e+00 -1.6731e-01 -2.5024e+00 +9.9811e-01
2960 +8.296686569e+01 +8.296686569e+01 +1.104468657e+02 +1.104468657e+02 +9.4846e-01 +1.3803e+00 +1.2362e+00 -1.7473e+00 +1.6621e+00 -2.5561e+00 +1.6966e+00 +4.1111e-02 -2.0253e+00 +7.9106e-01
3090 +6.157314929e+01 +6.157314929e+01 +8.905314929e+01 +8.905314929e+01 +1.0077e+00 +1.4281e+00 +1.3026e+00 -1.8690e+00 +1.6114e+00 -2.1209e+00 +1.5152e+00 -2.4187e-01 -2.1487e+00 +6.2682e-01
3306 +3.853471654e+01 +3.853471654e+01 +6.601471654e+01 +6.601471654e+01 +1.0500e+00 +1.4190e+00 +1.1739e+00 -2.1204e+00 +1.5180e+00 -2.1867e+00 +1.3371e+00 -3.5250e-01 -1.9241e+00 +5.1283e-01
3614 +2.309110186e+01 +2.309110186e+01 +5.057110186e+01 +5.057110186e+01 +8.2469e-01 +1.8253e+00 +1.2077e+00 -2.2634e+00 +1.6749e+00 -2.4711e+00 +1.4621e+00 -2.9730e-01 -1.8466e+00 +4.1598e-01
4066 +1.414348364e+01 +1.414348364e+01 +4.162348364e+01 +4.162348364e+01 +8.1596e-01 +1.6904e+00 +1.1442e+00 -2.1236e+00 +1.6704e+00 -2.3737e+00 +1.4587e+00 -2.6940e-01 -1.8673e+00 +5.6691e-01
4602 +9.907553629e+00 +9.907553629e+00 +3.738755363e+01 +3.738755363e+01 +7.9344e-01 +1.7606e+00 +1.1906e+00 -2.0976e+00 +1.7010e+00 -2.3566e+00 +1.3282e+00 -2.5605e-01 -1.9594e+00 +5.8692e-01
% function evaluation | noise-free fitness - Fopt (3.609000000000e+01) | best noise-free fitness - Fopt | measured fitness | best measured fitness | x1 | x2...
1 +3.858244204e+05 +3.858244204e+05 +3.858605104e+05 +3.858605104e+05 +2.5339e+00 +3.9723e-01 +3.3583e+00 -2.1878e+00 -4.9593e+00 -3.6252e+00 +1.0829e+00 -1.4032e+00 -1.6785e+00 -1.5202e-01
3 +2.411297296e+05 +2.411297296e+05 +2.411658196e+05 +2.411658196e+05 +7.0553e-01 -3.7612e+00 +2.8732e+00 +1.1752e+00 +4.7344e+00 -6.1024e-01 -1.8643e+00 +2.0562e+00 +2.5920e-01 -1.0936e+00
6 +3.678207434e+04 +3.678207434e+04 +3.681816434e+04 +3.681816434e+04 -3.4019e+00 +1.9662e+00 -2.7540e+00 -4.1227e-01 -1.8033e+00 -4.3817e-01 -7.9808e-02 -4.3680e-02 -3.7540e+00 -3.4687e+00
47 +8.851599254e+03 +8.851599254e+03 +8.887689254e+03 +8.887689254e+03 +9.0954e-02 -2.0182e-01 -3.6235e+00 +2.2354e+00 -1.9335e+00 +3.3221e-01 -1.6357e+00 -4.0721e+00 -4.4819e+00 +2.6565e+00
333 +2.501059158e+03 +2.501059158e+03 +2.537149158e+03 +2.537149158e+03 -2.2030e+00 +1.0290e+00 -1.3277e+00 +2.4462e+00 -3.9274e-01 +2.0518e+00 -1.3553e+00 -4.4088e+00 -2.7319e+00 +1.2690e+00
955 +1.447430876e+03 +1.447430876e+03 +1.483520876e+03 +1.483520876e+03 +0.0000e+00 +3.8489e-01 -1.0848e+00 +2.9685e+00 -8.8353e-02 +1.8878e+00 -2.4050e+00 -4.2119e+00 -2.9468e+00 +8.4772e-01
1797 +7.577842458e+02 +7.577842458e+02 +7.938742458e+02 +7.938742458e+02 -8.5359e-01 +7.0949e-01 -2.5187e+00 +2.0076e-01 +1.4855e+00 +1.3388e+00 -3.8703e+00 -4.0075e+00 -1.6596e+00 +4.6726e+00
1901 +4.374843908e+02 +4.374843908e+02 +4.735743908e+02 +4.735743908e+02 -1.2118e+00 +8.0643e-01 -2.6892e+00 +1.7570e+00 +8.3377e-01 +2.0690e-01 -2.4645e+00 -3.8182e+00 -1.7716e+00 +3.8959e+00
2021 +3.332284641e+02 +3.332284641e+02 +3.693184641e+02 +3.693184641e+02 -7.6278e-01 +7.5877e-01 -2.8123e+00 +1.5376e+00 +8.2405e-01 +6.4062e-01 -2.4444e+00 -3.8830e+00 -3.8108e+00 +3.1346e+00
2293 +2.413551130e+02 +2.413551130e+02 +2.774451130e+02 +2.774451130e+02 -3.3571e-01 +7.6317e-01 -2.9340e+00 +1.3361e+00 +5.8422e-01 +5.7848e-01 -3.4727e+00 -3.8905e+00 -3.5433e+00 +1.2935e+00
2735 +7.901363088e+01 +7.901363088e+01 +1.151036309e+02 +1.151036309e+02 -1.1348e+00 +1.1911e+00 -2.0967e+00 +1.0410e+00 +9.0890e-01 +6.1496e-01 -2.8025e+00 -3.5373e+00 -3.4327e+00 +1.5274e+00
3066 +6.027242819e+01 +6.027242819e+01 +9.636242819e+01 +9.636242819e+01 -1.3424e+00 +1.2966e+00 -2.2985e+00 +1.4857e+00 +8.2421e-01 +6.3753e-01 -2.7652e+00 -3.6150e+00 -3.2584e+00 +1.4994e+00
3202 +3.966428117e+01 +3.966428117e+01 +7.575428117e+01 +7.575428117e+01 -8.8248e-01 +7.5931e-01 -2.5833e+00 +1.6318e+00 +7.2069e-01 +8.9544e-01 -2.8776e+00 -3.5655e+00 -3.2247e+00 +1.2201e+00
3602 +2.371034832e+01 +2.371034832e+01 +5.980034832e+01 +5.980034832e+01 -9.5139e-01 +9.0452e-01 -2.3911e+00 +1.3802e+00 +6.2238e-01 +1.1946e+00 -2.9842e+00 -3.5993e+00 -3.0833e+00 +1.5243e+00
3864 +1.388524286e+01 +1.388524286e+01 +4.997524286e+01 +4.997524286e+01 -1.0051e+00 +9.4817e-01 -2.2328e+00 +1.3855e+00 +8.3773e-01 +1.2707e+00 -3.0013e+00 -3.5721e+00 -3.3751e+00 +1.4650e+00
4826 +9.950247021e+00 +9.950247021e+00 +4.604024702e+01 +4.604024702e+01 -1.0807e+00 +9.8653e-01 -2.2874e+00 +1.4793e+00 +7.8632e-01 +1.2219e+00 -2.9329e+00 -3.5334e+00 -3.4071e+00 +1.4997e+00
% function evaluation | noise-free fitness - Fopt (-5.791000000000e+01) | best noise-free fitness - Fopt | measured fitness | best measured fitness | x1 | x2...
1 +4.849161535e+05 +4.849161535e+05 +4.848582435e+05 +4.848582435e+05 +4.4045e+00 +7.1667e-01 -1.7859e+00 -4.7604e+00 -2.7865e+00 -3.3609e+00 +3.2834e+00 +3.9927e+00 -1.5638e+00 -1.4359e+00
2 +9.312142884e+04 +9.312142884e+04 +9.306351884e+04 +9.306351884e+04 -3.9455e+00 +1.6540e+00 +1.6700e+00 +1.2329e+00 -1.6525e+00 -1.7191e-01 -3.1618e+00 -1.2924e+00 -9.4591e-01 -7.2325e-01
10 +5.500918771e+04 +5.500918771e+04 +5.495127771e+04 +5.495127771e+04 -5.9861e-01 +3.4112e+00 +2.0028e+00 +2.1068e+00 -1.1805e+00 +2.0310e+00 -1.2368e+00 -4.7901e+00 +4.0168e-01 +2.5653e+00
11 +3.500194407e+04 +3.500194407e+04 +3.494403407e+04 +3.494403407e+04 +3.7553e+00 +3.8199e-01 +2.1831e+00 -8.4968e-01 +3.3438e+00 -6.1084e-01 -4.2577e+00 +2.1342e-01 -1.9219e+00 -1.4246e-01
13 +2.179181217e+04 +2.179181217e+04 +2.173390217e+04 +2.173390217e+04 -4.0915e-01 +3.2772e+00 -2.3291e+00 -9.9665e-01 +1.2864e+00 -7.6336e-01 +7.9698e-01 -1.4463e+00 -4.2303e+00 -2.8911e+00
107 +1.001316976e+04 +1.001316976e+04 +9.955259765e+03 +9.955259765e+03 -5.5834e-01 -4.0403e-01 +2.1026e+00 +3.1003e+00 +6.1221e-01 -2.0337e+00 +6.1997e-01 -3.2839e+00 -1.4547e+00 +3.0638e+00
317 +9.540777808e+03 +9.540777808e+03 +9.482867808e+03 +9.482867808e+03 +2.4513e+00 +1.3386e+00 -1.8241e+00 +7.2975e-01 +6.9271e-02 -4.5100e+00 -3.3409e-01 -4.7134e+00 -1.1804e+00 +5.0000e+00
408 +6.288692683e+03 +6.288692683e+03 +6.230782683e+03 +6.230782683e+03 +2.6067e+00 +1.1982e+00 -2.3559e-02 +2.5313e+00 +2.6668e+00 -4.7003e+00 +3.6522e-01 -1.5156e+00 -3.8213e+00 +4.1918e+00
458 +3.514466636e+03 +3.514466636e+03 +3.456556636e+03 +3.456556636e+03 +1.1130e+00 +7.5690e-01 +0.0000e+00 +1.0645e+00 +1.9969e-02 -4.2834e+00 +2.4698e-01 -2.1245e+00 -1.5549e-01 +5.0000e+00
923 +1.648465384e+03 +1.648465384e+03 +1.590555384e+03 +1.590555384e+03 +2.1016e+00 +1.9175e+00 +2.7311e-01 +1.9207e+00 +1.7172e+00 -3.5299e+00 -1.4990e-01 -2.3114e+00 +2.1532e-01 +5.0000e+00
1032 +1.371326290e+03 +1.371326290e+03 +1.313416290e+03 +1.313416290e+03 +1.8520e-01 +2.0777e+00 +1.7441e+00 +1.4857e+00 +1.0900e+00 -2.8799e+00 -1.5836e+00 -2.5237e+00 +1.0745e+00 +4.8321e+00
1713 +8.416320320e+02 +8.416320320e+02 +7.837220320e+02 +7.837220320e+02 +1.2881e+00 +1.9466e+00 +1.0120e+00 +5.9389e-01 +1.5532e+00 -1.8968e+00 -1.0920e+00 -2.5485e+00 +8.5633e-01 +4.9912e+00
1983 +4.734519802e+02 +4.734519802e+02 +4.155419802e+02 +4.155419802e+02 +1.5240e+00 +2.6256e+00 +1.1360e+00 +1.7722e+00 +1.3981e+00 -2.3445e+00 -1.6868e+00 -2.1554e+00 +8.2219e-01 +4.9895e+00
2232 +3.306984399e+02 +3.306984399e+02 +2.727884399e+02 +2.727884399e+02 +1.8939e+00 +1.9338e+00 +6.8911e-01 +1.3263e+00 +4.8276e-01 -2.5645e+00 -1.6737e+00 -1.6367e+00 +1.1282e+00 +4.9239e+00
3095 +2.446669021e+02 +2.446669021e+02 +1.867569021e+02 +1.867569021e+02 +1.7314e+00 +1.9921e+00 +2.7774e-01 +1.3346e+00 +1.0230e+00 -2.9812e+00 -1.6753e+00 -1.6901e+00 +1.0832e+00 +4.9761e+00
3831 +1.581380645e+02 +1.581380645e+02 +1.002280645e+02 +1.002280645e+02 +1.7577e+00 +1.9014e+00 +2.8735e-01 +1.1171e+00 +8.5124e-01 -2.7599e+00 -2.2809e+00 -1.6489e+00 +1.0204e+00 +5.0000e+00
% function evaluation | noise-free fitness - Fopt (-3.349100000000e+02) | best noise-free fitness - Fopt | measured fitness | best measured fitness | x1 | x2...
1 +2.337094688e+05 +2.337094688e+05 +2.333745588e+05 +2.333745588e+05 -4.0615e+00 +4.7164e+00 +1.3420e+00 -3.8506e+00 +1.2902e+00 -4.2745e+00 +4.9545e-01 -7.4123e-02 -3.1561e+00 +2.5981e+00
6 +9.750205931e+04 +9.750205931e+04 +9.716714931e+04 +9.716714931e+04 -5.2375e-01 +7.8763e-01 +1.5384e+00 -2.5462e+00 -1.8634e+00 -3.2185e+00 -2.2573e+00 -4.1310e-02 +1.9345e+00 -1.0227e+00
12 +5.943606100e+04 +5.943606100e+04 +5.910115100e+04 +5.910115100e+04 -3.1788e+00 -4.6280e+00 +1.9679e+00 -1.9968e+00 +4.1406e+00 +1.3328e+00 -1.2066e+00 +4.1957e-01 -1.1173e+00 -3.0109e+00
76 +2.057891211e+04 +2.057891211e+04 +2.024400211e+04 +2.024400211e+04 -9.8331e-01 -1.6209e+00 -1.9211e-01 -3.8436e-01 +1.5833e+00 -2.3560e+00 -1.9338e+00 +2.2959e+00 -4.8572e+00 -1.3170e+00
206 +1.258699828e+04 +1.258699828e+04 +1.225208828e+04 +1.225208828e+04 +1.3771e-01 +1.7353e+00 +1.1055e-01 +1.5761e+00 +6.1226e-01 -1.6663e+00 -1.6436e+00 +4.4662e-01 -2.9970e+00 -2.4827e-02
296 +4.337669447e+03 +4.337669447e+03 +4.002759447e+03 +4.002759447e+03 -1.7337e+00 -7.3991e-02 -1.0127e+00 +9.7900e-01 -5.9997e-02 +1.1756e+00 -2.0695e-01 +2.2797e+00 -8.0562e-01 -1.3697e+00
601 +1.329295899e+03 +1.329295899e+03 +9.943858994e+02 +9.943858994e+02 -1.7674e+00 -2.2486e-03 +9.6791e-01 +2.8287e-03 +6.2109e-01 +0.0000e+00 +4.9047e-01 +0.0000e+00 -2.8074e+00 +0.0000e+00
1122 +9.566229632e+02 +9.566229632e+02 +6.217129632e+02 +6.217129632e+02 -1.2818e+00 +4.7289e-02 +5.1574e-01 +3.2746e-01 -1.9777e-01 -3.3687e-01 +8.5949e-01 +1.0217e+00 -1.6082e+00 +2.2405e-02
1692 +5.351143502e+02 +5.351143502e+02 +2.002043502e+02 +2.002043502e+02 -3.4929e+00 -1.4501e+00 +3.7398e-01 +7.6664e-01 -2.9677e-01 -6.8736e-02 +9.6055e-01 +2.7481e-01 -2.3319e+00 +1.3301e-01
2267 +3.182490477e+02 +3.182490477e+02 -1.666095227e+01 -1.666095227e+01 -2.6692e+00 -1.9701e+00 +6.9584e-01 +1.0189e+00 +1.4228e-01 +7.0509e-01 +8.0906e-01 +6.8768e-01 -2.0115e+00 +1.1047e+00
2398 +2.269561650e+02 +2.269561650e+02 -1.079538350e+02 -1.079538350e+02 -2.2198e+00 -5.9795e-01 +5.4782e-01 +2.0831e+00 +5.1561e-01 -4.8594e-01 +8.6166e-01 +8.6037e-01 -1.5289e+00 +9.8896e-01
2515 +1.502883673e+02 +1.502883673e+02 -1.846216327e+02 -1.846216327e+02 -2.3429e+00 -1.0444e+00 -3.3575e-01 +2.2014e+00 +7.1222e-01 +5.5169e-03 +6.1081e-01 +8.5398e-01 -2.1419e+00 +9.7760e-01
3099 +7.908930078e+01 +7.908930078e+01 -2.558206992e+02 -2.558206992e+02 -2.4328e+00 -1.1928e+00 +1.2685e-02 +1.7599e+00 -2.9974e-01 +3.7976e-01 +6.5365e-01 +9.6002e-01 -1.8005e+00 +1.2286e+00
3285 +5.123200473e+01 +5.123200473e+01 -2.836779953e+02 -2.836779953e+02 -2.3267e+00 -1.2273e+00 -9.5675e-02 +1.6451e+00 -2.2595e-01 -2.0491e-02 +5.1019e-01 +9.8838e-01 -1.7833e+00 +7.7383e-01
3809 +3.869288550e+01 +3.869288550e+01 -2.962171145e+02 -2.962171145e+02 -2.1883e+00 -9.0454e-01 -2.1152e-02 +1.6745e+00 -2.0942e-01 -9.0245e-02 +4.4831e-01 +6.3014e-01 -2.0096e+00 +8.5496e-01
4404 +2.369417291e+01 +2.369417291e+01 -3.112158271e+02 -3.112158271e+02 -2.3200e+00 -1.1346e+00 +2.5850e-02 +1.8241e+00 -3.2531e-01 -3.6148e-01 -1.9355e-01 +6.1903e-01 -1.9313e+00 +8.2195e-01
4650 +1.550064605e+01 +1.550064605e+01 -3.194093540e+02 -3.194093540e+02 -2.2020e+00 -1.0547e+00 -2.0005e-02 +1.7551e+00 -2.6681e-01 -2.7133e-01 -9.2539e-02 +5.0032e-01 -2.0368e+00 +8.1759e-01
% function evaluation | noise-free fitness - Fopt (-4.670000000000e+01) | best noise-free fitness - Fopt | measured fitness | best measured fitness | x1 | x2...
1 +2.633630775e+05 +2.633630775e+05 +2.633163775e+05 +2.633163775e+05 +1.3366e+00 -4.2231e+00 +1.7492e+00 +2.4645e+00 -1.1459e+00 -4.1497e+00 -4.3382e+00 +2.6352e+00 +4.1469e+00 -3.2813e+00
2 +9.525224899e+04 +9.525224899e+04 +9.520554899e+04 +9.520554899e+04 +1.8753e+00 -2.4187e+00 -2.1081e+00 -2.3932e+00 -1.0451e+00 +4.9466e-01 -3.8136e+00 +3.1085e-01 +4.6743e+00 -2.4728e+00
39 +6.225058216e+04 +6.225058216e+04 +6.220388216e+04 +6.220388216e+04 +2.9681e-01 -3.5914e+00 -4.9926e+00 +1.2050e-01 +2.5337e+00 -1.0687e+00 +1.9479e+00 +3.5724e-01 -2.1387e+00 +3.2481e+00
91 +1.455351692e+04 +1.455351692e+04 +1.450681692e+04 +1.450681692e+04 +2.3488e+00 +2.3015e+00 -3.9625e+00 -4.8874e+00 +1.1660e+00 -2.5705e+00 -8.6783e-01 -2.0999e+00 +7.3582e-03 -3.0126e+00
627 +5.406170916e+03 +5.406170916e+03 +5.359470916e+03 +5.359470916e+03 +1.2756e+00 +0.0000e+00 -4.4480e+00 -3.1318e+00 -4.2039e-01 -3.3942e+00 +1.8889e-01 +6.1135e-01 -9.6452e-02 -1.0675e+00
732 +3.659843522e+03 +3.659843522e+03 +3.613143522e+03 +3.613143522e+03 +0.0000e+00 +0.0000e+00 -1.2585e+00 -1.1252e+00 -1.8466e-01 -2.4063e+00 -1.9916e+00 -1.6254e+00 -1.9258e-01 +1.8440e+00
766 +1.934452621e+03 +1.934452621e+03 +1.887752621e+03 +1.887752621e+03 -3.6253e-01 +1.1278e+00 -2.6580e+00 -3.2456e+00 -5.6142e-02 -3.2123e+00 -1.5810e+00 -3.0852e+00 +1.2375e+00 +0.0000e+00
1069 +1.028168735e+03 +1.028168735e+03 +9.814687347e+02 +9.814687347e+02 +4.9020e-01 +1.3187e+00 -2.9920e+00 -3.1687e+00 -5.2818e-01 -4.2092e+00 -9.7179e-01 -1.9167e+00 +5.9908e-02 +1.0614e+00
1322 +2.796002066e+02 +2.796002066e+02 +2.329002066e+02 +2.329002066e+02 -1.7867e+00 +1.0224e+00 -2.9328e+00 -3.3760e+00 -9.1650e-01 -2.3301e+00 -1.3842e+00 -1.6841e+00 -6.7649e-01 +1.4479e+00
2080 +2.510046199e+02 +2.510046199e+02 +2.043046199e+02 +2.043046199e+02 -1.4791e+00 +6.4605e-02 -3.1954e+00 -2.9568e+00 -9.8166e-01 -2.6984e+00 -1.9583e-01 -1.4146e+00 -5.9289e-01 +7.3051e-01
2347 +1.372490510e+02 +1.372490510e+02 +9.054905100e+01 +9.054905100e+01 -3.7916e-01 -2.3646e-01 -3.0484e+00 -3.4609e+00 -1.2118e+00 -3.0479e+00 -1.3941e+00 -1.5283e+00 -4.9913e-01 +1.2301e+00
2634 +4.941195053e+01 +4.941195053e+01 +2.711950525e+00 +2.711950525e+00 -4.7705e-01 +8.4248e-02 -3.3265e+00 -3.4605e+00 -1.6201e+00 -2.8281e+00 -1.0207e+00 -1.3007e+00 +3.0235e-01 +1.4628e+00
3249 +2.928955701e+01 +2.928955701e+01 -1.741044299e+01 -1.741044299e+01 -5.1369e-01 -1.1484e-01 -3.4524e+00 -3.5647e+00 -1.5200e+00 -2.9653e+00 -6.6650e-01 -1.2296e+00 +4.4050e-01 +1.0725e+00
3442 +2.358250201e+01 +2.358250201e+01 -2.311749799e+01 -2.311749799e+01 -2.6267e-01 +2.9508e-01 -3.1535e+00 -3.5928e+00 -1.4999e+00 -2.6741e+00 -5.2424e-01 -1.4900e+00 +2.4306e-01 +9.4196e-01
3930 +1.398674832e+01 +1.398674832e+01 -3.271325168e+01 -3.271325168e+01 -4.5901e-01 +2.1126e-01 -3.4259e+00 -3.5387e+00 -1.4978e+00 -2.8812e+00 -7.7309e-01 -1.5122e+00 +1.1921e-01 +1.0955e+00
4224 +9.300770336e+00 +9.300770336e+00 -3.739922966e+01 -3.739922966e+01 -3.7996e-01 +2.2231e-01 -3.3492e+00 -3.5750e+00 -1.5114e+00 -2.9534e+00 -7.9700e-01 -1.5468e+00 +1.6764e-01 +9.6811e-01
% function evaluation | noise-free fitness - Fopt (-9.308000000000e+01) | best noise-free fitness - Fopt | measured fitness | best measured fitness | x1 | x2...
1 +1.930836625e+05 +1.930836625e+05 +1.929905825e+05 +1.929905825e+05 -2.1352e+00 -9.5172e-01 -1.0373e+00 +7.0200e-01 +3.8928e+00 -1.9978e-01 +4.6648e+00 -1.5707e+00 -3.9928e-01 -1.5771e+00
4 +5.329719872e+04 +5.329719872e+04 +5.320411872e+04 +5.320411872e+04 -1.8876e+00 +1.5721e+00 +1.4182e+00 +2.2091e+00 -4.2726e+00 -4.6126e+00 +2.2605e+00 +4.8456e-01 -1.8667e+00 +3.0928e+00
50 +2.261917332e+04 +2.261917332e+04 +2.252609332e+04 +2.252609332e+04 -2.6307e+00 -2.9497e+00 -1.3720e+00 +3.2851e+00 -8.8689e-01 -4.5704e+00 -1.3700e+00 +3.0756e+00 +1.4644e+00 -9.2286e-02
204 +1.458013939e+04 +1.458013939e+04 +1.448705939e+04 +1.448705939e+04 -3.9374e+00 -3.4279e+00 -2.3428e-01 +2.0148e+00 -5.0000e+00 -1.3393e+00 +9.3123e-01 -1.1739e+00 -4.3640e+00 +5.0000e+00
313 +6.439637237e+03 +6.439637237e+03 +6.346557237e+03 +6.346557237e+03 -2.0541e+00 -2.7242e+00 +2.0395e-01 +9.5823e-01 -4.0797e+00 -3.1103e+00 +1.0041e+00 +3.9285e-01 -1.4245e+00 -3.9759e+00
484 +4.346543490e+03 +4.346543490e+03 +4.253463490e+03 +4.253463490e+03 -1.8094e+00 -5.0000e+00 +5.4130e-02 +0.0000e+00 -9.9958e-01 -4.0105e+00 -4.5721e-01 +7.0691e-01 -1.8091e+00 -3.5056e+00
519 +2.029935824e+03 +2.029935824e+03 +1.936855824e+03 +1.936855824e+03 -1.5390e+00 -3.7979e+00 -1.6535e+00 +1.9481e+00 -1.2298e+00 -1.3309e+00 +7.2198e-01 -6.3903e-01 -1.4380e+00 +3.1850e-01
790 +1.549085822e+03 +1.549085822e+03 +1.456005822e+03 +1.456005822e+03 -2.6716e+00 -3.1652e+00 -1.7907e+00 +1.0747e+00 +0.0000e+00 -2.4014e+00 -8.2456e-01 -2.1776e+00 +0.0000e+00 -1.0243e+00
1262 +9.423734137e+02 +9.423734137e+02 +8.492934137e+02 +8.492934137e+02 -2.8475e+00 -3.1699e+00 -1.3738e+00 +8.7008e-01 -1.1949e+00 -3.3635e+00 -5.0527e-01 -1.7742e+00 -1.4020e+00 -5.2591e-01
1436 +5.900890781e+02 +5.900890781e+02 +4.970090781e+02 +4.970090781e+02 -1.7131e+00 -3.5240e+00 -1.0720e+00 +9.6843e-02 -2.4666e+00 -1.4249e+00 -5.4384e-01 -1.0963e+00 -1.5314e+00 -2.5039e+00
2045 +3.699507232e+02 +3.699507232e+02 +2.768707232e+02 +2.768707232e+02 -1.7402e+00 -3.1960e+00 -1.1143e+00 +1.3612e-01 -1.3273e+00 -1.6720e+00 -1.1032e+00 -3.3068e-01 -6.8217e-01 -1.5964e+00
2470 +2.169274865e+02 +2.169274865e+02 +1.238474865e+02 +1.238474865e+02 -2.0132e+00 -3.2383e+00 -6.7875e-01 +1.2518e+00 -1.6334e+00 -1.6650e+00 +1.1632e-01 +5.4576e-02 -8.3418e-01 -1.6412e+00
2711 +1.181353153e+02 +1.181353153e+02 +2.505531533e+01 +2.505531533e+01 -1.8125e+00 -2.7704e+00 -7.4159e-01 +1.8556e+00 -1.0168e+00 -1.7048e+00 -6.3514e-01 -8.0925e-01 -1.2799e+00 -2.4524e+00
2802 +8.888312739e+01 +8.888312739e+01 -4.196872607e+00 -4.196872607e+00 -2.6864e+00 -2.5215e+00 -7.9146e-01 +1.4529e+00 -8.8275e-01 -1.8753e+00 -5.2150e-01 -5.1888e-01 -1.4082e+00 -2.4914e+00
3373 +5.603261702e+01 +5.603261702e+01 -3.704738298e+01 -3.704738298e+01 -2.9123e+00 -2.3227e+00 -9.3981e-01 +1.2922e+00 -1.2675e+00 -1.9735e+00 -3.2065e-01 -2.2063e-01 -1.3405e+00 -2.4028e+00
3667 +3.622665793e+01 +3.622665793e+01 -5.685334207e+01 -5.685334207e+01 -2.9338e+00 -2.0904e+00 -8.2581e-01 +1.4498e+00 -1.4211e+00 -2.1747e+00 -5.1846e-01 -4.1006e-01 -1.3389e+00 -2.2933e+00
3812 +2.110632761e+01 +2.110632761e+01 -7.197367239e+01 -7.197367239e+01 -3.0836e+00 -2.0378e+00 -9.0297e-01 +1.5784e+00 -1.2742e+00 -2.3662e+00 -6.2508e-01 -6.2761e-01 -1.4477e+00 -2.5079e+00
4232 +1.182352415e+01 +1.182352415e+01 -8.125647585e+01 -8.125647585e+01 -3.1183e+00 -2.0495e+00 -8.6717e-01 +1.4478e+00 -1.4548e+00 -2.4777e+00 -7.3855e-01 -6.7230e-01 -1.3921e+00 -2.5298e+00
4803 +9.453943817e+00 +9.453943817e+00 -8.362605618e+01 -8.362605618e+01 -3.1034e+00 -2.0137e+00 -8.5144e-01 +1.4139e+00 -1.5137e+00 -2.4921e+00 -8.0299e-01 -6.4743e-01 -1.3167e+00 -2.5469e+00
% function evaluation | noise-free fitness - Fopt (4.168000000000e+01) | best noise-free fitness - Fopt | measured fitness | best measured fitness | x1 | x2...
1 +5.450307972e+04 +5.450307972e+04 +5.454475972e+04 +5.454475972e+04 -4.1107e+00 -7.4033e-01 -1.3410e+00 +1.8627e+00 -3.8258e+00 +3.2424e-01 +2.3460e+00 -2.8241e+00 -2.0049e+00 -4.4003e-01
34 +1.646928829e+04 +1.646928829e+04 +1.651096829e+04 +1.651096829e+04 +5.3505e-01 -4.1868e+00 +2.8721e+00 -3.9566e-01 -4.9809e+00 +7.2609e-01 +2.2032e+00 -2.5197e+00 -4.5186e+00 -1.6572e+00
219 +1.383001603e+04 +1.383001603e+04 +1.387169603e+04 +1.387169603e+04 +5.4418e-01 -4.1072e+00 +1.0697e+00 +8.3493e-01 -2.0555e+00 -2.4521e+00 +4.2266e+00 -3.0734e-01 -4.2301e+00 -2.6156e+00
264 +9.291238525e+03 +9.291238525e+03 +9.332918525e+03 +9.332918525e+03 +2.7883e+00 -6.1500e-01 +1.8398e+00 +2.0809e+00 -3.0716e+00 -1.4847e+00 -1.5642e+00 -1.4514e+00 -5.0000e+00 +1.6026e+00
570 +5.363701355e+03 +5.363701355e+03 +5.405381355e+03 +5.405381355e+03 +2.4242e+00 -1.6954e+00 +9.3484e-01 +5.1622e-01 -1.8342e+00 +6.4516e-02 -1.5932e+00 -8.5258e-01 -3.6280e+00 -2.1990e+00
671 +3.041498631e+03 +3.041498631e+03 +3.083178631e+03 +3.083178631e+03 +3.1717e-01 -7.7099e-01 +4.1186e-01 +0.0000e+00 -1.5417e+00 -1.7192e+00 +0.0000e+00 +0.0000e+00 -4.2040e+00 +2.6446e+00
681 +1.922237352e+03 +1.922237352e+03 +1.963917352e+03 +1.963917352e+03 +6.2040e-01 -1.8318e+00 -3.1599e-01 +1.1015e+00 -1.9795e+00 -2.8877e+00 +2.6846e+00 -5.6471e-01 -3.9113e+00 -1.1912e+00
701 +7.295880451e+02 +7.295880451e+02 +7.712680451e+02 +7.712680451e+02 -1.5561e-01 -2.9318e+00 +0.0000e+00 +1.2855e+00 -1.0077e+00 -3.7343e-01 -4.9912e-02 -3.0573e-01 -2.2392e+00 +1.6558e+00
1253 +6.236035143e+02 +6.236035143e+02 +6.652835143e+02 +6.652835143e+02 +1.0044e+00 -1.9937e+00 +2.2215e-01 +1.2677e+00 -1.0900e+00 -3.8779e-01 +2.8454e-01 -2.8070e-01 -2.4258e+00 +1.6425e+00
2028 +2.440113923e+02 +2.440113923e+02 +2.856913923e+02 +2.856913923e+02 +1.0272e+00 -1.6318e+00 +9.2384e-01 +4.0244e-03 -2.0911e+00 -1.3158e+00 +1.8264e+00 -2.7566e-01 -1.7460e+00 +3.2951e+00
2859 +1.523827397e+02 +1.523827397e+02 +1.940627397e+02 +1.940627397e+02 +1.2925e+00 -1.6583e+00 +1.2518e+00 +2.6271e-01 -2.1380e+00 -3.4013e-01 +1.5213e+00 -3.7013e-01 -1.7127e+00 +2.9164e+00
3620 +9.728106033e+01 +9.728106033e+01 +1.389610603e+02 +1.389610603e+02 +1.1781e+00 -1.9552e+00 +1.0896e+00 +9.4589e-02 -1.8326e+00 -3.5310e-01 +1.9584e+00 -2.4397e-01 -1.5264e+00 +3.7823e+00
