% function evaluation | noise-free fitness - Fopt (1.491500000000e+02) | best noise-free fitness - Fopt | measured fitness | best measured fitness | x1 | x2...
1 +7.960599430e+04 +7.960599430e+04 +7.975514430e+04 +7.975514430e+04 +3.3129e+00 -1.0922e-01 +3.5135e+00 -3.8194e-01 +1.0332e+00
3 +5.351837854e+04 +5.351837854e+04 +5.366752854e+04 +5.366752854e+04 +2.0016e+00 -4.9890e+00 +1.2706e+00 -2.8999e+00 -2.7624e+00
11 +2.098912443e+04 +2.098912443e+04 +2.113827443e+04 +2.113827443e+04 -4.9827e+00 +6.0970e-01 -1.9572e+00 +2.6235e+00 +1.4457e+00
13 +1.304233832e+04 +1.304233832e+04 +1.319148832e+04 +1.319148832e+04 -3.2087e+00 +1.3005e+00 -3.1800e+00 +1.5393e+00 +1.4270e+00
15 +8.341989452e+03 +8.341989452e+03 +8.491139452e+03 +8.491139452e+03 -3.3505e+00 -1.1342e+00 -2.3195e+00 +4.3303e+00 +1.0885e+00
27 +5.566080497e+03 +5.566080497e+03 +5.715230497e+03 +5.715230497e+03 -2.1517e+00 -3.9001e+00 +2.9664e-01 +5.1288e-01 -2.3760e-01
52 +2.645487152e+03 +2.645487152e+03 +2.794637152e+03 +2.794637152e+03 -2.0191e+00 -1.4617e+00 -9.9054e-01 +2.2614e+00 +3.0884e+00
176 +2.271531576e+03 +2.271531576e+03 +2.420681576e+03 +2.420681576e+03 -1.6245e+00 -1.2025e+00 +1.1215e-02 +9.2908e-01 +8.4212e-01
248 +1.092837659e+03 +1.092837659e+03 +1.241987659e+03 +1.241987659e+03 +3.0272e-01 -2.4561e-01 -2.0126e+00 +3.4970e+00 +1.6686e+00
268 +3.373985985e+02 +3.373985985e+02 +4.865485985e+02 +4.865485985e+02 -8.6282e-01 -2.1857e+00 -6.3093e-01 +2.5524e+00 -7.6325e-01
619 +2.042524163e+02 +2.042524163e+02 +3.534024163e+02 +3.534024163e+02 -1.7328e+00 -1.8424e+00 -1.2928e+00 +1.8418e+00 -2.9085e+00
1011 +1.165076521e+02 +1.165076521e+02 +2.656576521e+02 +2.656576521e+02 -8.0865e-01 -1.9349e+00 -1.2975e+00 +1.4130e+00 -3.0904e+00
1035 +6.073794953e+01 +6.073794953e+01 +2.098879495e+02 +2.098879495e+02 -1.5750e+00 -9.8055e-01 -1.1217e+00 +4.9738e-01 -3.0547e+00
1441 +1.642914249e+01 +1.642914249e+01 +1.655791425e+02 +1.655791425e+02 -7.5500e-01 -1.0816e+00 -1.1138e+00 +6.9310e-01 -3.8159e+00
1642 +1.179328582e+01 +1.179328582e+01 +1.609432858e+02 +1.609432858e+02 -5.1470e-01 -1.0810e+00 -8.0925e-01 +7.0395e-01 -3.4862e+00
2041 +9.058209199e+00 +9.058209199e+00 +1.582082092e+02 +1.582082092e+02 -3.0930e-01 -7.3404e-01 -7.9548e-01 +7.7648e-01 -3.7922e+00
2436 +5.657289519e+00 +5.657289519e+00 +1.548072895e+02 +1.548072895e+02 -4.6726e-01 -1.0332e+00 -9.8714e-01 +9.3374e-01 -3.6267e+00
2844 +3.653836684e+00 +3.653836684e+00 +1.528038367e+02 +1.528038367e+02 -6.0979e-01 -1.1838e+00 -1.0194e+00 +8.8571e-01 -3.7434e+00
4206 +2.499710077e+00 +2.499710077e+00 +1.516497101e+02 +1.516497101e+02 -5.1145e-01 -1.0694e+00 -8.8475e-01 +8.6043e-01 -3.7376e+00
% function evaluation | noise-free fitness - Fopt (-1.000000000000e+03) | best noise-free fitness - Fopt | measured fitness | best measured fitness | x1 | x2...
1 +3.398354140e+04 +3.398354140e+04 +3.298354140e+04 +3.298354140e+04 -3.3238e+00 -3.8523e+00 -2.5713e-01 -2.1515e+00 +2.7322e+00
14 +7.501332227e+03 +7.501332227e+03 +6.501332227e+03 +6.501332227e+03 -2.1353e+00 +8.1368e-01 -2.5576e+00 -4.1403e-01 +3.3242e+00
71 +1.393120246e+03 +1.393120246e+03 +3.931202458e+02 +3.931202458e+02 -4.2858e+00 +6.0317e-01 -7.8346e-01 -4.2303e+00 -3.9588e-01
75 +9.893102686e+02 +9.893102686e+02 -1.068973138e+01 -1.068973138e+01 -4.7690e+00 +5.9222e-01 +1.8381e+00 -3.2463e+00 -4.1324e+00
237 +4.617119087e+02 +4.617119087e+02 -5.382880913e+02 -5.382880913e+02 -5.0000e+00 +8.5883e-01 -2.1817e-01 -1.3528e+00 -1.0795e-01
239 +2.757136503e+02 +2.757136503e+02 -7.242863497e+02 -7.242863497e+02 -5.0000e+00 +8.4124e-01 +4.0153e-01 -1.7773e+00 -1.2764e+00
875 +1.952370107e+02 +1.952370107e+02 -8.047629893e+02 -8.047629893e+02 -4.8632e+00 +1.0895e+00 +4.9489e-01 -1.5266e+00 -1.6853e+00
1033 +9.282141428e+01 +9.282141428e+01 -9.071785857e+02 -9.071785857e+02 -4.6531e+00 +1.0245e+00 +1.1429e+00 -1.2899e+00 -1.1850e+00
1580 +5.643111958e+01 +5.643111958e+01 -9.435688804e+02 -9.435688804e+02 -4.9648e+00 +1.3893e+00 +1.9446e+00 -2.5312e-01 +1.5928e+00
2031 +9.507985733e+00 +9.507985733e+00 -9.904920143e+02 -9.904920143e+02 -4.8865e+00 +1.2656e+00 +1.8717e+00 -6.1734e-01 +6.4044e-01
3407 +6.139732137e+00 +6.139732137e+00 -9.938602679e+02 -9.938602679e+02 -4.8628e+00 +1.2798e+00 +1.7806e+00 -1.0013e+00 -5.4449e-01
% function evaluation | noise-free fitness - Fopt (9.862000000000e+01) | best noise-free fitness - Fopt | measured fitness | best measured fitness | x1 | x2...
1 +3.782501489e+05 +3.782501489e+05 +3.783487689e+05 +3.783487689e+05 -7.9567e-01 +3.0293e+00 +1.8392e+00 +4.4188e+00 +3.3639e+00
3 +1.591075328e+05 +1.591075328e+05 +1.592061528e+05 +1.592061528e+05 +4.4762e+00 +2.4372e+00 +3.4479e+00 -2.2540e+00 +2.7568e+00
5 +6.246943415e+04 +6.246943415e+04 +6.256805415e+04 +6.256805415e+04 +1.9249e+00 -2.0652e-01 +1.5390e+00 +1.4242e+00 +3.4462e-01
6 +1.385389392e+04 +1.385389392e+04 +1.395251392e+04 +1.395251392e+04 +1.5319e+00 -2.7586e+00 +1.6106e+00 -3.6565e+00 -3.0911e-01
26 +3.923990090e+03 +3.923990090e+03 +4.022610090e+03 +4.022610090e+03 -2.4830e-01 -4.1326e+00 +1.9156e+00 -3.4512e+00 +2.7005e+00
47 +1.551666475e+03 +1.551666475e+03 +1.650286475e+03 +1.650286475e+03 -1.8884e+00 -2.9461e-01 +2.9226e+00 -1.8520e+00 -9.7264e-01
168 +2.294560353e+02 +2.294560353e+02 +3.280760353e+02 +3.280760353e+02 -2.7428e+00 -1.3727e+00 +2.1845e+00 -2.6344e+00 -1.2344e+00
959 +1.442721597e+02 +1.442721597e+02 +2.428921597e+02 +2.428921597e+02 -9.4354e-01 -2.0051e+00 +1.0459e+00 -2.2362e+00 +4.2957e-01
1351 +4.676981750e+01 +4.676981750e+01 +1.453898175e+02 +1.453898175e+02 -7.7749e-01 -1.0668e+00 +2.2130e+00 -3.1668e+00 +0.0000e+00
1549 +1.636014759e+01 +1.636014759e+01 +1.149801476e+02 +1.149801476e+02 -1.0099e+00 -1.3681e+00 +2.1286e+00 -2.7940e+00 +4.5470e-01
2243 +1.444316974e+01 +1.444316974e+01 +1.130631697e+02 +1.130631697e+02 -1.2963e+00 -1.8184e+00 +1.6780e+00 -3.1059e+00 -3.8773e-01
2972 +9.067235115e+00 +9.067235115e+00 +1.076872351e+02 +1.076872351e+02 -1.6185e+00 -2.0735e+00 +1.5853e+00 -3.0413e+00 +7.6464e-02
3017 +6.055226169e+00 +6.055226169e+00 +1.046752262e+02 +1.046752262e+02 -1.6580e+00 -2.1320e+00 +1.5873e+00 -3.2533e+00 -1.2880e-01
3442 +1.897418594e+00 +1.897418594e+00 +1.005174186e+02 +1.005174186e+02 -1.0044e+00 -1.5488e+00 +1.8549e+00 -3.0638e+00 -1.9689e-02
4032 +1.328408785e+00 +1.328408785e+00 +9.994840878e+01 +9.994840878e+01 -9.7584e-01 -1.4589e+00 +1.8784e+00 -3.0048e+00 -1.9870e-02
4545 +9.357127155e-01 +9.357127155e-01 +9.955571272e+01 +9.955571272e+01 -9.5326e-01 -1.4224e+00 +1.9957e+00 -2.9375e+00 -6.7574e-05
% function evaluation | noise-free fitness - Fopt (-4.715000000000e+01) | best noise-free fitness - Fopt | measured fitness | best measured fitness | x1 | x2...
1 +3.484002047e+04 +3.484002047e+04 +3.479287047e+04 +3.479287047e+04 +8.1265e-02 +2.4265e+00 +8.9256e-01 -1.2180e+00 -4.3708e+00
6 +8.715341740e+02 +8.715341740e+02 +8.243841740e+02 +8.243841740e+02 +3.7322e-01 -1.5525e+00 -1.8837e+00 -2.7114e+00 -1.1819e+00
298 +1.950475588e+02 +1.950475588e+02 +1.478975588e+02 +1.478975588e+02 -1.2722e+00 -1.5194e+00 -2.5603e+00 -4.4112e+00 +6.4170e-01
805 +1.134931877e+02 +1.134931877e+02 +6.634318774e+01 +6.634318774e+01 -1.5833e+00 -1.3173e+00 -2.2029e+00 -2.3845e+00 +6.0937e-01
1032 +6.064777816e+01 +6.064777816e+01 +1.349777816e+01 +1.349777816e+01 -1.6102e+00 -1.1519e+00 -1.2861e+00 -2.6706e+00 +0.0000e+00
1656 +3.653446083e+01 +3.653446083e+01 -1.061553917e+01 -1.061553917e+01 -1.7630e+00 -1.1577e+00 -2.0123e+00 -3.5129e+00 -3.5086e-01
2015 +7.126948596e+00 +7.126948596e+00 -4.002305140e+01 -4.002305140e+01 -2.1554e+00 -1.0409e+00 -1.6272e+00 -2.9335e+00 -9.2607e-02
2815 +6.281117323e+00 +6.281117323e+00 -4.086888268e+01 -4.086888268e+01 -2.2077e+00 -1.0689e+00 -1.6892e+00 -2.9255e+00 -2.3979e-01
3964 +1.449015462e+00 +1.449015462e+00 -4.570098454e+01 -4.570098454e+01 -3.9107e-01 -9.5923e-01 -1.5349e+00 -2.9339e+00 -2.0233e-01
4226 +9.477870785e-01 +9.477870785e-01 -4.620221292e+01 -4.620221292e+01 -4.7261e-01 -1.0023e+00 -1.5527e+00 -2.8977e+00 -2.1850e-01
4803 +6.276175069e-01 +6.276175069e-01 -4.652238249e+01 -4.652238249e+01 -4.4357e-01 -1.0257e+00 -1.5759e+00 -2.9251e+00 -2.3481e-01
% function evaluation | noise-free fitness - Fopt (3.752000000000e+01) | best noise-free fitness - Fopt | measured fitness | best measured fitness | x1 | x2...
1 +6.940161250e+04 +6.940161250e+04 +6.943913250e+04 +6.943913250e+04 -2.3527e+00 +9.1261e-01 -2.0199e+00 -9.4052e-02 +8.3309e-01
2 +4.247995602e+04 +4.247995602e+04 +4.251747602e+04 +4.251747602e+04 +9.8517e-01 +8.0436e-01 +1.7601e-01 -4.7763e+00 -4.0826e+00
5 +3.229967282e+04 +3.229967282e+04 +3.233719282e+04 +3.233719282e+04 -1.1659e+00 -4.7225e+00 +2.2641e+00 +1.3941e+00 +1.9841e+00
9 +6.015380476e+03 +6.015380476e+03 +6.052900476e+03 +6.052900476e+03 +2.8352e+00 -7.2405e-01 +1.8641e-01 -1.1289e+00 +3.6801e-01
65 +7.456186704e+02 +7.456186704e+02 +7.831386704e+02 +7.831386704e+02 +2.4223e+00 -1.6485e+00 +1.3172e+00 -8.8669e-01 +4.0005e+00
244 +6.218500727e+02 +6.218500727e+02 +6.593700727e+02 +6.593700727e+02 +1.1994e+00 -3.2223e+00 +3.2566e+00 -1.4371e+00 +5.0000e+00
427 +2.652263414e+02 +2.652263414e+02 +3.027463414e+02 +3.027463414e+02 +1.9534e+00 -2.1782e+00 +1.0905e+00 -1.8149e+00 +2.9113e+00
760 +1.681090449e+02 +1.681090449e+02 +2.056290449e+02 +2.056290449e+02 +2.1477e+00 -2.5963e+00 +2.7993e+00 -1.8331e+00 +3.4341e+00
931 +9.532300765e+01 +9.532300765e+01 +1.328430076e+02 +1.328430076e+02 +1.1466e+00 -2.4425e+00 +1.8974e+00 -2.4164e+00 +2.8170e+00
1206 +3.907208698e+01 +3.907208698e+01 +7.659208698e+01 +7.659208698e+01 +8.8203e-01 -2.3893e+00 +2.6810e+00 -2.1407e+00 +2.2888e+00
1638 +2.017421903e+01 +2.017421903e+01 +5.769421903e+01 +5.769421903e+01 +5.7617e-01 -2.1969e+00 +2.4459e+00 -2.2026e+00 +1.6824e+00
2461 +1.172620202e+01 +1.172620202e+01 +4.924620202e+01 +4.924620202e+01 +2.3823e+00 -2.2452e+00 +2.7093e+00 -1.7778e+00 +2.3194e+00
2531 +6.763286328e+00 +6.763286328e+00 +4.428328633e+01 +4.428328633e+01 +2.1854e+00 -2.5537e+00 +2.1061e+00 -2.2723e+00 +2.1793e+00
2550 +5.607664053e+00 +5.607664053e+00 +4.312766405e+01 +4.312766405e+01 +2.4044e+00 -2.3401e+00 +2.3235e+00 -2.3047e+00 +2.0047e+00
3176 +1.508140808e+00 +1.508140808e+00 +3.902814081e+01 +3.902814081e+01 +2.3453e+00 -2.2933e+00 +2.3786e+00 -2.2450e+00 +2.0866e+00
3862 +9.977351231e-01 +9.977351231e-01 +3.851773512e+01 +3.851773512e+01 +2.3222e+00 -2.2781e+00 +2.3847e+00 -2.2423e+00 +2.0455e+00
% function evaluation | noise-free fitness - Fopt (-4.257500000000e+02) | best noise-free fitness - Fopt | measured fitness | best measured fitness | x1 | x2...
1 +3.333571252e+05 +3.333571252e+05 +3.329313752e+05 +3.329313752e+05 +2.5044e+00 -7.8706e-01 +1.4032e+00 +4.5595e+00 +5.1605e-01
2 +2.389527297e+05 +2.389527297e+05 +2.385269797e+05 +2.385269797e+05 +4.2802e+00 +2.3598e-01 +1.5913e+00 -3.4166e-01 -2.8177e+00
3 +4.277789345e+04 +4.277789345e+04 +4.235214345e+04 +4.235214345e+04 -4.9962e+00 -2.0954e+00 +9.5819e-01 -1.5221e+00 +4.3187e+00
11 +3.600674724e+04 +3.600674724e+04 +3.558099724e+04 +3.558099724e+04 -3.7288e+00 -1.2833e+00 +1.3499e+00 -3.3965e+00 +7.2062e-01
17 +1.632282309e+04 +1.632282309e+04 +1.589707309e+04 +1.589707309e+04 -1.0396e-01 +4.6484e+00 -2.1170e+00 -4.6469e+00 -4.2083e+00
27 +1.004595870e+04 +1.004595870e+04 +9.620208700e+03 +9.620208700e+03 -5.9139e-01 +9.3315e-01 +2.6300e-01 -2.5918e+00 -4.7406e-01
30 +7.277340846e+03 +7.277340846e+03 +6.851590846e+03 +6.851590846e+03 -2.6294e-01 +3.8067e-01 -3.8172e+00 -4.4340e+00 +7.9917e-01
47 +5.105474848e+03 +5.105474848e+03 +4.679724848e+03 +4.679724848e+03 -1.8066e+00 +4.3127e+00 -3.4135e+00 -3.2708e+00 +2.5097e+00
48 +2.409912791e+03 +2.409912791e+03 +1.984162791e+03 +1.984162791e+03 -4.1839e+00 +2.2729e+00 -3.9016e+00 -2.7437e+00 +4.4465e+00
136 +7.405121773e+02 +7.405121773e+02 +3.147621773e+02 +3.147621773e+02 -2.9296e+00 +2.9033e+00 -3.2202e+00 -1.6558e+00 -5.5262e-02
327 +6.147826370e+02 +6.147826370e+02 +1.890326370e+02 +1.890326370e+02 -3.9914e+00 +3.4566e+00 -2.2532e+00 -1.6826e+00 +1.7751e+00
508 +1.492860337e+02 +1.492860337e+02 -2.764639663e+02 -2.764639663e+02 -1.5683e+00 +2.3442e+00 -1.8743e+00 -1.5386e+00 +3.1996e+00
1019 +6.033045297e+01 +6.033045297e+01 -3.654195470e+02 -3.654195470e+02 -1.6661e+00 +1.6995e+00 -2.3532e+00 -2.0652e+00 +1.3505e+00
1629 +3.639937037e+01 +3.639937037e+01 -3.893506296e+02 -3.893506296e+02 -1.9486e+00 +1.9660e+00 -2.0954e+00 -2.1570e+00 +1.4029e+00
1723 +2.511769557e+01 +2.511769557e+01 -4.006323044e+02 -4.006323044e+02 -1.7546e+00 +2.4276e+00 -2.4243e+00 -2.1424e+00 +1.7152e+00
2403 +1.393918739e+01 +1.393918739e+01 -4.118108126e+02 -4.118108126e+02 -2.6512e+00 +2.1382e+00 -2.8227e+00 -2.2969e+00 +1.3061e+00
2457 +6.938377255e+00 +6.938377255e+00 -4.188116227e+02 -4.188116227e+02 -3.0600e+00 +2.4315e+00 -2.3540e+00 -2.3085e+00 +1.1615e+00
3082 +6.195284675e+00 +6.195284675e+00 -4.195547153e+02 -4.195547153e+02 -3.0980e+00 +2.4516e+00 -2.4117e+00 -2.5140e+00 +1.2985e+00
4924 +3.672340861e+00 +3.672340861e+00 -4.220776591e+02 -4.220776591e+02 -1.5910e+00 +2.4891e+00 -2.3422e+00 -2.4492e+00 +1.3686e+00
% function evaluation | noise-free fitness - Fopt (-2.209000000000e+02) | best noise-free fitness - Fopt | measured fitness | best measured fitness | x1 | x2...
1 +1.393939953e+05 +1.393939953e+05 +1.391730953e+05 +1.391730953e+05 +2.0743e+00 +3.0302e+00 +1.8266e+00 -3.5837e+00 -3.8228e+00
2 +2.819665056e+04 +2.819665056e+04 +2.797575056e+04 +2.797575056e+04 -2.2737e+00 -1.2825e+00 -3.5337e+00 +4.1918e+00 -4.9181e+00
5 +2.033371360e+04 +2.033371360e+04 +2.011281360e+04 +2.011281360e+04 -7.1090e-01 -8.1770e-01 -3.7955e+00 +4.9932e+00 +3.6704e+00
6 +7.629370042e+03 +7.629370042e+03 +7.408470042e+03 +7.408470042e+03 +6.8350e-01 -1.4642e+00 -1.8502e+00 -7.6880e-01 -4.6956e+00
15 +1.307953296e+03 +1.307953296e+03 +1.087053296e+03 +1.087053296e+03 -8.5594e-01 -9.3024e-01 -2.2278e+00 +1.6700e+00 +4.6467e+00
48 +6.294632587e+02 +6.294632587e+02 +4.085632587e+02 +4.085632587e+02 -2.4811e+00 +9.4058e-02 -1.3818e+00 +1.1611e+00 -1.4095e+00
373 +2.727988388e+02 +2.727988388e+02 +5.189883883e+01 +5.189883883e+01 -9.3341e-01 -1.2729e+00 -3.8241e+00 +1.2689e+00 +2.4434e-01
433 +2.511638899e+02 +2.511638899e+02 +3.026388990e+01 +3.026388990e+01 -1.5227e+00 -1.6237e+00 -3.5780e+00 +1.0452e+00 +1.1626e+00
519 +1.119694268e+02 +1.119694268e+02 -1.089305732e+02 -1.089305732e+02 -6.4105e-02 -9.4191e-02 -2.0338e+00 +6.6404e-01 +2.5085e-01
862 +3.663959584e+01 +3.663959584e+01 -1.842604042e+02 -1.842604042e+02 -1.2557e-01 -8.7463e-01 -2.1327e+00 +1.0295e+00 +7.1481e-01
1432 +2.220026999e+01 +2.220026999e+01 -1.986997300e+02 -1.986997300e+02 -8.2688e-01 -1.1606e+00 -2.8060e+00 +7.4571e-01 +8.0316e-01
1912 +1.501158348e+01 +1.501158348e+01 -2.058884165e+02 -2.058884165e+02 -7.6105e-01 -1.1794e+00 -2.5138e+00 +5.7465e-01 +3.9633e-01
2328 +5.402107088e+00 +5.402107088e+00 -2.154978929e+02 -2.154978929e+02 -4.4096e-01 -1.0137e+00 -2.4418e+00 +8.4744e-01 +5.4683e-01
3055 +3.227837744e+00 +3.227837744e+00 -2.176721623e+02 -2.176721623e+02 -3.0095e-01 -6.2692e-01 -2.1322e+00 +1.2006e+00 +5.6967e-01
3455 +2.060887668e+00 +2.060887668e+00 -2.188391123e+02 -2.188391123e+02 -2.5866e-01 -5.7441e-01 -2.1124e+00 +1.1834e+00 +5.7137e-01
3846 +1.218679813e+00 +1.218679813e+00 -2.196813202e+02 -2.196813202e+02 -2.2153e-01 -5.8203e-01 -2.1536e+00 +1.1067e+00 +5.1522e-01
4117 +9.608493848e-01 +9.608493848e-01 -2.199391506e+02 -2.199391506e+02 -2.1375e-01 -5.7238e-01 -2.1009e+00 +1.1267e+00 +5.0013e-01
% function evaluation | noise-free fitness - Fopt (-3.594800000000e+02) | best noise-free fitness - Fopt | measured fitness | best measured fitness | x1 | x2...
1 +2.487553705e+05 +2.487553705e+05 +2.483958905e+05 +2.483958905e+05 -1.1575e+00 +2.9930e+00 +4.7235e+00 +4.2192e+00 -2.5430e+00
3 +1.274125330e+05 +1.274125330e+05 +1.270530530e+05 +1.270530530e+05 -3.0512e+00 +2.3383e+00 -1.0259e-02 +3.6729e-02 +3.8880e+00
5 +8.241228939e+04 +8.241228939e+04 +8.205280939e+04 +8.205280939e+04 -4.7383e+00 -1.4562e+00 -3.7128e+00 -2.7853e+00 +3.4069e+00
8 +3.532217235e+04 +3.532217235e+04 +3.496269235e+04 +3.496269235e+04 -6.9954e-01 +3.9947e-01 +4.8374e+00 +1.6638e+00 -2.2155e+00
19 +5.593434270e+03 +5.593434270e+03 +5.233954270e+03 +5.233954270e+03 -3.8832e+00 -1.7064e+00 +4.9624e-01 +2.1369e+00 +4.8386e+00
32 +1.176387795e+02 +1.176387795e+02 -2.418412205e+02 -2.418412205e+02 -3.6063e+00 -3.4065e+00 +2.3264e+00 -6.4968e-01 -7.5191e-01
777 +8.812172714e+01 +8.812172714e+01 -2.713582729e+02 -2.713582729e+02 -4.0710e+00 -3.6149e+00 +1.7952e+00 -8.7691e-01 +0.0000e+00
1029 +3.982610566e+01 +3.982610566e+01 -3.196538943e+02 -3.196538943e+02 -4.3158e+00 -2.7554e+00 +1.6351e+00 -1.0248e+00 -8.2561e-01
1287 +7.282846084e+00 +7.282846084e+00 -3.521971539e+02 -3.521971539e+02 -4.3742e+00 -3.1623e+00 +1.4126e+00 -1.0601e+00 -8.9238e-01
2898 +5.963708217e+00 +5.963708217e+00 -3.535162918e+02 -3.535162918e+02 -4.3488e+00 -3.1798e+00 +1.4281e+00 -1.1693e+00 -9.6716e-01
3794 +3.973556432e+00 +3.973556432e+00 -3.555064436e+02 -3.555064436e+02 -3.4799e+00 -3.1928e+00 +1.4216e+00 -1.2354e+00 -8.8964e-01
4675 +2.511244099e+00 +2.511244099e+00 -3.569687559e+02 -3.569687559e+02 -3.3614e+00 -3.1729e+00 +1.4429e+00 -1.2018e+00 -8.9984e-01
% function evaluation | noise-free fitness - Fopt (2.748000000000e+01) | best noise-free fitness - Fopt | measured fitness | best measured fitness | x1 | x2...
1 +1.164419702e+05 +1.164419702e+05 +1.164694502e+05 +1.164694502e+05 +4.7170e+00 +8.8643e-01 -2.6509e+00 +2.9526e+00 -1.2094e+00
2 +7.281471196e+04 +7.281471196e+04 +7.284219196e+04 +7.284219196e+04 -1.9326e+00 +1.3710e+00 -2.6253e+00 +2.3981e+00 +2.1203e+00
5 +3.041576739e+04 +3.041576739e+04 +3.044324739e+04 +3.044324739e+04 +7.1339e-01 -2.3580e+00 -2.3451e+00 +2.7946e-01 +2.5175e+00
7 +7.609912017e+03 +7.609912017e+03 +7.637392017e+03 +7.637392017e+03 +7.7049e-01 +2.7818e+00 +3.4162e+00 -4.4094e-02 +7.3811e-01
11 +5.659652235e+03 +5.659652235e+03 +5.687132235e+03 +5.687132235e+03 -3.5283e-01 -6.6951e-01 +2.1160e-01 -4.3993e+00 +2.1299e+00
18 +8.083995056e+02 +8.083995056e+02 +8.358795056e+02 +8.358795056e+02 +1.5595e+00 +2.5142e+00 +7.4225e-01 -3.4568e+00 +1.7549e+00
104 +4.199889014e+02 +4.199889014e+02 +4.474689014e+02 +4.474689014e+02 +2.8966e+00 +1.4393e+00 +1.6543e+00 -1.8282e+00 +3.2596e+00
456 +3.069047939e+02 +3.069047939e+02 +3.343847939e+02 +3.343847939e+02 +1.9447e+00 +1.9368e-01 +0.0000e+00 -1.8507e+00 +1.2932e+00
766 +2.138144246e+02 +2.138144246e+02 +2.412944246e+02 +2.412944246e+02 +2.2260e+00 +7.3814e-01 +1.5769e+00 -2.4564e+00 +1.4787e+00
1068 +9.422615886e+01 +9.422615886e+01 +1.217061589e+02 +1.217061589e+02 +1.4066e+00 +1.5255e+00 +8.0811e-01 -2.7774e+00 +8.6225e-01
1181 +6.250913871e+01 +6.250913871e+01 +8.998913871e+01 +8.998913871e+01 +2.4756e+00 +1.3599e+00 +1.1119e+00 -1.7756e+00 +2.3521e+00
1425 +2.437682725e+01 +2.437682725e+01 +5.185682725e+01 +5.185682725e+01 +1.9500e+00 +1.4334e+00 +7.5334e-01 -2.1165e+00 +1.4933e+00
1825 +5.223332921e+00 +5.223332921e+00 +3.270333292e+01 +3.270333292e+01 +2.0313e+00 +1.2206e+00 +6.9537e-01 -2.3118e+00 +1.5707e+00
3245 +3.371196653e+00 +3.371196653e+00 +3.085119665e+01 +3.085119665e+01 +2.3019e+00 +1.5329e+00 +8.6411e-01 -2.2833e+00 +1.6070e+00
3604 +2.195117026e+00 +2.195117026e+00 +2.967511703e+01 +2.967511703e+01 +2.3051e+00 +1.4767e+00 +7.9104e-01 -2.3820e+00 +1.5201e+00
4087 +1.562995034e+00 +1.562995034e+00 +2.904299503e+01 +2.904299503e+01 +2.3740e+00 +1.6212e+00 +9.6973e-01 -2.3053e+00 +1.5487e+00
% function evaluation | noise-free fitness - Fopt (3.609000000000e+01) | best noise-free fitness - Fopt | measured fitness | best measured fitness | x1 | x2...
1 +1.449263124e+05 +1.449263124e+05 +1.449624024e+05 +1.449624024e+05 -3.7000e+00 +4.8423e+00 +3.3887e+00 +1.3315e-01 +9.4457e-01
2 +6.431038417e+04 +6.431038417e+04 +6.434647417e+04 +6.434647417e+04 -1.1169e+00 -2.8444e-01 +2.4436e+00 +4.8455e-01 +4.9668e-01
3 +2.552210417e+04 +2.552210417e+04 +2.555819417e+04 +2.555819417e+04 +3.2342e+00 +1.4024e+00 -2.0829e+00 -1.3799e+00 -5.6596e-01
7 +1.916444228e+04 +1.916444228e+04 +1.920053228e+04 +1.920053228e+04 +1.9352e+00 -1.2740e+00 -1.1981e+00 +4.6045e+00 -2.8723e-01
9 +7.374308388e+03 +7.374308388e+03 +7.410398388e+03 +7.410398388e+03 +1.0917e-02 -1.8504e+00 -1.1376e+00 -1.0834e+00 +1.7821e+00
15 +1.245004364e+03 +1.245004364e+03 +1.281094364e+03 +1.281094364e+03 +1.3916e-01 -9.9201e-01 -1.0926e+00 +1.6955e+00 +3.0336e+00
98 +9.147031254e+02 +9.147031254e+02 +9.507931254e+02 +9.507931254e+02 -7.3699e-01 +1.6718e+00 -2.3202e+00 +2.0440e+00 -1.4284e+00
304 +4.617016044e+02 +4.617016044e+02 +4.977916044e+02 +4.977916044e+02 -1.2266e+00 +1.4256e+00 -2.9374e+00 +2.5763e+00 +6.1715e-01
394 +2.261276879e+02 +2.261276879e+02 +2.622176879e+02 +2.622176879e+02 -4.5818e-01 -3.0437e-01 -2.1415e+00 +5.5457e-01 +1.9569e+00
622 +9.848573830e+01 +9.848573830e+01 +1.345757383e+02 +1.345757383e+02 -9.8772e-01 +7.7947e-01 -2.5944e+00 +1.3727e+00 +1.6993e+00
1423 +2.155122289e+01 +2.155122289e+01 +5.764122289e+01 +5.764122289e+01 -8.1697e-02 +1.0097e+00 -2.1542e+00 +1.6265e+00 +5.0779e-01
2331 +1.225537771e+01 +1.225537771e+01 +4.834537771e+01 +4.834537771e+01 +3.4427e-01 +1.0051e+00 -2.0935e+00 +1.4346e+00 +6.8048e-01
2425 +6.819771000e+00 +6.819771000e+00 +4.290977100e+01 +4.290977100e+01 +4.5183e-01 +1.2598e+00 -2.1856e+00 +1.4839e+00 +7.7792e-01
2831 +5.390972546e+00 +5.390972546e+00 +4.148097255e+01 +4.148097255e+01 +2.4965e-01 +1.0353e+00 -2.1647e+00 +1.3551e+00 +7.1351e-01
3051 +2.984431707e+00 +2.984431707e+00 +3.907443171e+01 +3.907443171e+01 +3.5153e-01 +1.2634e+00 -1.9059e+00 +1.7873e+00 +9.7670e-01
3398 +1.965291191e+00 +1.965291191e+00 +3.805529119e+01 +3.805529119e+01 +4.3184e-01 +1.3413e+00 -1.8306e+00 +1.8159e+00 +8.3052e-01
3646 +1.350413981e+00 +1.350413981e+00 +3.744041398e+01 +3.744041398e+01 +4.2087e-01 +1.3528e+00 -1.8537e+00 +1.8597e+00 +9.4160e-01
3827 +6.845621853e-01 +6.845621853e-01 +3.677456219e+01 +3.677456219e+01 +4.4134e-01 +1.3828e+00 -1.8494e+00 +1.7672e+00 +8.9506e-01
4202 +5.927460158e-01 +5.927460158e-01 +3.668274602e+01 +3.668274602e+01 +4.3377e-01 +1.3827e+00 -1.8293e+00 +1.8292e+00 +9.3452e-01
% function evaluation | noise-free fitness - Fopt (-5.791000000000e+01) | best noise-free fitness - Fopt | measured fitness | best measured fitness | x1 | x2...
1 +5.735834213e+04 +5.735834213e+04 +5.730043213e+04 +5.730043213e+04 -1.4931e+00 -5.4070e-01 -4.2150e+00 +2.0478e+00 -3.8864e+00
2 +1.049324878e+04 +1.049324878e+04 +1.043533878e+04 +1.043533878e+04 +3.1065e+00 +1.7860e+00 -3.0929e+00 +2.9915e+00 +1.7313e+00
11 +9.949490583e+02 +9.949490583e+02 +9.370390583e+02 +9.370390583e+02 +2.8794e-01 +8.2670e-01 +1.1574e+00 +4.3440e-01 -3.6358e-02
203 +2.182033408e+02 +2.182033408e+02 +1.602933408e+02 +1.602933408e+02 +2.7697e+00 +2.3243e+00 +1.3860e-01 +1.0854e+00 +6.2054e-01
440 +1.512413396e+02 +1.512413396e+02 +9.333133961e+01 +9.333133961e+01 +2.5790e+00 +2.3826e+00 +0.0000e+00 +1.2188e+00 +1.7173e+00
840 +5.337241428e+01 +5.337241428e+01 -4.537585724e+00 -4.537585724e+00 +2.2093e+00 +2.1373e+00 +8.6664e-01 +1.2597e+00 +1.0396e+00
1512 +1.849869320e+01 +1.849869320e+01 -3.941130680e+01 -3.941130680e+01 +1.3701e+00 +2.0720e+00 +9.8829e-02 +1.1660e+00 +1.0401e+00
2143 +1.126231043e+01 +1.126231043e+01 -4.664768957e+01 -4.664768957e+01 +1.6199e+00 +1.8353e+00 -5.1012e-02 +1.2747e+00 +8.9988e-01
2319 +9.651133649e+00 +9.651133649e+00 -4.825886635e+01 -4.825886635e+01 +2.1286e+00 +2.4076e+00 +5.8072e-01 +1.4118e+00 +1.3307e+00
2756 +5.075900244e+00 +5.075900244e+00 -5.283409976e+01 -5.283409976e+01 +1.4854e+00 +1.7685e+00 +1.1868e-01 +1.1207e+00 +1.0837e+00
2772 +3.406660250e+00 +3.406660250e+00 -5.450333975e+01 -5.450333975e+01 +1.9862e+00 +2.2120e+00 +4.2060e-01 +1.2402e+00 +1.0869e+00
3221 +2.285452434e+00 +2.285452434e+00 -5.562454757e+01 -5.562454757e+01 +2.0256e+00 +2.1801e+00 +3.6729e-01 +1.1762e+00 +1.0385e+00
4873 +1.560578944e+00 +1.560578944e+00 -5.634942106e+01 -5.634942106e+01 +2.1377e+00 +2.3063e+00 +4.8658e-01 +1.2724e+00 +1.0258e+00
% function evaluation | noise-free fitness - Fopt (-3.349100000000e+02) | best noise-free fitness - Fopt | measured fitness | best measured fitness | x1 | x2...
1 +1.115471156e+05 +1.115471156e+05 +1.112122056e+05 +1.112122056e+05 -7.8363e-01 +3.6383e+00 +7.6740e-01 -3.2551e+00 +6.0222e-01
4 +4.419707135e+03 +4.419707135e+03 +4.084797135e+03 +4.084797135e+03 -4.2117e+00 -3.4010e+00 +7.8522e-01 +7.2277e-01 -1.8929e+00
73 +1.768945436e+03 +1.768945436e+03 +1.434035436e+03 +1.434035436e+03 -2.4345e+00 -2.1077e+00 -1.5680e+00 +1.9961e+00 -2.7180e+00
113 +2.759608933e+02 +2.759608933e+02 -5.894910671e+01 -5.894910671e+01 -3.2280e+00 -2.4214e+00 +9.1674e-01 +2.2299e+00 +5.3763e-01
616 +1.841493789e+02 +1.841493789e+02 -1.507606211e+02 -1.507606211e+02 -2.5611e+00 -4.1464e-01 +6.1668e-01 +1.6063e+00 +7.3295e-01
881 +3.723947703e+01 +3.723947703e+01 -2.976705230e+02 -2.976705230e+02 -1.5631e+00 -5.6815e-01 +3.9498e-01 +1.9529e+00 -2.6615e-01
1751 +2.293450880e+01 +2.293450880e+01 -3.119754912e+02 -3.119754912e+02 -1.8205e+00 -9.3397e-01 +3.0994e-02 +1.7219e+00 -3.5896e-01
1904 +1.003286332e+01 +1.003286332e+01 -3.248771367e+02 -3.248771367e+02 -2.3420e+00 -9.2730e-01 +2.0156e-01 +1.7931e+00 -3.7912e-01
2199 +8.492682331e+00 +8.492682331e+00 -3.264173177e+02 -3.264173177e+02 -3.3744e+00 -6.8877e-01 +2.3116e-01 +1.7550e+00 -3.9704e-01
2791 +4.564246337e+00 +4.564246337e+00 -3.303457537e+02 -3.303457537e+02 -2.1614e+00 -8.7581e-01 +2.2961e-01 +1.6508e+00 -2.0717e-01
2947 +2.609217120e+00 +2.609217120e+00 -3.323007829e+02 -3.323007829e+02 -2.0488e+00 -8.0964e-01 +2.2114e-01 +1.6601e+00 -2.3129e-01
3519 +2.262615879e+00 +2.262615879e+00 -3.326473841e+02 -3.326473841e+02 -2.0216e+00 -7.7257e-01 +2.2423e-01 +1.7445e+00 -2.8414e-01
% function evaluation | noise-free fitness - Fopt (-4.670000000000e+01) | best noise-free fitness - Fopt | measured fitness | best measured fitness | x1 | x2...
1 +1.489858270e+05 +1.489858270e+05 +1.489391270e+05 +1.489391270e+05 +7.2974e-01 -3.6376e+00 +2.9429e+00 -2.3058e-01 +2.2783e+00
2 +5.285971708e+04 +5.285971708e+04 +5.281301708e+04 +5.281301708e+04 -1.4698e-01 -4.5849e+00 +5.1383e-02 -4.3802e+00 +3.3618e+00
5 +3.200358188e+04 +3.200358188e+04 +3.195688188e+04 +3.195688188e+04 -9.3310e-01 +1.5748e+00 +5.6391e-01 -5.9193e-02 -2.2820e+00
10 +7.320565146e+03 +7.320565146e+03 +7.273865146e+03 +7.273865146e+03 -3.1184e+00 +8.4848e-01 -8.2324e-01 -1.0158e+00 -2.0917e-01
28 +5.165773022e+03 +5.165773022e+03 +5.119073022e+03 +5.119073022e+03 -3.1035e+00 +1.9700e-01 -2.6132e+00 -4.6195e+00 +3.5141e+00
68 +3.655596059e+03 +3.655596059e+03 +3.608896059e+03 +3.608896059e+03 +1.0493e+00 +1.9253e+00 -4.0285e+00 -4.8770e+00 -3.6283e+00
129 +9.421092900e+02 +9.421092900e+02 +8.954092900e+02 +8.954092900e+02 +6.5924e-01 -3.7951e-01 -3.4773e+00 -2.7918e+00 -2.8987e+00
166 +3.165751648e+02 +3.165751648e+02 +2.698751648e+02 +2.698751648e+02 -9.4010e-01 -8.3239e-01 -2.3551e+00 -1.3296e+00 +2.5266e+00
702 +1.549374694e+02 +1.549374694e+02 +1.082374694e+02 +1.082374694e+02 +0.0000e+00 -4.8711e-01 -2.5307e+00 -2.3759e+00 +0.0000e+00
1406 +9.049066177e+01 +9.049066177e+01 +4.379066177e+01 +4.379066177e+01 -2.7234e-01 +4.2279e-01 -2.5471e+00 -3.1892e+00 -8.9907e-01
1452 +1.849147578e+01 +1.849147578e+01 -2.820852422e+01 -2.820852422e+01 +1.6275e-01 +7.2097e-01 -2.6798e+00 -3.1125e+00 -9.9586e-01
2209 +5.248452593e+00 +5.248452593e+00 -4.145154741e+01 -4.145154741e+01 +2.8617e-01 +8.2998e-01 -2.6980e+00 -3.2057e+00 -1.3773e+00
2554 +2.943060983e+00 +2.943060983e+00 -4.375693902e+01 -4.375693902e+01 +1.3042e-01 +8.3537e-01 -2.6981e+00 -3.0966e+00 -1.3303e+00
2954 +2.383233162e+00 +2.383233162e+00 -4.431676684e+01 -4.431676684e+01 +1.6923e-01 +8.7322e-01 -2.7138e+00 -3.1194e+00 -1.4110e+00
3423 +1.333092257e+00 +1.333092257e+00 -4.536690774e+01 -4.536690774e+01 +1.7703e-01 +8.1066e-01 -2.8089e+00 -3.1352e+00 -1.3329e+00
3855 +8.595160777e-01 +8.595160777e-01 -4.584048392e+01 -4.584048392e+01 +2.4671e-01 +8.7732e-01 -2.7162e+00 -3.1407e+00 -1.3118e+00
4094 +5.348957470e-01 +5.348957470e-01 -4.616510425e+01 -4.616510425e+01 +2.1712e-01 +8.5148e-01 -2.7447e+00 -3.1423e+00 -1.3469e+00
% function evaluation | noise-free fitness - Fopt (-9.308000000000e+01) | best noise-free fitness - Fopt | measured fitness | best measured fitness | x1 | x2...
1 +6.034885420e+04 +6.034885420e+04 +6.025577420e+04 +6.025577420e+04 -4.5646e+00 -3.2006e+00 +3.3006e+00 +1.4354e+00 +3.6830e+00
4 +3.925347557e+04 +3.925347557e+04 +3.916039557e+04 +3.916039557e+04 -3.3502e+00 +1.7081e+00 +1.0592e+00 -4.1431e-01 +7.2314e-02
5 +1.994303144e+04 +1.994303144e+04 +1.984995144e+04 +1.984995144e+04 +9.0392e-01 -7.0967e-01 +1.0617e+00 -1.5440e+00 -2.7972e+00
6 +5.146914379e+03 +5.146914379e+03 +5.053834379e+03 +5.053834379e+03 -4.1878e+00 -4.7919e+00 -6.7021e-01 -1.1672e+00 +3.2991e+00
33 +3.533985615e+03 +3.533985615e+03 +3.440905615e+03 +3.440905615e+03 -2.1500e+00 -4.9799e+00 -8.2389e-01 -1.3362e+00 +7.5491e-01
106 +2.085718043e+03 +2.085718043e+03 +1.992638043e+03 +1.992638043e+03 -2.4067e+00 -2.5152e+00 -3.8490e+00 +2.4411e+00 +5.2313e-01
108 +7.554379073e+02 +7.554379073e+02 +6.623579073e+02 +6.623579073e+02 -2.2960e+00 -3.2352e+00 -7.9749e-01 +6.7005e-01 +8.2461e-01
140 +4.579470811e+02 +4.579470811e+02 +3.648670811e+02 +3.648670811e+02 -1.8228e+00 -2.9598e+00 -6.4924e-01 +1.5334e+00 +5.2606e-01
273 +2.736348826e+02 +2.736348826e+02 +1.805548826e+02 +1.805548826e+02 -1.1524e+00 -2.4638e+00 -1.8404e+00 +2.2640e+00 +5.4230e-01
323 +2.468691838e+02 +2.468691838e+02 +1.537891838e+02 +1.537891838e+02 -1.0764e+00 -1.7295e+00 -1.8278e+00 +9.2404e-01 -2.2420e+00
825 +1.457353648e+02 +1.457353648e+02 +5.265536484e+01 +5.265536484e+01 -1.3652e+00 -2.2096e+00 -1.1618e+00 +2.2498e+00 -2.2724e-02
889 +9.516378006e+01 +9.516378006e+01 +2.083780060e+00 +2.083780060e+00 -2.3890e+00 -3.4176e+00 -5.3168e-01 +1.6674e+00 -9.7323e-01
1036 +5.838847123e+01 +5.838847123e+01 -3.469152877e+01 -3.469152877e+01 -2.1133e+00 -2.3208e+00 -1.0458e+00 +1.5560e+00 -1.0076e+00
1572 +2.062138656e+01 +2.062138656e+01 -7.245861344e+01 -7.245861344e+01 -1.9936e+00 -2.4858e+00 -1.3679e+00 +9.9941e-01 -2.0898e+00
2205 +1.501817074e+01 +1.501817074e+01 -7.806182926e+01 -7.806182926e+01 -2.6032e+00 -2.6677e+00 -1.3623e+00 +7.8376e-01 -1.9819e+00
2250 +9.105799077e+00 +9.105799077e+00 -8.397420092e+01 -8.397420092e+01 -2.9335e+00 -2.3937e+00 -1.2333e+00 +8.9568e-01 -1.8702e+00
3118 +5.562131924e+00 +5.562131924e+00 -8.751786808e+01 -8.751786808e+01 -2.4193e+00 -2.7761e+00 -1.4388e+00 +8.9733e-01 -1.8331e+00
3611 +3.884931493e+00 +3.884931493e+00 -8.919506851e+01 -8.919506851e+01 -2.0602e+00 -2.7689e+00 -1.4903e+00 +9.3707e-01 -1.7195e+00
% function evaluation | noise-free fitness - Fopt (4.168000000000e+01) | best noise-free fitness - Fopt | measured fitness | best measured fitness | x1 | x2...
1 +7.806296090e+03 +7.806296090e+03 +7.847976090e+03 +7.847976090e+03 +3.4476e+00 -8.1655e-01 +9.8521e-01 +3.3057e+00 +4.2981e+00
24 +4.970916486e+02 +4.970916486e+02 +5.387716486e+02 +5.387716486e+02 +1.8018e+00 -1.2501e+00 +1.8108e+00 +2.6277e+00 +3.7100e+00
462 +2.721101740e+02 +2.721101740e+02 +3.137901740e+02 +3.137901740e+02 +0.0000e+00 -1.4568e+00 +7.8652e-01 +1.2902e+00 +0.0000e+00
487 +2.250020785e+02 +2.250020785e+02 +2.666820785e+02 +2.666820785e+02 +8.8517e-01 -2.3440e+00 +1.0082e+00 -3.5459e-01 +5.4756e-02
603 +1.581461105e+02 +1.581461105e+02 +1.998261105e+02 +1.998261105e+02 +3.3034e-02 -1.9228e+00 +7.1944e-01 -8.6330e-01 +4.7910e-02
608 +4.177797883e+01 +4.177797883e+01 +8.345797883e+01 +8.345797883e+01 +4.9502e-01 -2.5038e+00 +8.1535e-01 -1.4671e-01 -9.1406e-01
828 +1.560599961e+01 +1.560599961e+01 +5.728599961e+01 +5.728599961e+01 +5.3389e-01 -2.6836e+00 +8.7283e-01 +1.7132e-01 -1.4397e+00
1856 +8.922225806e+00 +8.922225806e+00 +5.060222581e+01 +5.060222581e+01 +3.8168e-01 -2.1745e+00 +8.8839e-01 -2.4972e-02 -1.6490e+00
2256 +6.060553031e+00 +6.060553031e+00 +4.774055303e+01 +4.774055303e+01 +3.8165e-01 -2.2731e+00 +8.8964e-01 -1.5595e-02 -1.5991e+00
3517 +3.312848333e+00 +3.312848333e+00 +4.499284833e+01 +4.499284833e+01 +1.1505e+00 -2.2031e+00 +9.0063e-01 +1.0396e-02 -1.5320e+00
4359 +2.443915405e+00 +2.443915405e+00 +4.412391540e+01 +4.412391540e+01 +1.2286e+00 -2.0692e+00 +9.1843e-01 +5.3482e-02 -1.5101e+00
