% function evaluation | noise-free fitness - Fopt (1.000000000000e+03) | best noise-free fitness - Fopt | measured fitness | best measured fitness | x1 | x2...
1 +1.286308596e+03 +1.286308596e+03 +2.286308596e+03 +2.286308596e+03 -2.2096e+00 -9.6118e-01 -4.7700e+00 -4.0833e+00 +1.8861e+00 +3.2807e+00 -2.7174e+00 +2.6864e+00 -1.0660e+00 -2.1176e+00
3 +6.039174244e+02 +6.039174244e+02 +1.603917424e+03 +1.603917424e+03 -2.6012e+00 -3.2808e+00 +8.5280e-01 +4.7922e+00 -3.5896e+00 +8.6088e-01 -2.3076e-01 +5.4547e-01 +2.0999e+00 -3.7644e+00
8 +3.408925717e+02 +3.408925717e+02 +1.340892572e+03 +1.340892572e+03 -3.7078e+00 +2.4447e+00 +4.8768e+00 +4.8886e+00 -3.2917e+00 -1.7576e+00 +1.1786e+00 +3.9547e-01 -3.7948e+00 -8.2851e-03
168 +2.211762020e+02 +2.211762020e+02 +1.221176202e+03 +1.221176202e+03 -3.6486e-01 +1.3968e+00 +6.3037e-01 +1.9728e+00 -3.0162e+00 -2.5041e+00 -2.2399e+00 -1.1226e+00 -2.4605e+00 +2.8616e+00
475 +1.512920508e+02 +1.512920508e+02 +1.151292051e+03 +1.151292051e+03 -2.4404e+00 +8.8342e-01 +9.8509e-01 +5.0000e+00 +1.9663e+00 -5.0000e+00 -2.3535e+00 -1.5785e+00 -1.3455e+00 +1.7045e+00
1333 +9.729517432e+01 +9.729517432e+01 +1.097295174e+03 +1.097295174e+03 -2.6735e+00 +3.0911e+00 +4.1192e+00 +2.4808e+00 +3.5211e+00 -4.1828e+00 -1.6618e+00 +1.7989e+00 -2.1100e+00 -1.3820e+00
2641 +6.307757147e+01 +6.307757147e+01 +1.063077571e+03 +1.063077571e+03 -3.3539e+00 +3.0390e+00 +4.1590e+00 +4.9737e+00 +3.2518e+00 -2.9455e+00 -3.4797e+00 -6.5630e-01 -3.1945e+00 -8.9262e-01
4209 +3.773217570e+01 +3.773217570e+01 +1.037732176e+03 +1.037732176e+03 -3.9974e+00 +2.6128e+00 +4.4957e+00 +4.2362e+00 +2.9351e+00 -3.5434e+00 -1.9240e+00 -2.2335e-01 -3.1929e+00 -9.7876e-01
4428 +2.293533253e+01 +2.293533253e+01 +1.022935333e+03 +1.022935333e+03 -4.0053e+00 +2.5609e+00 +4.4737e+00 +4.2395e+00 +2.9401e+00 -3.7027e+00 -1.9125e+00 -2.4965e-01 -3.2339e+00 -1.0721e+00
4623 +1.547232722e+01 +1.547232722e+01 +1.015472327e+03 +1.015472327e+03 -4.0208e+00 +2.5320e+00 +4.4859e+00 +4.2367e+00 +2.9197e+00 -3.7777e+00 -1.9104e+00 -2.4900e-01 -3.2305e+00 -9.6732e-01
% function evaluation | noise-free fitness - Fopt (7.003000000000e+01) | best noise-free fitness - Fopt | measured fitness | best measured fitness | x1 | x2...
1 +8.042079937e+03 +8.042079937e+03 +8.112109937e+03 +8.112109937e+03 -2.3497e+00 -2.0238e+00 +2.3671e+00 +2.0940e+00 +8.7307e-01 +4.1505e+00 -4.2315e+00 +4.4866e+00 +4.6835e+00 +7.9273e-01
2 +4.603281895e+02 +4.603281895e+02 +5.303581895e+02 +5.303581895e+02 -6.4279e-01 -2.6662e+00 -4.6197e+00 -3.4741e+00 +3.2380e+00 +2.7585e-02 -4.1332e+00 +2.5911e+00 +1.2110e+00 -2.9676e+00
6 +3.873591662e+02 +3.873591662e+02 +4.573891662e+02 +4.573891662e+02 +3.9049e+00 -6.6040e-01 -4.8844e+00 -2.8410e+00 +1.5739e+00 -4.3541e+00 +4.6868e-01 -4.8478e+00 -1.3819e+00 -1.7372e+00
30 +2.070057727e+02 +2.070057727e+02 +2.770357727e+02 +2.770357727e+02 +3.4234e+00 +3.1290e-01 -2.9235e+00 -2.2848e+00 +3.3135e+00 -4.7262e+00 -2.8300e+00 +1.3097e+00 +1.7371e+00 +5.2690e-01
172 +1.275996164e+02 +1.275996164e+02 +1.976296164e+02 +1.976296164e+02 -2.8745e+00 -4.3630e+00 -2.8663e+00 -3.0513e-01 -2.5323e-01 -3.1526e+00 -1.7027e+00 +6.8617e-01 -2.1185e+00 +1.6731e+00
1224 +9.954215535e+01 +9.954215535e+01 +1.695721553e+02 +1.695721553e+02 -2.3663e-01 -1.8140e+00 -4.2157e+00 -1.4170e+00 -1.6105e+00 -3.9344e+00 -2.1967e-01 +1.5728e+00 -2.2388e+00 +8.5692e-01
1479 +5.097710896e+01 +5.097710896e+01 +1.210071090e+02 +1.210071090e+02 -1.3358e+00 -3.5057e+00 -3.4062e+00 -1.2412e+00 -2.6870e+00 -3.8547e+00 +0.0000e+00 -6.7563e-01 -3.7975e+00 +1.7958e+00
3995 +3.906294799e+01 +3.906294799e+01 +1.090929480e+02 +1.090929480e+02 -1.2502e+00 -3.5158e+00 -3.4580e+00 -1.3800e+00 -2.7328e+00 -3.7229e+00 -9.3204e-02 -6.1250e-01 -3.7742e+00 +1.7577e+00
% function evaluation | noise-free fitness - Fopt (-4.822000000000e+01) | best noise-free fitness - Fopt | measured fitness | best measured fitness | x1 | x2...
1 +7.531002174e+02 +7.531002174e+02 +7.048802174e+02 +7.048802174e+02 -1.6143e+00 +1.2112e+00 +2.2770e+00 +2.6799e+00 -8.0682e-01 +1.7246e+00 +4.3995e+00 +1.3571e+00 -3.3139e-01 -3.8923e-01
12 +5.877767563e+02 +5.877767563e+02 +5.395567563e+02 +5.395567563e+02 -4.1856e+00 +9.2134e-01 +2.6576e+00 +5.3340e-01 +1.1595e+00 +5.8877e-01 -4.1899e+00 -3.7174e+00 -2.0319e+00 +3.6404e+00
17 +3.552784236e+02 +3.552784236e+02 +3.070584236e+02 +3.070584236e+02 -1.8694e-01 -1.5468e+00 -3.1329e+00 +1.3819e+00 -4.8611e+00 +1.1814e+00 -3.1295e+00 -2.8214e+00 -3.0580e+00 +2.1425e+00
36 +2.176348880e+02 +2.176348880e+02 +1.694148880e+02 +1.694148880e+02 -1.2920e+00 -2.5508e+00 -2.8937e+00 +1.9168e+00 +1.1329e+00 +3.4898e+00 -2.6177e+00 +2.3310e+00 -1.2529e+00 +1.8364e+00
478 +1.510428310e+02 +1.510428310e+02 +1.028228310e+02 +1.028228310e+02 -3.8877e+00 -2.8885e+00 -1.5352e+00 +0.0000e+00 -3.8578e+00 +4.2028e+00 -2.6261e+00 +2.5186e+00 -1.4833e-03 +5.0000e+00
916 +8.674092267e+01 +8.674092267e+01 +3.852092267e+01 +3.852092267e+01 -2.6962e+00 +0.0000e+00 -1.9267e+00 +1.0517e+00 -3.8144e+00 +4.0188e+00 -1.7261e+00 +3.4465e+00 -2.8484e+00 +4.4338e+00
2043 +4.684540922e+01 +4.684540922e+01 -1.374590778e+00 -1.374590778e+00 -3.0792e+00 -4.9518e-01 -1.8180e+00 +6.7278e-01 -3.8391e+00 +3.1976e+00 -1.3852e+00 +3.3091e+00 -1.8394e+00 +4.7350e+00
4035 +3.185280122e+01 +3.185280122e+01 -1.636719878e+01 -1.636719878e+01 -3.0541e+00 -4.4194e-01 -1.8744e+00 +6.7597e-01 -3.9060e+00 +3.0377e+00 -1.3422e+00 +3.4576e+00 -1.6796e+00 +4.7983e+00
4693 +2.487040410e+01 +2.487040410e+01 -2.334959590e+01 -2.334959590e+01 -3.0741e+00 -4.3854e-01 -1.8219e+00 +6.7088e-01 -3.8843e+00 +3.0257e+00 -1.2293e+00 +3.3412e+00 -1.6883e+00 +4.8058e+00
% function evaluation | noise-free fitness - Fopt (2.547000000000e+01) | best noise-free fitness - Fopt | measured fitness | best measured fitness | x1 | x2...
1 +2.989740449e+02 +2.989740449e+02 +3.244440449e+02 +3.244440449e+02 -4.2622e+00 -1.0945e+00 +1.9529e-01 -3.3049e+00 -4.9897e+00 +1.1361e+00 +1.4771e+00 -2.4240e+00 -5.9943e-01 -2.0609e+00
72 +2.482614157e+02 +2.482614157e+02 +2.737314157e+02 +2.737314157e+02 -4.9760e+00 +2.8455e+00 +2.5881e+00 -2.7548e+00 -4.3472e+00 -3.7522e-01 +4.5779e+00 +1.0580e+00 +2.0121e+00 -5.4730e-02
149 +1.523546613e+02 +1.523546613e+02 +1.778246613e+02 +1.778246613e+02 -2.8745e+00 -3.2873e+00 -2.4623e+00 -2.9044e+00 -1.1054e+00 +2.8315e+00 -3.7454e+00 +2.5278e+00 +4.1854e+00 -6.3812e-01
718 +8.945052434e+01 +8.945052434e+01 +1.149205243e+02 +1.149205243e+02 -3.0612e+00 -1.8415e+00 -1.7937e+00 -2.8192e+00 -2.4030e+00 +0.0000e+00 -1.0212e-01 +1.2465e+00 +2.8920e+00 -1.6312e+00
2781 +5.463228421e+01 +5.463228421e+01 +8.010228421e+01 +8.010228421e+01 -3.7954e+00 -1.8861e+00 -1.5049e+00 -3.4831e+00 -2.4840e+00 +2.2058e-01 -4.6350e-01 +8.0030e-01 +2.9478e+00 +4.2232e-03
3933 +3.756941956e+01 +3.756941956e+01 +6.303941956e+01 +6.303941956e+01 -3.6640e+00 -1.8385e+00 -5.6816e-01 -3.7048e+00 -2.2625e+00 -3.2982e-02 -9.9798e-01 +2.0683e-02 +3.6288e+00 +5.4950e-02
4975 +2.179450790e+01 +2.179450790e+01 +4.726450790e+01 +4.726450790e+01 -3.6526e+00 -1.8206e+00 -6.7556e-01 -3.4771e+00 -2.2371e+00 -3.8430e-03 -1.0159e+00 -1.1233e-01 +3.6320e+00 -5.9563e-02
% function evaluation | noise-free fitness - Fopt (-1.008100000000e+02) | best noise-free fitness - Fopt | measured fitness | best measured fitness | x1 | x2...
1 +3.702052355e+02 +3.702052355e+02 +2.693952355e+02 +2.693952355e+02 +2.8012e+00 +1.6007e+00 +1.3362e+00 -6.0983e-01 -4.7354e-01 -3.3247e+00 -6.5081e-01 +7.9508e-01 -2.1503e+00 -3.4966e+00
14 +2.242640525e+02 +2.242640525e+02 +1.234540525e+02 +1.234540525e+02 +1.1022e-01 -1.4601e+00 -1.1013e+00 +1.0539e+00 +2.2251e+00 +4.3270e+00 +2.3360e+00 +2.9717e+00 -1.7317e+00 -1.6836e+00
77 +1.566805217e+02 +1.566805217e+02 +5.587052170e+01 +5.587052170e+01 -2.1029e-01 -5.4352e-01 +3.4709e+00 -2.9588e+00 +3.8754e+00 +1.9405e+00 +3.3031e-01 +2.6317e+00 -2.6246e+00 -3.7542e+00
1319 +8.209130554e+01 +8.209130554e+01 -1.871869446e+01 -1.871869446e+01 +1.1401e+00 +1.4941e-01 +3.4388e+00 +7.3248e-01 +2.8909e+00 +1.3514e+00 -1.0617e-02 +2.6757e+00 -4.4113e+00 -1.1614e+00
3179 +6.307033051e+01 +6.307033051e+01 -3.773966949e+01 -3.773966949e+01 +9.8559e-01 +1.4160e+00 +3.4261e+00 +1.2828e+00 +3.5977e+00 +1.0384e+00 +2.8115e-01 +3.1327e+00 -4.5973e+00 -1.6703e+00
4861 +3.755991797e+01 +3.755991797e+01 -6.325008203e+01 -6.325008203e+01 +9.4597e-01 +4.6748e-01 +3.1172e+00 +1.2322e+00 +3.2635e+00 +1.7941e+00 +1.7475e-01 +2.4722e+00 -4.4984e+00 -1.0978e+00
% function evaluation | noise-free fitness - Fopt (8.333000000000e+01) | best noise-free fitness - Fopt | measured fitness | best measured fitness | x1 | x2...
1 +3.908854081e+02 +3.908854081e+02 +4.742154081e+02 +4.742154081e+02 -3.4769e+00 +2.3447e-01 +1.9476e+00 +2.5331e+00 +2.0779e-01 +4.2894e+00 +1.6355e+00 +2.6068e+00 +3.4774e+00 -2.0842e+00
27 +1.856468192e+02 +1.856468192e+02 +2.689768192e+02 +2.689768192e+02 +6.0308e-01 -1.1188e+00 +4.0013e+00 +2.9678e+00 -6.3921e-01 -7.0147e-01 -2.3994e+00 -4.3696e+00 -2.1598e-01 +2.5689e+00
304 +1.040668401e+02 +1.040668401e+02 +1.873968401e+02 +1.873968401e+02 -5.8488e-01 -2.7123e+00 +5.0000e+00 +1.9261e+00 -1.0118e+00 -5.9399e-02 -4.2390e+00 -1.2432e+00 -2.5252e+00 +2.7025e+00
851 +9.267247079e+01 +9.267247079e+01 +1.760024708e+02 +1.760024708e+02 -1.0155e+00 -3.0709e+00 +3.9446e+00 +3.7304e+00 -7.0957e-01 +7.1500e-01 -2.2794e+00 -1.8546e+00 -1.4297e+00 +2.6922e+00
2388 +5.186276128e+01 +5.186276128e+01 +1.351927613e+02 +1.351927613e+02 +5.4096e-01 -2.7776e+00 +2.9347e+00 +3.5316e+00 -2.4185e-01 +1.9743e+00 -7.4701e-01 -2.2156e+00 -2.0930e+00 +3.1768e+00
4078 +3.647817660e+01 +3.647817660e+01 +1.198081766e+02 +1.198081766e+02 +5.0246e-01 -2.7522e+00 +3.0861e+00 +3.4927e+00 -2.4889e-01 +1.9572e+00 -5.3398e-01 -2.1785e+00 -1.9750e+00 +3.1934e+00
% function evaluation | noise-free fitness - Fopt (2.085600000000e+02) | best noise-free fitness - Fopt | measured fitness | best measured fitness | x1 | x2...
1 +4.501639469e+03 +4.501639469e+03 +4.710199469e+03 +4.710199469e+03 -4.1020e+00 -3.9254e+00 +2.5243e+00 +4.6508e-01 +3.8866e+00 +2.9307e+00 -2.7232e+00 -2.9781e+00 +4.6717e+00 -2.9120e+00
2 +2.257234957e+03 +2.257234957e+03 +2.465794957e+03 +2.465794957e+03 +4.4921e+00 +2.8996e+00 -8.0650e-01 +3.8688e-01 -3.0684e+00 +3.7839e+00 -3.9770e+00 -4.4997e+00 -3.2684e+00 -3.7293e-01
5 +1.421143847e+03 +1.421143847e+03 +1.629703847e+03 +1.629703847e+03 +2.1130e+00 -3.3728e+00 -4.8638e+00 -3.4265e+00 -2.2470e-02 +2.0696e-01 +4.3157e+00 -1.4480e+00 +2.6704e+00 -9.5250e-01
9 +5.367785300e+02 +5.367785300e+02 +7.453385300e+02 +7.453385300e+02 -1.0664e+00 -2.0905e+00 +2.7094e+00 +6.5210e-02 -3.2947e+00 +1.4556e-01 -1.0958e+00 +2.1893e+00 -4.5073e+00 -3.7155e+00
16 +3.800698320e+02 +3.800698320e+02 +5.886298320e+02 +5.886298320e+02 +5.9571e-01 +1.6541e+00 -3.7704e+00 +2.4676e+00 -2.1223e-01 -2.8445e+00 +2.8589e+00 +3.6604e+00 +1.3586e+00 +5.5814e-01
265 +2.170407331e+02 +2.170407331e+02 +4.256007331e+02 +4.256007331e+02 +4.1139e+00 +2.6730e+00 -3.0697e+00 +8.2014e-01 -1.9213e+00 -2.3697e+00 +1.5907e+00 +1.8868e+00 -6.4766e-01 -2.6434e+00
452 +1.561148744e+02 +1.561148744e+02 +3.646748744e+02 +3.646748744e+02 +4.0929e+00 +5.0000e+00 -1.6653e-01 +1.1491e+00 -8.8171e-01 -2.9175e+00 +2.7056e+00 +4.2256e+00 -4.3521e+00 -5.0000e+00
919 +8.758818927e+01 +8.758818927e+01 +2.961481893e+02 +2.961481893e+02 +3.4032e+00 +5.0000e+00 +3.5486e-02 +2.4332e-01 -1.0541e+00 -6.1547e-01 +1.1604e+00 +4.1144e+00 -5.0000e+00 -2.8793e+00
3898 +6.138864741e+01 +6.138864741e+01 +2.699486474e+02 +2.699486474e+02 +2.9050e+00 +4.5138e+00 -4.2668e-01 -3.0587e-02 -1.3158e+00 -2.5208e+00 +9.2326e-01 +3.2873e+00 -4.1825e+00 -2.6144e+00
4314 +3.934647021e+01 +3.934647021e+01 +2.479064702e+02 +2.479064702e+02 +2.3054e+00 +4.6266e+00 -3.4456e-01 -3.5459e-01 -1.6079e+00 -3.1001e+00 +1.2714e+00 +3.3373e+00 -4.1840e+00 -2.0718e+00
4818 +2.429609732e+01 +2.429609732e+01 +2.328560973e+02 +2.328560973e+02 +2.1932e+00 +4.6545e+00 -3.5168e-01 -3.8041e-01 -1.6776e+00 -3.1993e+00 +1.3561e+00 +3.3273e+00 -4.1856e+00 -2.0727e+00
% function evaluation | noise-free fitness - Fopt (-1.345800000000e+02) | best noise-free fitness - Fopt | measured fitness | best measured fitness | x1 | x2...
1 +3.336007706e+03 +3.336007706e+03 +3.201427706e+03 +3.201427706e+03 +3.4673e+00 +4.0818e+00 -3.9773e+00 -4.8596e+00 +3.3678e+00 +2.5180e+00 -1.7878e+00 +4.8235e+00 -5.8486e-01 +3.4900e+00
2 +6.119683044e+02 +6.119683044e+02 +4.773883044e+02 +4.773883044e+02 +3.7674e+00 +2.1283e+00 +4.4191e+00 -2.7184e+00 -3.2612e+00 -3.8024e+00 +4.7125e+00 +4.7164e+00 -4.0186e+00 -2.5709e+00
4 +3.435258238e+02 +3.435258238e+02 +2.089458238e+02 +2.089458238e+02 +2.0926e+00 -1.5772e+00 +3.3198e+00 -2.5356e+00 +1.9207e+00 +5.2120e-01 +2.8550e+00 -1.3822e+00 -1.7692e+00 -2.3585e+00
17 +2.469939605e+02 +2.469939605e+02 +1.124139605e+02 +1.124139605e+02 +4.0612e-01 +1.1876e+00 +1.8444e+00 -2.1294e+00 -9.4833e-01 -1.4787e+00 -9.7756e-01 +3.0622e+00 +1.7286e+00 +3.6673e+00
431 +1.532708618e+02 +1.532708618e+02 +1.869086181e+01 +1.869086181e+01 -3.2485e+00 +1.2475e+00 +1.2592e+00 -1.9722e+00 +1.0024e-01 +3.0481e+00 +5.0000e+00 -8.3827e-01 -2.0454e+00 +3.2486e+00
854 +9.874664972e+01 +9.874664972e+01 -3.583335028e+01 -3.583335028e+01 -3.9292e+00 +1.5132e+00 +8.7125e-01 -2.7844e+00 -2.5154e+00 +1.4661e+00 +3.1631e+00 +7.0346e-02 +2.9913e-01 +2.4760e+00
2665 +3.320414007e+01 +3.320414007e+01 -1.013758599e+02 -1.013758599e+02 -3.5089e+00 +1.6369e+00 +1.1673e+00 -2.4255e+00 -7.9051e-01 +1.2414e+00 +4.2848e+00 -6.4895e-01 -1.5351e+00 +4.2482e+00
4465 +2.320075194e+01 +2.320075194e+01 -1.113792481e+02 -1.113792481e+02 -3.4525e+00 +1.7950e+00 +1.1969e+00 -2.4104e+00 -7.6153e-01 +1.2612e+00 +4.2650e+00 -5.9991e-01 -1.5765e+00 +4.1784e+00
% function evaluation | noise-free fitness - Fopt (1.205900000000e+02) | best noise-free fitness - Fopt | measured fitness | best measured fitness | x1 | x2...
1 +8.652413045e+02 +8.652413045e+02 +9.858313045e+02 +9.858313045e+02 -1.2348e-01 -1.7378e+00 +4.6951e+00 +3.3072e+00 +2.5215e+00 -1.6416e-01 -2.7444e+00 +4.1149e+00 -4.9298e+00 +5.9210e-01
3 +6.056078074e+02 +6.056078074e+02 +7.261978074e+02 +7.261978074e+02 -2.8069e+00 +2.1427e-01 -4.9404e+00 -2.0227e+00 -2.5944e+00 +2.9511e+00 +3.3158e+00 +4.6912e+00 -2.4480e+00 +2.1227e+00
12 +3.540869660e+02 +3.540869660e+02 +4.746769660e+02 +4.746769660e+02 -2.5207e+00 -2.6200e+00 -2.6018e+00 +4.4402e+00 +3.2873e+00 -7.6209e-01 +1.2201e+00 +6.1932e-01 -4.2544e+00 -3.5888e+00
161 +2.296889069e+02 +2.296889069e+02 +3.502789069e+02 +3.502789069e+02 -4.9760e+00 -1.6975e+00 -3.7548e+00 +7.2922e-01 +3.8888e+00 -3.2244e+00 +2.1503e+00 -1.5309e+00 -4.3267e+00 +2.4228e+00
440 +1.495601537e+02 +1.495601537e+02 +2.701501537e+02 +2.701501537e+02 -1.1154e+00 -6.8104e-01 -4.4503e-01 +1.5112e+00 +5.0000e+00 +8.0023e-02 -3.2278e+00 +1.5311e-01 +4.0686e-01 +2.4923e+00
1192 +9.857433903e+01 +9.857433903e+01 +2.191643390e+02 +2.191643390e+02 -7.7919e-01 -2.3429e+00 -1.1556e+00 +2.0469e+00 +5.0000e+00 -2.1536e+00 -5.6467e-01 -3.9281e-01 -3.5785e+00 +3.0994e+00
2995 +5.515126942e+01 +5.515126942e+01 +1.757412694e+02 +1.757412694e+02 -6.6460e-01 +6.0663e-01 -1.2116e+00 +2.1285e+00 +3.9824e+00 -2.0793e+00 -1.7651e-01 -2.6823e+00 -2.2224e+00 +3.0177e+00
3730 +3.896791022e+01 +3.896791022e+01 +1.595579102e+02 +1.595579102e+02 -9.1357e-01 +7.2231e-01 -1.0761e+00 +1.7316e+00 +4.3920e+00 -1.4234e+00 -4.0361e-01 -2.1414e+00 -2.0499e+00 +2.7601e+00
4448 +2.444654047e+01 +2.444654047e+01 +1.450365405e+02 +1.450365405e+02 -1.0518e+00 +7.2217e-01 -1.0293e+00 +1.8245e+00 +4.4858e+00 -1.3830e+00 -3.8102e-01 -2.1481e+00 -1.9870e+00 +2.7484e+00
% function evaluation | noise-free fitness - Fopt (1.000000000000e+03) | best noise-free fitness - Fopt | measured fitness | best measured fitness | x1 | x2...
1 +9.935278983e+02 +9.935278983e+02 +1.993527898e+03 +1.993527898e+03 -1.4972e-01 -3.1861e+00 -2.4501e+00 -6.1882e-02 +3.4471e+00 -4.3256e-01 -6.4167e-02 -3.7030e+00 -3.5189e+00 +2.8960e-01
11 +4.243329586e+02 +4.243329586e+02 +1.424332959e+03 +1.424332959e+03 +1.2359e+00 -3.9994e+00 +2.8360e+00 -1.1717e+00 -2.4639e+00 -3.4026e+00 +1.0308e+00 +2.5370e+00 -2.6024e+00 -4.6571e+00
37 +3.788438108e+02 +3.788438108e+02 +1.378843811e+03 +1.378843811e+03 -3.8896e+00 -1.4626e+00 +2.2893e-01 -3.1197e+00 +1.0081e+00 +2.3305e+00 +2.9711e+00 +2.4853e+00 -2.5904e+00 -1.0070e+00
309 +2.444956361e+02 +2.444956361e+02 +1.244495636e+03 +1.244495636e+03 +2.6640e-01 -6.0888e-01 -2.7032e+00 -2.5065e+00 +6.8614e-01 +5.2795e-01 +8.3363e-01 +3.6209e+00 -1.1323e+00 -5.0000e+00
586 +1.347722926e+02 +1.347722926e+02 +1.134772293e+03 +1.134772293e+03 -3.7136e+00 -1.0056e+00 -1.2817e+00 +3.2858e+00 -1.4003e+00 +3.3126e+00 +5.0000e+00 +2.7855e+00 +1.2586e+00 -1.9295e+00
1052 +8.209537635e+01 +8.209537635e+01 +1.082095376e+03 +1.082095376e+03 -2.4975e+00 -2.6232e+00 -2.6183e+00 +8.0809e-01 -2.2928e+00 +4.5023e+00 +4.9727e+00 +2.4540e+00 +1.9049e+00 -3.3731e+00
2382 +5.677646596e+01 +5.677646596e+01 +1.056776466e+03 +1.056776466e+03 -1.3662e+00 -2.5190e+00 -1.8659e+00 +3.4076e+00 -1.5714e+00 +3.9600e+00 +3.6162e+00 +2.1032e+00 +2.3137e+00 -4.2271e+00
4272 +3.959229288e+01 +3.959229288e+01 +1.039592293e+03 +1.039592293e+03 -1.9966e+00 -2.4274e+00 -2.4171e+00 +3.4902e+00 -8.7025e-01 +3.5296e+00 +4.4599e+00 +1.9090e+00 +1.5791e+00 -4.5181e+00
% function evaluation | noise-free fitness - Fopt (-9.166000000000e+01) | best noise-free fitness - Fopt | measured fitness | best measured fitness | x1 | x2...
1 +1.429248335e+03 +1.429248335e+03 +1.337588335e+03 +1.337588335e+03 +7.9319e-01 +3.3592e+00 +2.5721e+00 +2.8704e+00 -4.3426e+00 +9.0218e-01 -2.7541e+00 +3.4030e+00 -2.6512e+00 +2.5245e+00
3 +3.256992684e+02 +3.256992684e+02 +2.340392684e+02 +2.340392684e+02 -1.6204e+00 -5.4913e-01 -1.5083e+00 -2.2350e-01 +1.9257e+00 +7.0818e-01 +4.0672e+00 -1.9646e+00 -1.8882e+00 -1.9745e+00
82 +2.447991192e+02 +2.447991192e+02 +1.531391192e+02 +1.531391192e+02 -2.5958e+00 -4.7757e+00 +1.7108e+00 +2.4360e+00 -9.9485e-01 +1.0564e+00 +6.9367e-01 +1.3137e+00 +1.0291e+00 +4.9907e+00
234 +1.494526787e+02 +1.494526787e+02 +5.779267875e+01 +5.779267875e+01 +6.1869e-01 -1.7293e+00 +3.5992e+00 +9.0317e-01 -2.3835e-01 -1.3650e+00 +1.4707e+00 -3.8037e-01 +5.9511e-02 +4.7073e+00
1591 +9.915031544e+01 +9.915031544e+01 +7.490315444e+00 +7.490315444e+00 -1.4544e+00 -4.0140e+00 +2.4658e+00 +1.8129e+00 -9.4483e-01 +4.2713e-01 +3.1334e+00 -6.5582e-01 +1.8239e+00 +3.1952e+00
2865 +6.188313180e+01 +6.188313180e+01 -2.977686820e+01 -2.977686820e+01 -6.4637e-01 -3.1592e+00 +4.1447e+00 +1.6457e+00 -3.8940e-01 -2.3691e+00 +4.1091e+00 -1.5918e+00 +2.4939e+00 +4.6980e+00
4058 +3.738206087e+01 +3.738206087e+01 -5.427793913e+01 -5.427793913e+01 -7.8853e-01 -3.1208e+00 +4.1467e+00 +2.9136e+00 -4.7986e-02 -2.4543e+00 +3.7630e+00 -1.6912e+00 +2.2568e+00 +4.4447e+00
% function evaluation | noise-free fitness - Fopt (5.961500000000e+02) | best noise-free fitness - Fopt | measured fitness | best measured fitness | x1 | x2...
1 +4.477242223e+02 +4.477242223e+02 +1.043874222e+03 +1.043874222e+03 -4.6177e+00 -3.6322e+00 +7.0721e-01 -1.9422e+00 +6.4516e-01 +1.2145e+00 -4.2486e+00 -3.7297e+00 +3.6916e+00 +4.8806e+00
6 +3.235672971e+02 +3.235672971e+02 +9.197172971e+02 +9.197172971e+02 -3.2148e+00 -2.4438e+00 +5.0069e-01 +1.6385e+00 +3.6487e+00 +2.3273e+00 -3.8762e+00 -3.2146e+00 +2.9554e+00 +2.4475e+00
126 +2.199471812e+02 +2.199471812e+02 +8.160971812e+02 +8.160971812e+02 +1.2268e+00 -2.6530e+00 -3.0460e+00 +2.5565e+00 -2.2803e+00 +3.8057e-01 -1.9496e+00 -4.1833e+00 +1.5208e+00 +1.8196e+00
243 +1.582353205e+02 +1.582353205e+02 +7.543853205e+02 +7.543853205e+02 +4.8224e-03 -1.2516e+00 -4.9106e+00 +8.9388e-01 -1.2190e+00 -4.1342e+00 -3.7412e+00 -3.2393e+00 +1.8086e+00 +4.3883e+00
1264 +8.783517921e+01 +8.783517921e+01 +6.839851792e+02 +6.839851792e+02 -4.0191e+00 -1.6793e+00 -5.0000e+00 +2.8093e+00 -1.4036e+00 -4.0788e+00 -4.7076e+00 -3.9796e+00 +1.1250e+00 +4.5837e+00
3156 +5.648521345e+01 +5.648521345e+01 +6.526352135e+02 +6.526352135e+02 -2.2496e+00 -7.7545e-01 -1.1712e+00 +2.7190e+00 -1.5097e+00 -1.9542e+00 -1.2026e+00 -3.4315e+00 +3.5081e+00 +3.7047e+00
3162 +3.583853543e+01 +3.583853543e+01 +6.319885354e+02 +6.319885354e+02 -3.1389e+00 -8.2348e-01 -1.9952e+00 +3.1675e+00 -1.7893e+00 -2.9126e+00 -2.8039e+00 -3.0422e+00 +2.5230e+00 +3.2846e+00
4618 +2.406441629e+01 +2.406441629e+01 +6.202144163e+02 +6.202144163e+02 -3.0994e+00 -1.5216e+00 -2.1532e+00 +3.2837e+00 -1.5573e+00 -2.9891e+00 -2.8932e+00 -3.0890e+00 +2.7655e+00 +3.2348e+00
% function evaluation | noise-free fitness - Fopt (1.325100000000e+02) | best noise-free fitness - Fopt | measured fitness | best measured fitness | x1 | x2...
1 +4.601809783e+02 +4.601809783e+02 +5.926909783e+02 +5.926909783e+02 +5.4701e-01 +2.7213e-01 +4.3219e-01 -1.0775e+00 -2.1408e+00 -5.1195e-01 +3.4247e+00 +2.7693e+00 +2.0557e+00 +2.7242e+00
39 +2.769124570e+02 +2.769124570e+02 +4.094224570e+02 +4.094224570e+02 +7.4685e-01 +3.8977e+00 +1.2127e+00 -1.5598e+00 +8.2453e-01 +4.8668e+00 +3.9770e+00 +2.6517e+00 +8.6218e-02 -3.4852e+00
84 +2.404727692e+02 +2.404727692e+02 +3.729827692e+02 +3.729827692e+02 +3.0147e+00 +8.9078e-01 +1.0929e+00 -3.4711e+00 -9.9558e-01 +4.8433e+00 +4.8892e+00 +3.5763e+00 -1.0694e+00 -7.0043e-01
215 +1.397701543e+02 +1.397701543e+02 +2.722801543e+02 +2.722801543e+02 +3.1251e+00 +4.5677e+00 +5.0000e+00 -7.6196e-01 -9.3598e-01 -6.5071e-01 +5.0000e+00 +2.9342e+00 +1.9074e+00 -1.1709e+00
1319 +9.178871807e+01 +9.178871807e+01 +2.242987181e+02 +2.242987181e+02 +2.4644e+00 +3.5287e+00 +4.0091e+00 -3.3590e+00 +1.9886e+00 +3.7046e+00 +5.0000e+00 +2.0571e+00 +1.0876e+00 +0.0000e+00
2236 +4.442700815e+01 +4.442700815e+01 +1.769370082e+02 +1.769370082e+02 +1.3024e+00 +4.7659e+00 +3.2231e+00 -2.7774e+00 +5.1816e-02 +2.4152e+00 +2.9965e+00 +2.1950e+00 -6.7882e-01 -1.3092e+00
4050 +3.980106409e+01 +3.980106409e+01 +1.723110641e+02 +1.723110641e+02 +1.2599e+00 +4.7945e+00 +3.2226e+00 -2.7500e+00 -6.4244e-02 +2.3251e+00 +3.1274e+00 +2.1588e+00 -6.2968e-01 -1.3260e+00
4827 +1.769111740e+01 +1.769111740e+01 +1.502011174e+02 +1.502011174e+02 +1.4678e+00 +4.6908e+00 +3.2646e+00 -2.7229e+00 -5.6714e-02 +2.3452e+00 +3.2525e+00 +2.1555e+00 -6.0512e-01 -1.3251e+00
% function evaluation | noise-free fitness - Fopt (-2.401800000000e+02) | best noise-free fitness - Fopt | measured fitness | best measured fitness | x1 | x2...
1 +9.247021394e+02 +9.247021394e+02 +6.845221394e+02 +6.845221394e+02 -1.0030e+00 +9.2949e-01 -2.8369e+00 +2.2540e+00 +4.6951e+00 -1.3509e+00 +2.8803e+00 -2.3190e+00 -4.4795e+00 -2.8142e-01
5 +5.674396135e+02 +5.674396135e+02 +3.272596135e+02 +3.272596135e+02 -4.1673e+00 -6.3715e-01 -4.9237e-01 -1.9695e+00 -5.6694e-01 +1.1312e-01 -1.1797e+00 -1.9956e+00 +4.7512e+00 +2.3922e+00
11 +3.656394216e+02 +3.656394216e+02 +1.254594216e+02 +1.254594216e+02 +1.0465e+00 +2.2048e+00 -3.3842e+00 -6.5886e-01 +1.1425e+00 +3.3767e+00 -2.2650e+00 +5.8991e-01 +1.5865e+00 -3.2167e+00
22 +2.399639089e+02 +2.399639089e+02 -2.160910587e-01 -2.160910587e-01 -3.4806e+00 -1.6136e-01 +6.2645e-01 +3.6490e+00 -4.2326e-03 +1.3660e+00 -3.2199e+00 -1.6673e+00 +2.9871e+00 -2.1115e+00
455 +1.231107658e+02 +1.231107658e+02 -1.170692342e+02 -1.170692342e+02 -2.4685e+00 +1.2886e+00 +1.3360e+00 -3.6914e-01 +9.2189e-01 +1.4368e+00 -2.6593e+00 -2.3016e+00 +4.0049e+00 -4.3414e+00
1444 +8.680958388e+01 +8.680958388e+01 -1.533704161e+02 -1.533704161e+02 -2.1292e+00 +2.5892e+00 +3.4176e-01 -2.9537e+00 -6.3730e-01 -5.2562e-01 -1.0764e+00 -4.3051e+00 +2.8934e+00 -2.3980e+00
2896 +5.539285138e+01 +5.539285138e+01 -1.847871486e+02 -1.847871486e+02 -3.6174e+00 +2.4882e+00 +6.5528e-01 -1.5850e+00 +1.0250e+00 -9.4334e-01 -2.8638e+00 -2.4822e+00 +2.5763e+00 -3.7827e+00
4607 +3.955491208e+01 +3.955491208e+01 -2.006250879e+02 -2.006250879e+02 -3.3622e+00 +1.6601e+00 +9.6806e-01 -1.5940e+00 +9.4795e-01 -3.7632e-01 -2.7240e+00 -2.4517e+00 +2.5516e+00 -3.8602e+00
% function evaluation | noise-free fitness - Fopt (-3.941600000000e+02) | best noise-free fitness - Fopt | measured fitness | best measured fitness | x1 | x2...
1 +2.500256331e+03 +2.500256331e+03 +2.106096331e+03 +2.106096331e+03 +1.8330e+00 +2.4377e+00 +3.5416e-01 -2.9405e+00 +3.9511e+00 -1.0942e+00 +3.8488e+00 -1.6877e+00 -2.1576e+00 +3.6769e+00
2 +3.023385595e+02 +3.023385595e+02 -9.182144054e+01 -9.182144054e+01 +3.3427e-01 -4.7507e+00 +2.8720e+00 -3.3324e+00 +2.4350e+00 +2.3779e+00 -5.6142e-01 -3.9265e+00 -2.3778e+00 +2.5140e+00
24 +2.508600253e+02 +2.508600253e+02 -1.432999747e+02 -1.432999747e+02 -1.2654e+00 -4.4523e+00 +4.1985e+00 -1.0997e+00 +2.6121e+00 +1.0008e+00 -2.8546e+00 -3.3594e+00 -1.2044e+00 -3.7076e+00
336 +1.272032227e+02 +1.272032227e+02 -2.669567773e+02 -2.669567773e+02 -1.5948e+00 -5.0000e+00 +2.3772e+00 -1.3474e+00 -1.3996e+00 +3.3904e+00 -1.7459e+00 -1.5640e+00 -1.9422e+00 -1.7215e-01
1321 +9.880317495e+01 +9.880317495e+01 -2.953568250e+02 -2.953568250e+02 -8.1623e-01 -4.6182e+00 -9.9904e-01 +1.2060e-01 -2.1834e-01 +7.5826e-01 -2.1217e+00 -2.8556e+00 -2.1762e+00 -6.3886e-01
2431 +5.004920998e+01 +5.004920998e+01 -3.441107900e+02 -3.441107900e+02 -1.4695e+00 -4.2533e+00 -1.9705e-02 +1.2129e+00 -7.5366e-01 +1.1916e+00 -3.9287e+00 -2.8142e+00 +5.1143e-01 +3.2313e-02
4481 +3.861683432e+01 +3.861683432e+01 -3.555431657e+02 -3.555431657e+02 -1.4930e+00 -4.2677e+00 +1.8361e-01 +1.2841e+00 -1.0800e+00 +1.2486e+00 -3.8926e+00 -2.9626e+00 +4.3856e-01 -2.9846e-01
