% function evaluation | noise-free fitness - Fopt (1.000000000000e+03) | best noise-free fitness - Fopt | measured fitness | best measured fitness | x1 | x2...
1 +1.064183465e+03 +1.064183465e+03 +2.064183465e+03 +2.064183465e+03 -1.3450e+00 -1.3106e+00 -4.7523e+00 +2.2799e+00 -1.3020e+00 +1.4017e+00 -1.7202e+00 -4.6877e+00 -3.8466e+00 -9.4235e-01 -3.7615e-01 -4.2969e+00 -2.8461e+00 -4.6276e+00 +3.9243e+00 +2.7254e-01 +1.1189e+00 -5.7661e-01 +2.7489e+00 -4.4357e+00
11 +8.757594916e+02 +8.757594916e+02 +1.875759492e+03 +1.875759492e+03 +4.4160e+00 +4.5643e+00 +4.6552e+00 +4.3944e+00 +4.7618e+00 -3.3864e+00 +4.4186e-01 +3.3830e+00 +5.3155e-01 +1.0333e-01 -3.4975e+00 +3.6410e+00 -4.5808e+00 -3.8017e+00 +2.9175e+00 -3.4473e+00 -1.1185e+00 -3.2715e+00 +1.1742e+00 +4.0728e+00
368 +5.164847397e+02 +5.164847397e+02 +1.516484740e+03 +1.516484740e+03 +1.6389e+00 +9.1070e-01 +1.9386e-01 +3.6756e+00 +3.4904e+00 +7.5718e-01 -3.4035e+00 +5.0000e+00 -2.1090e+00 -4.0662e+00 -3.3612e+00 -1.4954e+00 +4.1175e-01 +4.6652e-01 +2.5041e+00 -1.1248e+00 +4.9657e+00 +3.0426e+00 -1.0636e+00 +4.8306e-01
1012 +3.595252475e+02 +3.595252475e+02 +1.359525247e+03 +1.359525247e+03 -1.6733e+00 +4.1186e-01 +5.2794e-01 +2.9859e+00 +2.8588e+00 +3.4120e-01 +9.6796e-03 +1.2734e+00 -4.2387e+00 +2.5279e-01 -3.1402e+00 -5.0000e+00 +4.8187e-01 -3.3051e+00 +1.1436e+00 +1.0121e+00 +3.9940e+00 -9.3230e-01 -1.5424e+00 +3.5799e-01
1747 +2.292535503e+02 +2.292535503e+02 +1.229253550e+03 +1.229253550e+03 +2.4973e-02 +2.5338e+00 +2.0570e+00 +2.3169e+00 +2.7776e+00 -2.5134e+00 -8.1578e-01 -4.6249e-02 -3.6001e+00 -6.3564e-01 -2.0990e+00 -1.8813e+00 -8.5863e-01 -3.6130e+00 +1.5423e+00 +2.3252e+00 +3.3457e+00 -1.9827e-01 -1.8222e+00 +1.5937e+00
3411 +1.510814833e+02 +1.510814833e+02 +1.151081483e+03 +1.151081483e+03 -2.8083e+00 +2.3011e+00 +2.8437e+00 +3.6700e+00 +2.8290e+00 -1.4664e+00 -1.1620e+00 +9.2365e-01 -4.1324e+00 -1.2638e+00 -3.1790e+00 -2.5226e+00 -6.9152e-01 -3.7956e+00 +3.5381e+00 +3.1203e+00 +2.4033e+00 -4.4660e-01 -1.7745e+00 -1.1543e+00
% function evaluation | noise-free fitness - Fopt (7.003000000000e+01) | best noise-free fitness - Fopt | measured fitness | best measured fitness | x1 | x2...
1 +3.067435054e+03 +3.067435054e+03 +3.137465054e+03 +3.137465054e+03 +4.3558e+00 -1.4240e+00 +2.0776e+00 +3.8254e+00 +1.0699e+00 -9.2353e-01 +1.6975e+00 +4.7514e+00 +1.6169e+00 +2.9255e+00 -1.5150e+00 +2.8332e+00 +4.4321e+00 -1.3967e+00 -3.3016e+00 -3.7830e+00 +4.6116e+00 -3.0905e+00 +3.8555e-01 -4.1412e+00
2 +1.429496968e+03 +1.429496968e+03 +1.499526968e+03 +1.499526968e+03 +1.3483e+00 -1.3931e+00 +3.9118e+00 -1.1561e+00 +1.7396e+00 +2.3663e-01 -3.5312e+00 +4.2518e-01 +4.4825e+00 -4.6269e+00 +4.8815e-01 -3.8120e+00 +3.7551e+00 +1.1899e+00 -8.8442e-01 -4.7472e+00 +2.1371e+00 -1.3373e+00 -2.7110e+00 -4.4095e+00
4 +7.881432890e+02 +7.881432890e+02 +8.581732890e+02 +8.581732890e+02 +2.1607e+00 +6.8789e-01 -3.3964e+00 -1.9990e+00 +1.9603e+00 -4.5409e+00 -3.5946e+00 -2.7693e+00 -9.4209e-01 +2.9161e+00 +4.6201e+00 -9.8881e-03 -1.3370e+00 -1.4211e+00 -4.6396e+00 -2.5358e+00 -4.1024e+00 +1.2427e+00 -2.7778e+00 -5.7584e-01
15 +5.719515324e+02 +5.719515324e+02 +6.419815324e+02 +6.419815324e+02 +1.8266e-02 +1.7632e+00 -4.8395e+00 -4.8669e+00 +1.6486e+00 -3.9834e+00 -3.7626e-01 +2.3063e+00 -2.0128e+00 +1.2859e+00 +3.3477e+00 +2.8730e+00 +4.6053e+00 -3.4427e+00 -3.8680e+00 -1.4623e+00 -3.3171e+00 -6.1624e-01 -3.1371e+00 +1.1116e+00
605 +3.314902631e+02 +3.314902631e+02 +4.015202631e+02 +4.015202631e+02 -3.9947e-02 +1.0300e+00 -4.4115e+00 -4.2894e+00 +3.9330e+00 -5.0000e+00 -2.8678e+00 +1.3478e+00 -5.0000e+00 +0.0000e+00 +2.0103e+00 +6.8662e-01 +5.0000e+00 -1.0669e+00 -3.2956e+00 -2.9193e+00 -2.4251e+00 +5.0000e+00 -2.3142e+00 +3.2099e+00
1963 +2.462748282e+02 +2.462748282e+02 +3.163048282e+02 +3.163048282e+02 -4.9511e-01 -3.0856e+00 -3.7020e+00 -2.3508e+00 +1.0802e-01 -4.7444e+00 -7.0267e-01 -2.6493e-01 -1.3205e+00 -9.8219e-02 +6.3613e-01 -1.7320e+00 +3.2673e+00 -2.3426e+00 -3.1082e+00 -1.5985e+00 +1.8645e+00 -1.6408e-01 -1.6444e+00 +2.2368e+00
4071 +1.560596406e+02 +1.560596406e+02 +2.260896406e+02 +2.260896406e+02 -8.3624e-01 -2.7608e+00 -4.2609e+00 -2.2476e+00 -1.1883e+00 -2.7153e+00 -8.6265e-01 +1.1269e+00 -2.3550e+00 -5.7188e-01 +5.7152e-02 -2.1905e+00 +3.1247e+00 -3.8711e+00 -2.7226e+00 -2.6235e+00 +1.3670e+00 +5.0000e+00 -2.2684e+00 +5.9431e-01
% function evaluation | noise-free fitness - Fopt (-4.822000000000e+01) | best noise-free fitness - Fopt | measured fitness | best measured fitness | x1 | x2...
1 +2.662058356e+03 +2.662058356e+03 +2.613838356e+03 +2.613838356e+03 -4.4012e+00 +9.2718e-01 +2.8404e+00 -3.1793e+00 -2.3788e+00 +3.6331e+00 +4.9608e+00 -1.7445e+00 -2.9735e+00 +4.0272e+00 -4.6581e+00 +4.0929e+00 +8.3340e-01 -2.2626e+00 +1.7925e+00 +2.8133e+00 +4.0807e+00 +2.4704e+00 +1.6376e+00 +1.6648e+00
5 +2.318232973e+03 +2.318232973e+03 +2.270012973e+03 +2.270012973e+03 +4.2372e+00 -1.8943e+00 -1.9013e+00 -1.8207e+00 -1.5714e+00 -1.1951e+00 +2.8589e+00 +2.3830e+00 -1.8808e+00 +1.8635e+00 -4.2997e+00 -2.7419e+00 +1.9261e-01 +2.2727e+00 +2.8276e-01 -2.9780e+00 -8.3498e-01 -3.4824e+00 -2.0316e+00 -2.4489e+00
6 +1.222089505e+03 +1.222089505e+03 +1.173869505e+03 +1.173869505e+03 -4.9384e+00 -8.0222e-01 +2.0858e+00 -1.3971e+00 -4.2808e+00 -2.0554e+00 +2.1275e+00 +2.6680e+00 +9.5644e-01 +2.9690e+00 -4.8432e+00 -4.6397e+00 -2.7148e+00 -1.6258e-02 -4.1194e+00 -2.3078e+00 +2.3752e-01 -4.4447e+00 +1.1252e+00 +6.4458e-01
41 +8.307845119e+02 +8.307845119e+02 +7.825645119e+02 +7.825645119e+02 -4.3213e+00 +4.5608e+00 -9.3095e-01 -2.5295e+00 -1.5637e+00 +3.0609e+00 -2.3062e+00 -3.2889e+00 -3.6835e+00 +4.4387e+00 +4.8161e+00 -3.7010e+00 -2.1976e+00 -1.4558e+00 -1.8226e+00 -4.1000e+00 +1.5711e+00 -2.7526e-01 +1.8802e+00 -2.0572e+00
209 +6.210496885e+02 +6.210496885e+02 +5.728296885e+02 +5.728296885e+02 +1.3267e+00 -2.3149e+00 -1.0508e+00 -7.7845e-01 +7.2647e-01 +5.0000e+00 -3.0747e+00 -4.3594e-01 -8.3036e-01 +2.5717e+00 -3.9842e+00 +2.0641e+00 -3.6782e-01 +5.0000e+00 -2.4694e+00 -3.3086e+00 -3.6013e+00 +2.7041e+00 -1.0566e+00 +1.4677e+00
776 +3.786778120e+02 +3.786778120e+02 +3.304578120e+02 +3.304578120e+02 +9.8563e-01 -2.6106e+00 -3.7676e+00 +1.5722e+00 -1.4685e+00 +1.2040e+00 -2.9908e+00 +0.0000e+00 -1.8327e+00 +1.2844e+00 +1.5077e+00 +3.2650e-01 -6.7831e-01 +1.2512e+00 -3.3507e+00 -1.2351e+00 -8.0908e-01 -1.0590e+00 +2.4123e+00 +0.0000e+00
1233 +2.452475709e+02 +2.452475709e+02 +1.970275709e+02 +1.970275709e+02 +9.2307e-01 -5.5497e-01 -2.1273e+00 +4.6844e-01 -5.0000e+00 +6.8707e-01 -4.9621e+00 +1.0101e-01 -2.2329e+00 +2.3469e+00 +4.9577e-01 -7.6166e-02 -3.9153e-01 +3.0468e+00 -1.6105e+00 -6.6906e-01 -1.7626e+00 -2.2022e+00 +1.6584e+00 +7.3805e-01
2690 +1.511290699e+02 +1.511290699e+02 +1.029090699e+02 +1.029090699e+02 -2.5676e+00 -6.5944e-01 -2.2263e+00 -1.7625e+00 -2.7975e+00 +2.9539e+00 -5.0000e+00 +1.6706e+00 -1.9588e+00 +3.9845e+00 +1.6479e-01 -6.1872e-01 -5.6024e-01 +2.3470e+00 -8.9682e-01 -8.2020e-01 -2.2117e+00 -1.0728e+00 +2.6750e+00 +7.3504e-01
4816 +9.853976281e+01 +9.853976281e+01 +5.031976281e+01 +5.031976281e+01 -2.5237e+00 -6.8128e-01 -2.1935e+00 -1.8160e+00 -3.0106e+00 +3.0156e+00 -5.0000e+00 +1.7750e+00 -1.9887e+00 +4.0060e+00 +2.6128e-01 -6.8020e-01 -7.3313e-01 +2.8266e+00 -6.8277e-01 -8.8582e-01 -2.2165e+00 -9.6715e-01 +2.6243e+00 +7.3047e-01
% function evaluation | noise-free fitness - Fopt (2.547000000000e+01) | best noise-free fitness - Fopt | measured fitness | best measured fitness | x1 | x2...
1 +2.664794901e+03 +2.664794901e+03 +2.690264901e+03 +2.690264901e+03 +3.5131e+00 +2.1865e+00 +4.5464e+00 +9.9045e-01 +1.0567e+00 -1.4308e+00 -3.7180e-01 +1.2317e+00 +3.1539e+00 +7.1797e-01 -1.9000e+00 -2.3035e+00 +2.0667e+00 -9.1091e-01 +3.1279e+00 -6.1261e-01 -6.9288e-01 -4.7097e+00 +2.5304e+00 +4.9585e-01
2 +2.465676501e+03 +2.465676501e+03 +2.491146501e+03 +2.491146501e+03 +3.3010e+00 -4.7372e-01 +2.8594e+00 -1.0361e+00 +1.7854e+00 +1.8545e+00 -2.8087e+00 -1.8214e+00 +3.6930e+00 +2.9300e+00 -1.6029e+00 +2.6126e+00 -2.5930e+00 -4.6229e+00 -3.1801e+00 -5.1499e-01 +1.5310e+00 +1.6589e+00 +2.1661e+00 -5.2560e-01
12 +1.351223418e+03 +1.351223418e+03 +1.376693418e+03 +1.376693418e+03 +5.4838e-01 -4.1075e+00 -9.1945e-01 +3.1968e+00 +3.9947e+00 +4.9378e+00 -3.7723e+00 +4.9306e+00 +7.9340e-01 +4.0466e+00 -4.9004e-01 -6.5083e-01 +4.5121e+00 +1.3918e+00 +1.3013e+00 +3.1745e+00 -2.5316e+00 +2.5459e+00 -4.4717e+00 -4.2426e+00
34 +7.519188960e+02 +7.519188960e+02 +7.773888960e+02 +7.773888960e+02 -4.0678e+00 -3.3838e+00 -2.7647e+00 -1.2163e+00 +8.8263e-01 +3.3103e-01 -2.2104e+00 -3.1992e+00 +1.3284e+00 -1.1216e+00 +2.0898e-01 -6.7145e-01 +4.4944e+00 +3.5586e+00 -1.4295e+00 -3.2713e+00 -2.2914e+00 +4.5491e+00 +1.1194e+00 -3.3516e+00
273 +5.701238796e+02 +5.701238796e+02 +5.955938796e+02 +5.955938796e+02 -1.8488e+00 -4.5115e+00 -2.8657e+00 +1.0044e+00 -2.3606e+00 -3.3579e-01 +8.6850e-05 -2.0960e+00 +5.0000e+00 +2.9191e-01 -2.0980e+00 -3.8991e+00 +3.8516e+00 -2.2944e+00 -4.1674e-01 -5.0000e+00 -8.6616e-01 +2.0629e+00 +1.8595e+00 -1.5941e+00
604 +3.478795784e+02 +3.478795784e+02 +3.733495784e+02 +3.733495784e+02 -2.3308e+00 -2.9572e+00 +8.2328e-01 +4.3036e-01 +0.0000e+00 +1.0330e+00 -1.1979e+00 +0.0000e+00 +2.0952e+00 -2.3474e+00 +0.0000e+00 -1.6413e+00 +0.0000e+00 +1.9114e+00 +3.0728e-01 -5.0000e+00 +3.1082e+00 +3.3724e+00 +8.3132e-01 -3.0927e+00
1502 +2.460691400e+02 +2.460691400e+02 +2.715391400e+02 +2.715391400e+02 -2.2145e+00 -3.4793e+00 +1.6402e+00 +0.0000e+00 -1.5444e+00 +7.4196e-01 +4.7376e-01 +1.4015e-01 +2.4867e+00 -1.2164e+00 -3.0298e+00 -1.1140e+00 -6.4252e-01 -7.6479e-02 +3.1754e+00 -4.4807e+00 +6.9562e-01 +3.1308e+00 +2.3240e+00 -4.4327e+00
3485 +1.584537071e+02 +1.584537071e+02 +1.839237071e+02 +1.839237071e+02 -3.4064e+00 -2.9158e+00 -7.1256e-01 -8.5775e-01 -1.3842e+00 -3.0916e-01 -3.2259e-01 -6.9761e-01 +3.8019e+00 -5.3657e-02 -2.8290e+00 -1.5019e+00 -1.6544e+00 -7.9016e-01 +4.0716e+00 -4.3795e+00 +1.9255e+00 +4.1841e+00 +2.0307e+00 -4.4456e+00
% function evaluation | noise-free fitness - Fopt (-1.008100000000e+02) | best noise-free fitness - Fopt | measured fitness | best measured fitness | x1 | x2...
1 +1.388958681e+03 +1.388958681e+03 +1.288148681e+03 +1.288148681e+03 -2.4162e+00 +4.0260e+00 +1.2691e-01 +3.0134e+00 -4.3779e-01 +4.4549e+00 +1.9569e+00 -2.4982e+00 -6.2510e-01 -4.5569e+00 +1.4944e+00 +1.1673e+00 -1.7061e+00 +2.9856e+00 +3.6090e+00 +2.7519e+00 +4.2340e-01 +2.3358e+00 -4.5894e+00 +1.9569e+00
15 +8.922418492e+02 +8.922418492e+02 +7.914318492e+02 +7.914318492e+02 +3.2590e+00 -4.9501e-01 +2.9589e-01 +7.6865e-01 +4.1910e+00 +3.4520e-01 -1.0143e-01 -1.3464e+00 -8.3946e-01 -2.9243e+00 +2.0602e+00 -4.2202e+00 -3.4973e-01 -4.1637e-01 +4.9628e+00 +4.3927e+00 -4.6407e+00 -1.0812e+00 +4.1189e+00 +1.1619e+00
214 +6.064574114e+02 +6.064574114e+02 +5.056474114e+02 +5.056474114e+02 +2.0987e+00 +5.4012e-01 +1.2427e+00 -1.3654e+00 +3.4921e+00 -8.9086e-01 -1.0718e+00 +1.9527e+00 -1.8665e+00 +6.6525e-01 -3.2257e+00 +6.3661e-01 -3.1253e+00 +2.1440e+00 +4.1274e-01 +3.8717e+00 +1.7542e+00 +1.8771e+00 +4.0682e+00 +5.0000e+00
628 +3.417229258e+02 +3.417229258e+02 +2.409129258e+02 +2.409129258e+02 +1.2331e+00 +3.1897e+00 +1.1268e+00 -1.5306e+00 +4.0951e+00 -1.5778e+00 -1.1249e+00 +7.4936e-01 -4.7000e+00 -1.4879e-01 +6.4857e-01 -5.0000e+00 -1.5584e+00 -2.3885e+00 +0.0000e+00 +1.8913e+00 +0.0000e+00 -1.8821e+00 +2.5312e+00 +5.3660e-02
2288 +2.220455245e+02 +2.220455245e+02 +1.212355245e+02 +1.212355245e+02 +2.5567e+00 +3.2768e+00 +7.5250e-01 -1.7302e+00 +3.2781e+00 -8.8672e-01 +4.7020e-01 +3.0670e-01 -3.7700e+00 -1.0859e+00 +1.3119e+00 -4.4227e+00 -1.2787e+00 -3.5225e+00 +1.4361e+00 +2.0128e+00 +6.7631e-01 -1.5363e+00 +2.0698e+00 +8.7853e-01
% function evaluation | noise-free fitness - Fopt (8.333000000000e+01) | best noise-free fitness - Fopt | measured fitness | best measured fitness | x1 | x2...
1 +2.055186805e+03 +2.055186805e+03 +2.138516805e+03 +2.138516805e+03 +3.3215e+00 +2.1880e+00 -4.4548e+00 -3.6696e+00 +1.2376e+00 -5.4718e-01 -9.4443e-01 -2.7696e+00 -3.6978e+00 +2.4872e+00 +1.9074e+00 +3.4348e+00 +3.2203e+00 -4.2387e+00 +1.9810e+00 +3.8688e+00 +4.8818e+00 +2.0741e+00 +4.7645e+00 +4.4359e+00
13 +8.999056106e+02 +8.999056106e+02 +9.832356106e+02 +9.832356106e+02 +4.8702e+00 +1.1305e-02 -3.7617e+00 +3.2885e+00 +2.2646e+00 +3.6071e+00 -1.0748e+00 -4.3984e+00 -4.8792e+00 +3.9339e+00 +4.9617e+00 +9.3763e-01 +1.9286e+00 +2.1969e+00 +3.8634e+00 -3.7604e+00 -4.3707e+00 -4.9310e-01 +1.5502e+00 +7.8587e-01
306 +5.664207630e+02 +5.664207630e+02 +6.497507630e+02 +6.497507630e+02 +5.0000e+00 -8.2323e-01 -4.5672e-01 +1.8545e-01 +5.0000e+00 +1.9701e+00 +1.1016e+00 -2.9511e+00 -3.7858e+00 +5.0000e+00 +1.4096e+00 +1.5613e+00 +1.4579e+00 +4.9175e-01 +2.1874e-01 -5.0000e+00 -8.4382e-01 +3.3789e+00 +4.3665e+00 +3.1436e+00
730 +3.959379543e+02 +3.959379543e+02 +4.792679543e+02 +4.792679543e+02 +0.0000e+00 +0.0000e+00 +8.7137e-01 +3.2483e+00 +1.4328e+00 +7.0460e-01 -1.5899e+00 +0.0000e+00 -3.1758e+00 +3.7448e+00 +1.5973e+00 +7.3238e-01 +2.4038e+00 -5.3127e-01 +2.9421e+00 -2.0116e+00 -3.1098e+00 +4.6768e-02 +1.7698e+00 +2.6467e+00
1685 +2.102507399e+02 +2.102507399e+02 +2.935807399e+02 +2.935807399e+02 +7.3021e-01 -1.3491e+00 +5.0000e+00 +2.5628e+00 +2.1752e+00 +2.1573e-01 -8.1242e-01 -2.0412e+00 -2.7647e+00 +3.7914e+00 +2.4935e+00 +8.5054e-01 -2.2715e-01 -1.0216e+00 +3.4938e+00 -2.2490e+00 -3.7545e+00 +1.1129e+00 +2.8422e+00 +2.7912e+00
4289 +1.550246463e+02 +1.550246463e+02 +2.383546463e+02 +2.383546463e+02 +7.6271e-01 -8.7400e-01 +5.0000e+00 +2.6568e+00 +2.1880e+00 +1.2524e-01 -6.1047e-01 -2.6804e+00 -9.2565e-01 +3.7470e+00 +1.3643e+00 +8.7362e-01 +6.2177e-01 -1.4938e+00 +3.4265e+00 -2.7702e+00 -1.4350e+00 +1.8220e+00 +3.1275e+00 +2.8803e+00
% function evaluation | noise-free fitness - Fopt (2.085600000000e+02) | best noise-free fitness - Fopt | measured fitness | best measured fitness | x1 | x2...
1 +1.985807175e+03 +1.985807175e+03 +2.194367175e+03 +2.194367175e+03 +2.5055e+00 -2.3191e+00 -4.8245e+00 +4.4900e+00 -3.1832e+00 +9.0219e-01 +2.1042e+00 +1.8623e+00 +3.1249e+00 -3.3368e+00 +2.2799e+00 +2.9537e+00 -5.6359e-01 +3.3131e+00 +1.5961e+00 +1.9911e+00 -2.1707e+00 +7.1586e-01 -6.5577e-01 -3.1218e+00
3 +1.290741533e+03 +1.290741533e+03 +1.499301533e+03 +1.499301533e+03 -2.3893e+00 +2.1956e-01 -1.1900e+00 +1.0888e+00 -3.7443e+00 +2.9694e+00 +2.4139e-01 -4.4894e-01 -3.4915e+00 -5.4517e-01 -3.4309e+00 -1.9809e+00 -2.5974e+00 -3.6796e+00 -2.9151e+00 -4.2305e+00 -5.3876e-01 -8.6581e-01 -1.9985e-01 +7.3707e-01
16 +8.593263559e+02 +8.593263559e+02 +1.067886356e+03 +1.067886356e+03 +1.4833e+00 +3.0432e+00 +3.0953e+00 +5.5005e-01 -2.4391e+00 -3.4099e+00 -4.9141e-01 +3.8738e+00 -1.4787e+00 +1.2685e+00 -3.0733e+00 +1.7355e-01 +3.8069e+00 -2.7695e+00 +4.0998e+00 +2.3741e+00 -2.6755e+00 +1.4086e+00 +1.2015e+00 +1.0170e+00
260 +5.675293267e+02 +5.675293267e+02 +7.760893267e+02 +7.760893267e+02 +2.4041e-01 +1.7468e+00 +2.4624e+00 +3.1181e+00 -5.0000e+00 +4.8494e-01 +2.9759e-01 +4.9040e+00 +2.3888e+00 -3.4504e+00 +2.4364e-01 +6.6690e-02 -5.0000e+00 -3.3843e+00 -2.3506e+00 -3.2649e+00 +1.5538e+00 +1.4325e+00 -4.3710e-01 -1.5986e+00
479 +3.879646111e+02 +3.879646111e+02 +5.965246111e+02 +5.965246111e+02 +2.1621e+00 +1.4834e+00 +4.3343e+00 -8.7358e-01 +0.0000e+00 -6.4449e-01 +2.2611e-01 +1.6540e+00 -1.7139e+00 -5.0000e+00 -1.2802e+00 +0.0000e+00 -3.4432e+00 -1.4409e+00 +4.4251e+00 -5.0000e+00 -4.5568e-01 +9.1563e-01 +8.9985e-01 -1.4376e+00
2514 +2.340216058e+02 +2.340216058e+02 +4.425816058e+02 +4.425816058e+02 +2.7225e+00 +4.8104e+00 +3.0543e+00 -1.7759e+00 -5.4654e-01 -3.6917e+00 +2.0728e+00 +1.5231e+00 -1.0084e+00 -4.9180e+00 -1.9452e+00 -5.6298e-01 -4.8644e+00 -2.9945e+00 +4.6846e+00 -5.0000e+00 -1.4665e+00 -7.1612e-01 +3.9564e-01 -2.3687e+00
4803 +1.513274838e+02 +1.513274838e+02 +3.598874838e+02 +3.598874838e+02 +2.3246e+00 +4.3296e+00 +2.1456e+00 -1.5148e+00 -4.9253e-01 -4.2755e+00 +2.9055e+00 +4.1758e+00 -3.2532e+00 -4.9520e+00 -8.4469e-01 -1.5742e+00 -4.1392e+00 -1.8868e+00 +4.6785e+00 -5.0000e+00 -1.0151e+00 -1.4603e+00 +1.1830e+00 -4.1177e-01
% function evaluation | noise-free fitness - Fopt (-1.345800000000e+02) | best noise-free fitness - Fopt | measured fitness | best measured fitness | x1 | x2...
1 +3.686646085e+03 +3.686646085e+03 +3.552066085e+03 +3.552066085e+03 +4.2097e+00 +3.2652e+00 +4.8601e+00 -2.3473e+00 -3.0941e-01 +4.3822e+00 -4.7380e+00 -1.5518e+00 -4.8911e+00 +3.8427e+00 -2.5497e+00 -4.8252e+00 +3.2081e+00 -4.5682e+00 -2.6410e+00 -2.0219e-01 +1.8249e+00 -5.4448e-01 -1.9177e-01 +1.8444e+00
2 +1.206121006e+03 +1.206121006e+03 +1.071541006e+03 +1.071541006e+03 -2.6151e+00 +2.3461e+00 -7.6714e-01 +3.2565e+00 +3.5614e+00 +3.2344e+00 -2.0930e+00 -1.1609e+00 -3.7132e-01 +1.3280e+00 -2.6931e+00 +3.3219e+00 +2.2689e+00 +2.2942e+00 +1.1904e+00 +4.2875e+00 -3.7148e+00 +3.8589e+00 +2.3582e+00 -3.9639e+00
6 +9.069095544e+02 +9.069095544e+02 +7.723295544e+02 +7.723295544e+02 -4.4072e+00 -1.4077e+00 +1.8444e+00 -3.9175e+00 -4.9245e+00 +4.9664e+00 +4.0827e-01 -3.7182e+00 +2.8168e+00 +3.6261e+00 +1.5960e+00 +4.8434e+00 +6.1169e-01 +5.2988e-01 +2.1109e+00 -2.9918e+00 -3.1049e+00 -4.8424e+00 +2.9391e+00 -3.7678e+00
202 +5.399565200e+02 +5.399565200e+02 +4.053765200e+02 +4.053765200e+02 +1.3286e+00 -2.6539e+00 +2.4631e+00 -1.7055e-02 -1.4386e+00 +1.7928e+00 +2.9070e+00 -3.4702e+00 -2.9314e+00 +5.0000e+00 -5.5604e-03 +3.9571e+00 -2.7311e+00 +1.5360e+00 +2.3009e-01 -7.1246e-01 -1.1454e+00 -1.1411e+00 -8.5861e-01 +1.0361e+00
641 +3.925363577e+02 +3.925363577e+02 +2.579563577e+02 +2.579563577e+02 -4.9471e-01 -4.9001e-01 +1.0230e+00 +0.0000e+00 +8.4209e-01 +4.6112e+00 +4.1718e+00 +6.5708e-01 -4.8239e-01 +2.4193e+00 -3.5359e+00 +1.5240e+00 +3.0368e+00 -1.9996e+00 +2.1261e+00 -2.8450e+00 -1.3796e+00 -1.8953e-01 +1.0124e+00 -1.1908e+00
1443 +2.446891978e+02 +2.446891978e+02 +1.101091978e+02 +1.101091978e+02 +4.9106e-01 +1.9011e-01 +2.8112e+00 -5.2351e-01 -1.7350e+00 +3.9867e+00 +3.6060e+00 +4.7904e-01 -2.6742e+00 +1.5577e+00 +1.1718e+00 +2.1673e+00 +1.2317e+00 -1.0817e+00 +1.7054e+00 -2.2896e+00 +0.0000e+00 +1.8197e+00 -1.4214e-02 -1.0868e+00
4098 +1.398647207e+02 +1.398647207e+02 +5.284720710e+00 +5.284720710e+00 -1.8947e+00 +1.5745e-01 +2.2095e+00 -4.9856e-01 -7.1142e-01 +3.7701e+00 +4.0868e+00 +6.2804e-01 -3.2485e+00 +2.1339e+00 +1.7121e+00 +2.3210e+00 +1.2993e+00 -1.0827e+00 +2.0679e+00 -1.7014e+00 -1.5958e+00 +2.1776e+00 +7.4330e-01 -3.3037e+00
% function evaluation | noise-free fitness - Fopt (1.205900000000e+02) | best noise-free fitness - Fopt | measured fitness | best measured fitness | x1 | x2...
1 +1.086070916e+03 +1.086070916e+03 +1.206660916e+03 +1.206660916e+03 +3.2180e-01 -1.4176e+00 -7.1411e-01 -1.1662e+00 +1.4005e+00 -4.2001e+00 +1.0428e+00 +1.5186e+00 +4.9737e+00 -2.5819e+00 +1.0445e+00 -1.8999e+00 +1.5741e+00 -3.8299e+00 -2.3408e+00 -4.7118e+00 -1.2798e+00 +6.3358e-01 -4.7664e+00 -1.3952e+00
5 +8.078267562e+02 +8.078267562e+02 +9.284167562e+02 +9.284167562e+02 +4.7058e+00 +3.0865e+00 -3.8638e+00 -3.0220e+00 +4.7663e+00 -3.6225e+00 -1.1420e+00 -3.7079e+00 -3.9787e+00 +2.8842e+00 -2.0001e+00 +7.4209e-01 +3.4929e+00 -3.8188e-02 +3.0322e+00 +2.3150e+00 -1.6112e+00 -1.7694e+00 -5.6794e-01 -1.0707e+00
140 +5.711817705e+02 +5.711817705e+02 +6.917717705e+02 +6.917717705e+02 +6.2904e-01 +1.3164e+00 -1.7857e+00 -1.8253e+00 +2.7795e+00 -3.9004e+00 +1.2595e+00 +2.2309e+00 -3.9874e+00 -9.5811e-01 +3.3577e+00 +2.0185e+00 +1.8045e+00 +4.3304e+00 -4.2510e-02 +1.4555e+00 +3.8474e+00 -4.5681e+00 -4.7866e-01 +1.8106e+00
426 +3.272750806e+02 +3.272750806e+02 +4.478650806e+02 +4.478650806e+02 -6.0486e-01 +1.2065e+00 -3.8373e+00 +0.0000e+00 +2.1438e+00 -5.0000e+00 -2.1910e-01 -3.1817e-03 -9.0712e-01 +1.1305e+00 +2.6367e+00 -1.0447e+00 +1.2049e+00 +7.1153e-01 -2.9925e+00 -7.8591e-01 +1.9117e+00 -2.9943e+00 +8.4076e-01 +1.7259e+00
1605 +2.382874253e+02 +2.382874253e+02 +3.588774253e+02 +3.588774253e+02 +6.7469e-01 +4.9703e-02 -1.3033e+00 +5.6577e-01 +2.4921e+00 -4.4993e+00 +9.4783e-01 -2.0140e-01 -4.3664e+00 +4.8684e+00 +4.5783e+00 -2.4785e-01 -1.9892e-01 +1.9321e+00 -3.2999e+00 -1.2845e+00 +2.5583e+00 -4.2996e+00 +1.9595e+00 +2.5219e+00
% function evaluation | noise-free fitness - Fopt (1.000000000000e+03) | best noise-free fitness - Fopt | measured fitness | best measured fitness | x1 | x2...
1 +1.653341639e+03 +1.653341639e+03 +2.653341639e+03 +2.653341639e+03 -3.9359e+00 -5.6088e-01 +1.3609e+00 -3.4888e+00 +6.7676e-01 +1.8012e+00 -3.9262e+00 +4.3467e-01 -2.7141e+00 +1.7342e+00 -3.1225e+00 -1.7348e+00 +1.2267e+00 +7.3865e-01 +3.7098e-01 +4.3592e+00 +3.7321e+00 -4.4443e+00 +1.9768e+00 +3.6063e+00
2 +1.506804795e+03 +1.506804795e+03 +2.506804795e+03 +2.506804795e+03 +4.9327e-03 +7.7769e-01 +1.7880e+00 -1.3787e+00 +1.4144e+00 +9.0505e-01 +9.8844e-01 -3.1936e+00 -8.6746e-01 +3.3059e+00 -4.0506e+00 +2.8115e+00 +3.6399e+00 +2.6927e-01 -4.6169e+00 +3.0248e+00 -9.3604e-01 +3.5426e+00 +3.2253e+00 +8.6959e-01
9 +8.505135527e+02 +8.505135527e+02 +1.850513553e+03 +1.850513553e+03 +1.6540e+00 -4.3601e+00 +4.1464e+00 +8.8940e-01 +4.5221e+00 -1.0738e+00 +1.7478e+00 +3.2785e+00 +1.2819e+00 -2.1259e+00 -6.5279e-01 -1.0899e+00 +4.7993e+00 +4.0108e+00 -2.1774e+00 +4.2990e+00 +2.1137e+00 -1.6159e+00 -9.2069e-01 +6.4109e-01
276 +6.169300870e+02 +6.169300870e+02 +1.616930087e+03 +1.616930087e+03 -4.0157e+00 -1.7358e+00 -1.1856e+00 -1.7782e+00 -3.3480e+00 +2.3081e+00 +2.8261e-01 +5.0000e+00 +1.3439e+00 -8.5702e-01 -4.5641e+00 +3.4730e+00 +5.0000e+00 +2.3045e+00 +4.2685e+00 +3.4164e+00 +4.2035e+00 +2.9089e+00 -3.6739e-01 +1.7494e+00
676 +3.175063353e+02 +3.175063353e+02 +1.317506335e+03 +1.317506335e+03 -1.9331e+00 -1.6785e+00 -3.5726e+00 -5.6008e-01 -3.9506e+00 +3.3439e+00 +2.9634e+00 +1.6576e+00 +8.7264e-01 -1.3827e+00 -1.8526e+00 -2.8495e+00 +3.3996e+00 +3.7320e+00 -6.1961e-01 +7.8493e-01 +3.7985e+00 +1.0493e+00 -7.0214e-01 +1.9145e+00
2843 +2.492857608e+02 +2.492857608e+02 +1.249285761e+03 +1.249285761e+03 -8.0482e-01 -2.4564e+00 -2.9525e+00 +1.4650e+00 -4.1836e+00 +1.7480e+00 +4.0857e+00 +4.0398e+00 +1.8880e+00 -3.5170e+00 -2.3499e+00 -3.3115e+00 +2.2126e+00 +4.5335e+00 -2.6733e+00 +1.1210e+00 +4.1447e+00 -9.5849e-01 -9.1243e-01 +1.5272e+00
% function evaluation | noise-free fitness - Fopt (-9.166000000000e+01) | best noise-free fitness - Fopt | measured fitness | best measured fitness | x1 | x2...
1 +1.402780572e+03 +1.402780572e+03 +1.311120572e+03 +1.311120572e+03 +3.7895e-01 +6.2632e-01 -5.3712e-01 +2.8353e+00 +4.4820e+00 -3.0231e+00 +4.9347e+00 -2.6008e+00 -1.1236e+00 +2.8948e-01 -3.3087e+00 +1.1897e+00 +2.6842e+00 -2.7540e+00 +2.0282e+00 +3.5937e+00 -4.6250e+00 +5.9059e-01 +2.8203e+00 -2.1105e+00
6 +8.521185737e+02 +8.521185737e+02 +7.604585737e+02 +7.604585737e+02 -2.5957e+00 -2.9549e+00 +4.4179e-01 -1.7478e-01 -1.4765e-01 +3.7503e+00 +2.0425e+00 +4.8273e+00 -1.3631e+00 +3.9463e+00 -2.8928e-01 -2.6230e+00 -3.8560e+00 -2.1849e+00 +1.8457e+00 +9.5001e-01 +2.0076e+00 -1.7516e+00 -2.7931e+00 +4.0744e+00
214 +6.158175902e+02 +6.158175902e+02 +5.241575902e+02 +5.241575902e+02 +1.3324e-01 -3.4187e+00 -2.8932e+00 +1.7521e+00 -5.5728e-01 -5.0000e+00 +4.8280e+00 -2.5755e+00 -1.5663e+00 +3.3010e+00 -2.9372e+00 +4.1182e-01 -5.0000e+00 +5.9984e-01 -1.4950e+00 +3.9827e+00 -3.4551e+00 -3.7757e+00 +1.0788e+00 +9.9632e-01
809 +3.173459758e+02 +3.173459758e+02 +2.256859758e+02 +2.256859758e+02 +1.9079e+00 -3.6752e+00 +2.9015e+00 -1.4800e+00 +1.9882e+00 +1.1188e-01 +4.0303e+00 -1.5667e+00 +3.4412e-01 +3.8276e+00 -9.4642e-01 +0.0000e+00 -2.1600e+00 -1.7697e+00 +5.9312e-01 +2.8604e+00 -2.5544e+00 -4.5294e+00 +8.3376e-01 +2.9949e+00
1716 +2.497091714e+02 +2.497091714e+02 +1.580491714e+02 +1.580491714e+02 -3.2980e-01 -4.1071e+00 +2.9759e+00 +1.2616e+00 -7.3923e-01 -1.3327e+00 +4.0801e+00 -4.3549e+00 +1.3925e+00 +3.6912e+00 -6.0601e-01 -1.7980e+00 -2.6893e+00 -2.5248e+00 +1.4838e+00 +2.1661e+00 -7.9344e-01 -3.7536e+00 -3.7249e-01 +2.4906e+00
4212 +1.579351565e+02 +1.579351565e+02 +6.627515654e+01 +6.627515654e+01 -4.1840e-01 -4.9260e+00 +4.0152e+00 +2.8647e+00 +9.0347e-01 -1.0600e+00 +3.2729e+00 -1.9817e+00 +1.6955e+00 +3.3864e+00 -2.3173e+00 +8.1570e-01 -2.3851e-01 -2.0520e+00 +1.6476e+00 +2.9155e+00 -1.1525e+00 -2.8547e+00 +2.1400e+00 +3.5105e+00
% function evaluation | noise-free fitness - Fopt (5.961500000000e+02) | best noise-free fitness - Fopt | measured fitness | best measured fitness | x1 | x2...
1 +2.017208377e+03 +2.017208377e+03 +2.613358377e+03 +2.613358377e+03 -2.7175e+00 +2.0325e+00 +9.0404e-01 -4.1896e+00 +1.1624e+00 -4.9124e+00 -3.2763e+00 +5.0426e-03 +4.7552e+00 +3.6990e+00 +2.0047e+00 +3.9999e+00 +3.0082e+00 +3.4231e+00 -2.3970e+00 +2.1119e+00 +6.1882e-01 -1.6736e+00 +3.9885e+00 +2.8473e+00
28 +1.519509039e+03 +1.519509039e+03 +2.115659039e+03 +2.115659039e+03 -2.9244e-02 +1.9626e+00 -4.0840e+00 -4.3650e+00 +2.0854e+00 -8.9294e-01 -3.0644e-01 -3.5393e+00 +2.0121e+00 +9.7154e-01 +2.2814e+00 +2.5041e+00 -1.9281e-01 -1.2236e+00 +2.0070e+00 +1.0814e+00 -4.9224e+00 -4.9528e+00 +1.8279e+00 +2.8242e+00
77 +9.718136046e+02 +9.718136046e+02 +1.567963605e+03 +1.567963605e+03 +1.0062e+00 +2.9656e+00 +1.6294e+00 +2.6022e+00 +5.5376e-01 -3.7296e+00 -2.3992e+00 -3.9299e+00 +2.9360e+00 -1.0244e+00 -1.0861e+00 -2.8406e+00 -9.7856e-01 +3.2486e+00 -2.2544e+00 +3.5963e+00 +2.8840e+00 -2.7140e+00 -2.9811e+00 -1.9801e+00
277 +4.306312341e+02 +4.306312341e+02 +1.026781234e+03 +1.026781234e+03 +1.5865e-02 -2.0344e+00 -1.4763e+00 +5.0553e-01 +1.2073e+00 -5.0000e+00 -1.5093e+00 -5.0000e+00 +2.9019e+00 +3.9756e+00 -4.3595e+00 -3.8909e+00 -1.7123e+00 +1.2897e+00 -9.6260e-01 +3.8887e+00 -6.9591e-01 -5.0000e+00 +2.0189e+00 +2.2777e-01
677 +3.763569911e+02 +3.763569911e+02 +9.725069911e+02 +9.725069911e+02 -2.7523e-01 -1.6947e+00 -2.6068e+00 -3.3548e-01 +8.7856e-01 -5.0000e+00 -1.1164e+00 -5.0000e+00 +2.8772e+00 +3.6659e+00 -3.3103e+00 -3.2066e+00 -1.7764e+00 +1.4442e-01 +2.1033e-01 +3.7910e+00 -2.4618e+00 -5.0000e+00 +6.2725e-01 +7.9123e-01
1510 +2.436539327e+02 +2.436539327e+02 +8.398039327e+02 +8.398039327e+02 -5.1391e-01 +1.2752e+00 -3.5076e+00 +3.4612e+00 -4.9867e-01 -3.1104e+00 -8.3589e-01 -4.9176e+00 +2.3941e+00 +3.7844e+00 -3.3671e+00 -3.8728e+00 -1.9301e+00 +1.0691e+00 -2.9719e+00 +2.2630e+00 +5.5116e-01 -5.0000e+00 +0.0000e+00 +1.1580e+00
3573 +1.565980832e+02 +1.565980832e+02 +7.527480832e+02 +7.527480832e+02 -2.3991e+00 -9.3085e-01 -1.9554e+00 +3.4608e+00 -1.5418e+00 -2.8418e+00 -3.2272e+00 -4.8051e+00 +2.9980e+00 +4.7764e+00 -2.8344e+00 -3.8596e+00 -3.1473e+00 +1.2385e+00 -3.1250e+00 +1.2670e+00 -9.6760e-02 -5.0000e+00 -1.0977e+00 +1.5311e+00
% function evaluation | noise-free fitness - Fopt (1.325100000000e+02) | best noise-free fitness - Fopt | measured fitness | best measured fitness | x1 | x2...
1 +1.925169000e+03 +1.925169000e+03 +2.057679000e+03 +2.057679000e+03 -4.1660e+00 -4.0776e+00 +4.4631e+00 -2.4767e+00 -2.2472e+00 -4.8178e+00 -1.8981e+00 +1.5658e+00 -2.5003e+00 +1.3524e+00 -5.7428e-01 -2.6141e+00 +2.6458e+00 +4.4737e+00 -8.7173e-01 -1.0639e-01 -6.2704e-01 +3.3207e+00 +4.6941e+00 -3.3453e+00
6 +8.678414215e+02 +8.678414215e+02 +1.000351422e+03 +1.000351422e+03 -2.6993e+00 +3.1122e+00 +2.3649e+00 -1.6344e-01 -2.4884e+00 +2.7676e+00 +4.7359e+00 +2.9763e+00 -3.6846e+00 -1.7126e+00 -4.9985e+00 -1.7348e+00 +8.7134e-01 -2.3131e+00 +4.5588e+00 -3.4547e+00 +2.6159e-01 -2.5271e+00 -4.4112e+00 -3.7903e+00
179 +5.618093730e+02 +5.618093730e+02 +6.943193730e+02 +6.943193730e+02 +3.2623e+00 +3.4520e+00 -8.9129e-02 -4.0460e+00 +7.9174e-01 -5.9700e-01 +3.4951e+00 +4.7363e+00 +3.4097e+00 -1.5079e+00 -3.6162e+00 -4.3721e+00 +4.1116e+00 +4.8914e+00 +4.6866e+00 +2.3103e+00 -1.3995e+00 -2.6752e+00 -2.3249e+00 -1.3645e+00
692 +3.881968974e+02 +3.881968974e+02 +5.207068974e+02 +5.207068974e+02 -1.7614e+00 +7.3721e-01 +1.6437e+00 -1.4854e+00 +6.2911e-01 +5.5242e-01 +3.6492e+00 +2.6515e+00 +3.6151e+00 -1.3531e-01 +3.9097e-01 -3.5388e+00 +2.9351e+00 +2.3512e+00 +3.0916e+00 +2.3385e+00 +2.6928e+00 -3.7318e+00 +1.2706e+00 +2.5786e+00
1673 +2.233015654e+02 +2.233015654e+02 +3.558115654e+02 +3.558115654e+02 +4.4856e-01 +3.7442e+00 +2.5862e+00 -3.1364e+00 -2.2589e-01 +2.7806e+00 +4.7011e+00 +1.1104e+00 +1.6164e+00 +0.0000e+00 -6.8733e-01 -3.9720e+00 +1.8909e+00 +1.9494e+00 +2.7661e+00 +3.3853e+00 -5.9022e-02 -3.4223e+00 -5.2472e-01 -1.2896e-01
4772 +1.551583108e+02 +1.551583108e+02 +2.876683108e+02 +2.876683108e+02 +7.9015e-01 +3.4405e+00 +2.6719e+00 -3.4848e+00 +2.8955e+00 +1.1184e+00 +4.6316e+00 +2.6575e+00 +1.5856e-01 +1.9179e-01 -2.7760e+00 -4.0734e+00 +9.0558e-01 +1.7444e+00 +2.8561e+00 +2.6975e+00 -6.5541e-01 -2.3144e+00 -6.8555e-01 -1.2763e-01
% function evaluation | noise-free fitness - Fopt (-2.401800000000e+02) | best noise-free fitness - Fopt | measured fitness | best measured fitness | x1 | x2...
1 +3.619694581e+03 +3.619694581e+03 +3.379514581e+03 +3.379514581e+03 +2.9995e+00 +4.2449e+00 -1.8875e+00 +1.5891e+00 -4.5035e+00 +2.6039e+00 +3.8309e+00 +1.6718e+00 -4.2372e+00 +9.7642e-02 -1.2594e+00 -2.7231e+00 -3.3960e+00 -2.7047e+00 -2.9234e+00 -3.8985e+00 +2.9412e+00 -7.9822e-01 -1.6615e+00 +7.7049e-01
2 +1.566501883e+03 +1.566501883e+03 +1.326321883e+03 +1.326321883e+03 -4.0867e+00 +2.9979e+00 -4.2930e+00 -3.0846e+00 +3.5784e+00 +3.1497e-01 +3.0024e+00 +7.1389e-01 +4.1665e+00 +3.0500e+00 +1.3292e-01 +4.1425e+00 +1.3489e+00 -4.0570e+00 +1.2324e+00 -2.4888e+00 -1.9244e+00 +2.5364e+00 -5.6113e-01 -5.6616e-01
5 +7.593912591e+02 +7.593912591e+02 +5.192112591e+02 +5.192112591e+02 -2.6493e+00 +8.4995e-01 +4.3696e+00 -4.8751e+00 -2.2908e+00 +3.0094e+00 -1.6492e+00 -2.4036e+00 -8.6885e-02 +3.1121e+00 -1.5155e+00 -4.9140e+00 +4.1141e+00 -3.2706e+00 -3.8238e+00 +2.5120e+00 -1.8145e-01 +6.3229e-01 -1.0640e+00 +2.8406e+00
303 +6.211383593e+02 +6.211383593e+02 +3.809583593e+02 +3.809583593e+02 -2.6349e+00 +4.0884e-01 -3.3005e+00 -3.9852e+00 +8.5197e-01 +3.4522e+00 -3.0413e+00 -9.7897e-01 +3.4577e+00 -2.9952e+00 -2.1812e-01 +5.0000e+00 +9.2045e-01 -5.0000e+00 +2.5615e+00 +8.4659e-01 -2.2805e+00 +3.8070e+00 +1.2140e-01 +1.0516e+00
682 +3.906196746e+02 +3.906196746e+02 +1.504396746e+02 +1.504396746e+02 -1.1230e+00 +2.8225e+00 +1.4791e+00 -3.3317e+00 +2.2216e+00 -4.8254e-01 -4.5997e+00 +9.6560e-02 +5.0000e+00 +9.8425e-01 +2.5577e+00 +2.5123e-01 +1.1089e+00 -4.0051e+00 -7.2824e-01 -1.6675e+00 -1.3226e+00 +2.1494e+00 +3.9328e+00 +0.0000e+00
1661 +2.445371572e+02 +2.445371572e+02 +4.357157213e+00 +4.357157213e+00 -1.4036e+00 +3.2498e+00 +1.4905e+00 -1.7801e+00 +4.0739e-01 +6.9586e-01 -2.6144e+00 -2.0406e+00 +4.9689e+00 -1.3565e+00 +1.0188e+00 +1.7664e+00 +4.2667e-01 -2.9233e+00 -1.1216e+00 +5.4284e-01 -3.1233e-01 +2.5431e+00 +3.6747e+00 +2.4373e+00
4807 +1.556154661e+02 +1.556154661e+02 -8.456453391e+01 -8.456453391e+01 -2.3508e+00 +1.9795e+00 +7.8214e-01 -1.3823e+00 +7.5957e-01 +4.3699e-02 -3.2930e+00 -3.4518e+00 +4.9745e+00 -4.5660e+00 +6.6462e-02 +1.3837e+00 +5.5708e-01 -4.1364e+00 -7.2309e-01 +5.2030e-01 -4.7415e-01 +1.3135e+00 +2.5567e+00 +1.8706e+00
% function evaluation | noise-free fitness - Fopt (-3.941600000000e+02) | best noise-free fitness - Fopt | measured fitness | best measured fitness | x1 | x2...
1 +2.322144716e+03 +2.322144716e+03 +1.927984716e+03 +1.927984716e+03 -6.8081e-01 +1.1005e+00 +1.0117e+00 +4.5565e+00 -1.0236e+00 +5.8977e-01 +3.1080e+00 -3.4959e+00 +3.9209e+00 -1.3938e+00 +2.2624e+00 +4.1873e+00 +2.7587e+00 +1.2843e+00 -5.0108e-01 -1.4390e+00 +2.9599e+00 -1.7575e+00 +1.9449e+00 +1.5367e+00
4 +1.351462376e+03 +1.351462376e+03 +9.573023755e+02 +9.573023755e+02 -3.0987e+00 +3.0980e+00 -3.0302e+00 +4.9926e+00 +9.2714e-01 +4.3654e-01 -3.7555e-01 -4.4497e-01 +2.0243e-01 -4.9951e+00 +2.7835e+00 +1.5147e+00 +2.8943e+00 +4.8507e-02 -2.2945e+00 +3.9300e+00 +2.7373e-01 +4.8447e+00 +1.2700e+00 -1.0126e+00
32 +8.360184328e+02 +8.360184328e+02 +4.418584328e+02 +4.418584328e+02 +2.5859e+00 -2.8619e+00 +1.8317e+00 -1.1008e-01 -9.5206e-01 +9.5485e-01 -1.2252e+00 +1.2686e+00 +2.2633e-01 +2.0420e+00 -3.7349e+00 -3.0182e+00 -4.8818e+00 -4.8470e-01 +1.2747e+00 +3.2552e+00 -1.6335e+00 +4.3823e+00 +2.4651e+00 -9.1240e-01
214 +4.579019021e+02 +4.579019021e+02 +6.374190207e+01 +6.374190207e+01 -8.0071e-01 -4.1474e+00 +6.5996e-01 -2.8426e-01 +3.5750e+00 +3.8537e-01 -3.4389e+00 -9.7429e-01 -2.2761e-01 +1.0053e+00 -1.6131e+00 -2.2364e+00 -5.6331e-01 +2.2499e+00 +8.7651e-01 +6.0956e-02 +3.1337e+00 +1.9435e-01 -1.6780e+00 -8.9342e-01
863 +3.611873319e+02 +3.611873319e+02 -3.297266810e+01 -3.297266810e+01 -3.8207e+00 -4.6286e+00 +0.0000e+00 +9.0872e-01 +1.6013e+00 +1.3065e+00 -4.9971e+00 -1.5426e+00 -1.2176e+00 -1.3263e+00 -1.5019e+00 +6.1398e-01 +2.6818e+00 +2.3235e+00 -1.0901e+00 -2.5691e+00 +2.4437e+00 +1.7875e+00 +2.6981e-01 -5.5753e-01
1717 +1.987668757e+02 +1.987668757e+02 -1.953931243e+02 -1.953931243e+02 -2.8166e+00 -4.2276e+00 +1.4824e+00 +2.1434e+00 +1.8726e+00 -2.0174e-01 -4.7259e+00 -9.4146e-01 +1.3629e-01 -4.8333e-01 -2.5489e+00 -1.5315e+00 +1.4193e+00 +1.1314e+00 -1.0400e+00 +1.2960e+00 +1.3354e+00 +6.1239e-01 +2.9148e+00 -3.7613e+00
3367 +1.501171598e+02 +1.501171598e+02 -2.440428402e+02 -2.440428402e+02 -2.5053e+00 -3.9758e+00 +9.7209e-01 +6.7407e-01 +6.0499e-01 -2.3308e-01 -4.5550e+00 -6.7108e-01 +9.7424e-01 -1.5014e-01 -2.3355e+00 -1.5456e+00 +1.4074e+00 +1.4417e+00 -1.2212e+00 +1.1420e+00 +1.5349e+00 +1.0234e-01 +2.3097e+00 -3.6254e+00
