% function evaluation | noise-free fitness - Fopt (-5.494000000000e+01) | best noise-free fitness - Fopt | measured fitness | best measured fitness | x1 | x2...
1 +4.500598877e+06 +4.500598877e+06 +4.500543937e+06 +4.500543937e+06 -4.6204e+00 +3.0283e+00 +2.9553e-01 -2.5327e+00 +4.1504e+00 +2.4021e-01 +9.1732e-01 +1.6656e+00 -2.0927e+00 -4.3257e+00 +8.5107e-01 +1.9056e+00 -3.3690e+00 +4.1148e+00 +2.9279e+00 +3.0423e+00 +4.3462e+00 +3.2875e+00 -4.3227e+00 -4.7447e+00
13 +3.707872312e+06 +3.707872312e+06 +3.707817372e+06 +3.707817372e+06 -2.0057e+00 -1.2008e+00 -4.5773e+00 +2.3093e+00 -1.1155e-01 +6.4129e-01 +1.3769e-01 +1.4621e+00 -4.2414e+00 -2.2795e+00 +4.1473e-01 +1.8838e+00 -9.8157e-01 +2.3549e-01 -3.3026e+00 +1.9148e+00 +4.7918e+00 -3.6588e+00 +4.8051e-01 -5.8613e-01
15 +1.569875777e+06 +1.569875777e+06 +1.569820837e+06 +1.569820837e+06 -4.8353e+00 -2.3569e+00 -3.7615e+00 -4.1768e-01 -1.3065e+00 -1.9452e+00 -1.2932e+00 -4.6237e+00 +1.1179e-01 +4.5450e+00 +4.3268e+00 +1.3333e+00 +2.8412e+00 -1.6563e+00 +3.6200e+00 -3.6786e+00 +3.7909e+00 +3.2519e+00 +1.5125e+00 +4.2324e+00
375 +5.865410104e+05 +5.865410104e+05 +5.864860704e+05 +5.864860704e+05 +1.1217e+00 -3.2093e+00 -1.6265e+00 +2.0941e+00 +3.0310e+00 +1.3709e-02 +4.2507e+00 -1.1105e+00 -5.0000e+00 +1.4873e+00 +3.0430e-01 +4.6732e+00 +1.8381e+00 -4.6198e-02 +3.6880e+00 +1.5601e+00 +1.7786e+00 +3.6408e-01 +3.6640e+00 +5.0000e+00
552 +2.773065132e+05 +2.773065132e+05 +2.772515732e+05 +2.772515732e+05 -2.2863e+00 -5.0000e+00 +0.0000e+00 +5.0000e+00 +1.5396e+00 +1.5543e+00 +9.8788e-01 -5.0000e+00 -5.0000e+00 +1.4709e+00 +4.0709e+00 +1.6985e+00 +7.4465e-01 -3.2386e+00 +3.1303e+00 -5.3378e-01 -1.6215e+00 +0.0000e+00 +5.0000e+00 +5.0000e+00
799 +2.226881583e+05 +2.226881583e+05 +2.226332183e+05 +2.226332183e+05 -1.1422e+00 -4.4301e+00 -9.2956e-01 +1.3307e+00 +3.6501e+00 -1.1248e+00 +1.9954e+00 -2.6942e+00 -3.1377e+00 +1.8588e+00 +3.3900e+00 +2.0079e+00 +1.5645e+00 -4.4812e+00 +2.5595e+00 +5.1382e-01 -2.1975e-01 -2.5468e+00 +1.0898e+00 +5.0000e+00
2026 +1.367326650e+05 +1.367326650e+05 +1.366777250e+05 +1.366777250e+05 -1.5115e+00 -4.4616e+00 -1.2121e+00 +5.2390e-01 +2.9044e+00 -1.3030e+00 +1.7038e+00 -1.7459e+00 -2.2887e+00 +2.2355e+00 +3.4363e+00 +1.3583e+00 +1.8198e+00 -4.5291e+00 +1.7674e+00 +2.3821e+00 -3.6172e-01 -2.1003e+00 +4.8927e-01 +4.9930e+00
2921 +8.945025258e+04 +8.945025258e+04 +8.939531258e+04 +8.939531258e+04 -1.5040e+00 -4.1446e+00 -8.6780e-01 +1.9052e+00 +1.6433e+00 -2.3087e+00 +3.4177e+00 -1.3980e+00 -2.5567e+00 +2.9806e+00 +3.2914e+00 +2.4349e+00 +8.6234e-01 -5.0000e+00 +1.7090e+00 +1.3181e+00 +2.9712e-01 -4.8598e-01 +7.2702e-01 +4.6041e+00
3115 +5.082695413e+04 +5.082695413e+04 +5.077201413e+04 +5.077201413e+04 -1.4017e+00 -4.2359e+00 -4.3919e-01 +2.2114e+00 +1.0407e+00 -2.2189e+00 +2.6475e+00 -8.4069e-01 -2.6783e+00 +3.0929e+00 +3.0299e+00 +2.5711e+00 +9.7116e-01 -5.0000e+00 +1.4632e+00 +1.1415e+00 +4.2119e-01 -3.4451e-01 +1.7776e+00 +4.5550e+00
3521 +3.285463480e+04 +3.285463480e+04 +3.279969480e+04 +3.279969480e+04 -1.4836e+00 -4.2171e+00 -7.7145e-01 +1.9703e+00 +1.4261e+00 -2.2462e+00 +2.7425e+00 -1.3512e+00 -2.6583e+00 +3.1478e+00 +3.1919e+00 +2.4150e+00 +8.2813e-01 -5.0000e+00 +1.3495e+00 +1.1827e+00 +3.7528e-01 -9.1617e-01 +1.2824e+00 +4.5394e+00
4508 +2.475810547e+04 +2.475810547e+04 +2.470316547e+04 +2.470316547e+04 -1.6479e+00 -4.2455e+00 -4.1339e-01 +1.9340e+00 +1.1956e+00 -2.0975e+00 +2.5512e+00 -1.5047e+00 -2.7652e+00 +3.2234e+00 +3.2177e+00 +2.5054e+00 +9.0989e-01 -5.0000e+00 +6.5706e-01 +9.1345e-01 +2.2241e-01 -1.2848e+00 +1.2209e+00 +4.5344e+00
% function evaluation | noise-free fitness - Fopt (5.913000000000e+01) | best noise-free fitness - Fopt | measured fitness | best measured fitness | x1 | x2...
1 +3.434018778e+07 +3.434018778e+07 +3.434024691e+07 +3.434024691e+07 -2.4973e+00 +3.1660e+00 +2.9071e+00 -2.7981e+00 -1.6570e+00 +7.8853e-02 -2.9185e+00 +3.4557e+00 -3.0838e+00 -2.7878e+00 +4.7039e+00 -3.8216e+00 +4.3297e+00 -4.8421e+00 +1.9853e+00 -4.0280e+00 -4.8946e+00 -6.9483e-02 -3.0385e+00 +4.4148e-01
2 +1.113947873e+07 +1.113947873e+07 +1.113953786e+07 +1.113953786e+07 -3.4543e+00 +3.7813e+00 -3.5629e+00 -2.7285e+00 -5.2616e-02 +4.7043e+00 +6.3260e-01 +1.6602e+00 +4.8949e+00 +2.1356e+00 -4.3545e+00 +2.5151e+00 +3.9064e+00 -4.3912e-01 +3.4926e-01 -1.0283e+00 -4.4966e+00 -3.3125e+00 +1.9577e+00 -4.8194e+00
3 +2.452511708e+06 +2.452511708e+06 +2.452570838e+06 +2.452570838e+06 +3.8754e-01 +3.3776e+00 +1.7215e-01 +2.7737e+00 -2.0994e+00 +1.4900e+00 +6.7692e-01 -4.6485e-01 -2.9513e+00 +4.8558e+00 +4.0198e+00 -1.7196e+00 +2.3429e+00 +7.6246e-01 +2.2315e+00 +3.9635e+00 +1.1859e+00 -4.1914e+00 +4.8006e+00 +1.2450e+00
264 +1.316820625e+06 +1.316820625e+06 +1.316879755e+06 +1.316879755e+06 -2.6407e+00 +2.2888e+00 -1.7363e+00 +5.0000e+00 -8.8700e-01 -5.0000e+00 +3.4935e+00 -5.8417e-01 -1.3263e-01 +2.8588e+00 +5.0000e+00 -1.2681e+00 -1.3746e+00 +2.1934e+00 +3.9643e+00 +5.4277e-01 -2.5553e+00 -3.7713e+00 +5.0000e+00 -3.9682e-01
498 +8.066345573e+05 +8.066345573e+05 +8.066936873e+05 +8.066936873e+05 +5.4998e-01 +3.6725e-01 -4.9605e-01 -1.5490e+00 -4.0235e+00 -1.8258e+00 -1.3164e+00 +7.3926e-01 -7.3808e-01 +3.4221e+00 +2.9901e+00 -3.8081e+00 +1.9853e+00 +1.2800e+00 +7.5687e-01 -4.0595e+00 +0.0000e+00 -2.2385e+00 +1.4658e+00 +1.0498e+00
703 +5.518023218e+05 +5.518023218e+05 +5.518614518e+05 +5.518614518e+05 +7.1408e-01 +2.9258e+00 +3.8781e-01 -1.0378e+00 -2.9180e+00 +0.0000e+00 -1.9544e+00 +2.3398e-01 -1.2280e+00 +2.9211e+00 +3.1867e+00 -2.8611e+00 +1.7710e+00 +0.0000e+00 +2.3962e+00 -3.6423e+00 +2.6354e+00 -1.9053e+00 +1.5555e+00 -1.6999e+00
1041 +3.847239301e+05 +3.847239301e+05 +3.847830601e+05 +3.847830601e+05 +4.4503e-01 +1.1871e+00 -1.5709e-01 -1.3293e+00 -3.0596e+00 +5.9767e-01 -2.3136e+00 +6.5413e-01 +8.9859e-01 +2.8560e+00 +1.7821e+00 -2.7677e+00 +2.3446e+00 -2.9109e-02 +7.3832e-01 -5.0000e+00 +1.2424e+00 -2.9732e-01 +2.2509e+00 -2.7850e+00
1361 +1.826064602e+05 +1.826064602e+05 +1.826655902e+05 +1.826655902e+05 -1.4383e+00 +0.0000e+00 -1.3530e+00 -3.7700e-01 -4.1450e+00 +1.5734e+00 -2.2193e+00 +2.7246e+00 -4.1615e-01 +2.1383e+00 +1.7344e+00 -3.5947e+00 +0.0000e+00 +2.9270e-01 +1.6365e+00 -3.8318e+00 +9.6806e-01 +0.0000e+00 +1.6803e+00 -2.6847e+00
1781 +1.240882750e+05 +1.240882750e+05 +1.241474050e+05 +1.241474050e+05 -2.2496e+00 -7.4499e-01 -2.8128e+00 -1.2425e+00 -5.0000e+00 -1.3021e+00 -4.7783e+00 +2.0975e+00 -1.2569e+00 +1.6997e+00 +1.2054e+00 -1.5665e+00 +1.0687e+00 -1.6399e+00 +1.8138e+00 -2.9552e+00 +3.7217e-01 +3.6474e-01 +1.3244e+00 -1.6063e+00
2828 +6.351733605e+04 +6.351733605e+04 +6.357646605e+04 +6.357646605e+04 -2.0699e+00 -3.3325e-01 -3.2800e+00 -9.4917e-01 -4.9952e+00 -8.9254e-01 -4.7325e+00 +1.7773e+00 -1.7277e+00 +1.7452e+00 +1.0815e+00 -1.1733e+00 +1.1548e+00 -1.9235e+00 +3.6470e+00 -2.6814e+00 +3.2007e-01 +3.8545e-01 +1.4183e+00 -8.7967e-01
3067 +5.176471240e+04 +5.176471240e+04 +5.182384240e+04 +5.182384240e+04 -2.0278e+00 -2.9931e-01 -2.6102e+00 -9.9786e-01 -4.9827e+00 -9.2347e-01 -4.7320e+00 +1.3796e+00 -1.5181e+00 +1.5782e+00 +1.8937e+00 -1.1903e+00 +1.3586e+00 -2.0494e+00 +3.9721e+00 -2.7038e+00 +3.5766e-01 +2.9072e-01 +1.3307e+00 +4.3740e-01
3334 +3.793710435e+04 +3.793710435e+04 +3.799623435e+04 +3.799623435e+04 -2.0969e+00 -5.3307e-01 -2.8008e+00 -1.0315e+00 -4.9428e+00 -1.0170e+00 -4.7206e+00 +9.5952e-01 -1.5876e+00 +1.6771e+00 +2.1663e+00 -2.3501e+00 +1.2233e+00 -1.9245e+00 +4.1267e+00 -2.7875e+00 +4.8981e-01 +3.4228e-01 +1.3441e+00 -9.5263e-01
4401 +2.309622341e+04 +2.309622341e+04 +2.315535341e+04 +2.315535341e+04 -2.0209e+00 -3.0968e-01 -2.8191e+00 -1.0432e+00 -4.9783e+00 -1.0284e+00 -5.0000e+00 +4.6506e-01 -1.6115e+00 +1.4671e+00 +2.2748e+00 -2.4726e+00 +1.1872e+00 -2.4258e+00 +4.3700e+00 -2.8520e+00 +6.1564e-01 +2.6648e-01 +1.3623e+00 -8.8828e-01
% function evaluation | noise-free fitness - Fopt (-4.915300000000e+02) | best noise-free fitness - Fopt | measured fitness | best measured fitness | x1 | x2...
1 +1.636545436e+07 +1.636545436e+07 +1.636496283e+07 +1.636496283e+07 -3.5120e+00 -1.6729e+00 +1.2955e+00 +4.0319e+00 +1.7239e+00 +3.0719e+00 +5.8963e-01 +1.5001e+00 -4.8183e+00 +6.1459e-01 -2.1393e+00 -1.8362e+00 -4.7664e+00 -2.5989e+00 -8.9224e-01 +1.5956e+00 -1.0744e+00 -2.4548e+00 +3.3072e+00 -2.6010e+00
4 +8.398098172e+06 +8.398098172e+06 +8.397606642e+06 +8.397606642e+06 -3.7686e-01 -1.7465e+00 -1.2549e+00 -1.3571e+00 -2.8108e+00 -2.4427e+00 -4.7174e+00 +3.2159e+00 -3.2923e+00 +3.4953e+00 -3.5175e+00 -2.3117e+00 +1.7561e+00 -1.4353e+00 +2.4143e+00 +3.2118e+00 +5.7685e-01 +1.3930e+00 -3.2332e+00 -3.1608e+00
23 +3.602436431e+06 +3.602436431e+06 +3.601944901e+06 +3.601944901e+06 -1.1656e+00 +1.0775e+00 -3.2219e-01 -6.5069e-01 -4.0096e+00 +2.2687e+00 -3.1860e+00 -2.6689e+00 +1.1548e+00 +2.9866e+00 +5.0386e-01 +1.2831e+00 -4.4377e+00 -2.0117e+00 -3.0604e+00 -3.0021e-01 -1.9287e+00 -2.7914e+00 -2.8113e+00 -3.8167e-01
57 +2.439631400e+06 +2.439631400e+06 +2.439139870e+06 +2.439139870e+06 +4.4643e+00 +7.5603e-01 +4.5878e-01 +1.4917e+00 -3.2050e+00 -2.4443e-01 -3.5836e+00 +3.6211e+00 +8.7463e-02 +2.8134e+00 +3.5679e+00 -2.4324e+00 +3.1383e+00 -3.5740e+00 -2.4394e+00 +3.7133e-01 +3.1552e+00 -3.3324e+00 -9.4660e-01 -2.8575e+00
327 +9.191218210e+05 +9.191218210e+05 +9.186302910e+05 +9.186302910e+05 -2.6428e+00 -5.5620e-01 -5.0000e+00 +2.7946e+00 -2.0702e+00 -8.1908e-01 +8.1993e-01 -7.7992e-01 +2.5353e+00 -3.4774e-01 +4.1040e+00 +1.6038e+00 +2.0978e+00 +1.9257e+00 -3.1733e+00 +5.8186e-01 +1.9123e+00 +3.2285e-01 -5.0000e+00 -9.4606e-01
876 +5.517395552e+05 +5.517395552e+05 +5.512480252e+05 +5.512480252e+05 -3.9563e+00 +4.1707e-01 +3.8484e-01 +1.8689e+00 -1.4027e+00 -9.2660e-01 +9.7554e-01 -1.3259e+00 -2.3640e+00 -2.8252e+00 +4.0531e+00 +2.2230e+00 -2.8730e+00 -2.0999e-01 -2.5994e+00 +3.2712e+00 +2.0405e+00 +8.5094e-03 -5.6334e-01 -2.5715e-01
1058 +1.955480309e+05 +1.955480309e+05 +1.950565009e+05 +1.950565009e+05 -1.9206e+00 -2.2780e+00 +2.7839e-01 +1.1530e+00 +1.7850e+00 -4.3240e-01 +2.6413e+00 -9.6119e-01 -9.5873e-01 +9.8975e-01 +1.7213e+00 -1.2560e+00 -2.1216e+00 -4.2155e-02 -3.6929e-01 -2.5303e+00 -8.2736e-01 +2.9236e+00 -9.4961e-01 +1.1882e+00
2064 +1.412050721e+05 +1.412050721e+05 +1.407135421e+05 +1.407135421e+05 -1.3814e+00 -1.2901e+00 -6.0523e-01 +1.5877e+00 +2.7111e+00 -1.6597e-01 +3.2485e+00 -8.0160e-01 -2.5186e+00 -7.5591e-01 +1.5041e+00 -1.5657e+00 -4.6518e-01 -5.1688e-01 +3.7670e-01 -1.6776e+00 -1.6226e+00 +4.2511e+00 -1.2849e+00 +1.1523e+00
3027 +7.796512073e+04 +7.796512073e+04 +7.747359073e+04 +7.747359073e+04 -4.6970e-01 -8.7511e-01 -4.9457e-01 +1.3933e+00 +3.8115e+00 -2.1537e-01 +3.4159e+00 -1.0257e+00 -2.7240e+00 +3.1306e-01 +1.6112e+00 -1.0172e+00 -3.5510e-01 -1.1716e+00 -9.3267e-01 +2.5647e-01 -2.0665e+00 +3.6071e+00 +3.7947e-01 +1.9284e+00
3487 +5.981720103e+04 +5.981720103e+04 +5.932567103e+04 +5.932567103e+04 -4.1686e-01 -1.3987e+00 -4.6709e-01 +1.2647e+00 +3.5230e+00 -3.2006e-01 +4.0426e+00 -1.0583e+00 -2.3652e+00 +3.1965e-01 +1.5551e+00 -9.1873e-01 -4.3347e-01 -1.0910e+00 -9.2490e-01 -1.7258e-01 -1.7894e+00 +3.5911e+00 +4.3588e-01 +1.0605e+00
4627 +3.948852910e+04 +3.948852910e+04 +3.899699910e+04 +3.899699910e+04 -5.4904e-01 -7.6154e-01 -4.9919e-01 +1.2702e+00 +3.3806e+00 -6.8103e-01 +3.6803e+00 -1.0483e+00 -2.0167e+00 +1.0177e-01 +1.0405e+00 -1.0366e+00 -3.1210e-01 -1.3150e+00 -1.0950e+00 -1.7395e-01 -2.1542e+00 +3.5209e+00 +3.3088e-01 +1.1880e+00
% function evaluation | noise-free fitness - Fopt (-1.702000000000e+02) | best noise-free fitness - Fopt | measured fitness | best measured fitness | x1 | x2...
1 +1.914959148e+07 +1.914959148e+07 +1.914942128e+07 +1.914942128e+07 +2.9252e+00 +3.0211e+00 -3.0957e+00 -2.0772e+00 -3.9261e+00 -2.9791e+00 +2.2119e+00 -2.4154e+00 -3.8162e+00 +4.2014e+00 -2.3239e+00 +2.0643e+00 -6.0208e-01 -3.8405e+00 +2.8532e+00 +2.2947e+00 -1.5312e+00 -4.1506e+00 -8.5642e-01 -3.7115e+00
2 +7.000144259e+06 +7.000144259e+06 +6.999974059e+06 +6.999974059e+06 +9.4499e-01 -9.9894e-01 +1.1983e+00 -3.5342e+00 -1.8490e+00 -4.3040e+00 -7.7755e-01 -2.9337e-01 -3.1021e+00 +2.5433e+00 -1.5983e+00 -4.7162e+00 +1.3413e+00 -1.4271e+00 -3.6319e+00 -4.8523e+00 -1.5690e+00 +1.0446e+00 -2.9659e+00 -1.5871e+00
8 +4.861237353e+06 +4.861237353e+06 +4.861067153e+06 +4.861067153e+06 +1.5041e+00 -1.3566e+00 -2.8483e-01 -2.4549e+00 +1.1610e+00 -2.4633e+00 -1.5109e+00 -4.7825e-03 +1.8203e-01 +5.0103e-01 +7.1161e-01 +8.0205e-01 -3.9309e+00 +1.8700e+00 +5.3118e-01 +1.0906e-01 -1.3549e+00 -1.7430e+00 -1.2650e+00 +4.9105e+00
23 +2.240879474e+06 +2.240879474e+06 +2.240709274e+06 +2.240709274e+06 +4.1316e+00 +6.6624e-01 +6.8124e-02 -2.0879e-01 +4.6166e+00 +3.7930e+00 -1.3290e+00 +4.7488e+00 +4.1415e+00 +4.4180e+00 -9.2809e-01 +2.1459e+00 +3.0682e+00 -8.5652e-01 +3.7966e+00 +9.5396e-01 -3.8898e+00 -1.3669e+00 -6.0264e-01 +3.5150e+00
309 +9.398996086e+05 +9.398996086e+05 +9.397294086e+05 +9.397294086e+05 +8.3013e-01 -4.8423e+00 +2.6137e+00 +1.6572e+00 +3.5868e+00 +7.1585e-01 +7.7465e-02 +1.3992e+00 +2.0409e+00 +2.5712e+00 -7.6313e-01 +3.5472e+00 -2.2269e+00 -5.0000e+00 +5.0000e+00 +1.1406e+00 -3.0303e+00 +2.1158e+00 -4.5582e-03 -2.2509e+00
1225 +5.004867099e+05 +5.004867099e+05 +5.003165099e+05 +5.003165099e+05 -2.0329e+00 -5.0000e+00 +2.6169e-01 +2.6696e+00 +2.8924e+00 +4.5215e+00 -1.0293e+00 +1.2933e+00 +1.9002e-01 +3.5515e+00 -1.3367e+00 +2.9025e+00 -2.4052e-01 -3.8987e+00 +0.0000e+00 -4.8008e-01 -1.5218e+00 +1.8048e+00 -2.4371e+00 -7.6762e-02
2047 +3.531136633e+05 +3.531136633e+05 +3.529434633e+05 +3.529434633e+05 -3.0506e+00 -4.7875e+00 -3.3247e+00 +4.2271e+00 +4.5266e+00 +3.9966e+00 +2.1895e+00 -8.2332e-01 +1.9989e+00 +1.9030e+00 +2.3722e-01 +2.5327e+00 -3.7701e+00 -1.5277e+00 +2.7558e+00 +2.4676e-01 -9.9245e-01 +3.4980e+00 -1.0124e+00 +2.7845e-02
2249 +2.107899756e+05 +2.107899756e+05 +2.106197756e+05 +2.106197756e+05 -1.4076e+00 -4.8014e+00 -1.4556e+00 +3.1166e+00 +4.0140e+00 +4.2679e+00 +8.1331e-01 -6.5935e-01 -3.3521e-01 +1.1053e+00 -3.7683e-01 +2.1642e+00 -4.4438e+00 -2.5047e+00 +1.6916e+00 -2.2266e+00 -1.2471e+00 +3.2037e+00 -7.4643e-02 +7.9660e-01
2852 +1.031131551e+05 +1.031131551e+05 +1.029429551e+05 +1.029429551e+05 -2.4588e+00 -4.7701e+00 -1.8242e+00 +3.7655e+00 +3.9997e+00 +3.7089e+00 +8.2119e-01 +5.6861e-01 +2.6783e-01 +1.3392e+00 +5.0553e-02 +2.1395e+00 -2.3410e+00 -2.3506e+00 +2.7434e+00 -1.0252e+00 -9.0483e-01 +3.0534e+00 +4.4945e-01 +1.9628e-01
3247 +8.261805615e+04 +8.261805615e+04 +8.244785615e+04 +8.244785615e+04 -2.8893e+00 -4.8034e+00 -2.2935e+00 +3.8068e+00 +4.2408e+00 +3.7256e+00 +1.1228e+00 -5.6382e-01 +7.8029e-01 +1.7323e+00 +8.7433e-02 +2.4244e+00 -3.6122e+00 -2.3018e+00 +2.4929e+00 -1.5249e+00 -8.2719e-01 +3.1254e+00 +5.1846e-01 +1.9283e-01
3860 +5.406537292e+04 +5.406537292e+04 +5.389517292e+04 +5.389517292e+04 -3.3684e+00 -4.7504e+00 -1.9643e+00 +4.1282e+00 +4.1617e+00 +3.9921e+00 +1.0174e+00 +3.4035e-01 +7.2906e-01 +2.0379e+00 +1.1716e+00 +2.5539e+00 -4.0948e+00 -2.1685e+00 +2.4526e+00 -1.2079e+00 -9.9847e-01 +3.5881e+00 +4.2860e-01 +3.5860e-01
4384 +3.710346243e+04 +3.710346243e+04 +3.693326243e+04 +3.693326243e+04 -3.3968e+00 -4.7744e+00 -1.7998e+00 +4.2573e+00 +4.4128e+00 +3.5540e+00 +1.1045e+00 -1.6951e-01 +4.0078e-01 +1.6490e+00 +6.5065e-01 +1.7969e+00 -4.1811e+00 -2.0104e+00 +2.2414e+00 -1.0359e+00 -1.0220e+00 +3.3800e+00 +1.0075e+00 +3.0495e-01
4851 +2.295410605e+04 +2.295410605e+04 +2.278390605e+04 +2.278390605e+04 -3.6283e+00 -4.7886e+00 -2.1628e+00 +4.3782e+00 +4.4185e+00 +3.5845e+00 +7.7273e-01 -4.0184e-01 +5.3501e-01 +1.5110e+00 +5.4633e-01 +1.5095e+00 -4.2146e+00 -1.7876e+00 +2.1433e+00 -1.0298e+00 -1.0316e+00 +3.2689e+00 +8.7265e-01 +3.3135e-01
% function evaluation | noise-free fitness - Fopt (-4.697500000000e+02) | best noise-free fitness - Fopt | measured fitness | best measured fitness | x1 | x2...
1 +1.363804037e+07 +1.363804037e+07 +1.363757062e+07 +1.363757062e+07 -4.7042e+00 +4.5400e+00 +2.9253e-01 +2.4943e+00 -2.2159e-01 +1.9655e-01 +7.7110e-01 +2.7853e+00 +2.7432e+00 -2.4021e+00 -4.3352e-01 -4.1630e+00 +4.5074e+00 -4.0102e+00 +1.6073e-02 +1.4600e+00 +1.8779e+00 +3.9285e+00 +2.2843e+00 -7.4576e-02
19 +4.990566119e+06 +4.990566119e+06 +4.990096369e+06 +4.990096369e+06 +4.6671e+00 +1.0516e+00 +5.8491e-01 +1.2540e+00 -4.1591e+00 +2.7075e+00 +7.9699e-01 -5.9117e-01 +3.7965e-01 +3.3336e+00 +2.0197e+00 +2.4015e+00 -1.4437e+00 +3.7236e+00 +9.0493e-01 +3.0131e+00 -3.9064e+00 -2.0993e+00 -4.4863e+00 -2.6017e+00
61 +2.255649007e+06 +2.255649007e+06 +2.255179257e+06 +2.255179257e+06 -6.6254e-01 -2.7459e+00 +3.6461e+00 -1.6337e+00 -3.9521e+00 +2.1510e+00 +1.1879e+00 +4.6343e+00 -1.0126e-01 +4.9866e+00 -4.5927e+00 +4.2728e+00 +5.5148e-01 -2.0403e+00 -7.9903e-01 +5.0547e-01 +3.0967e+00 -3.5930e+00 -3.3426e+00 +1.5676e+00
353 +1.223621408e+06 +1.223621408e+06 +1.223151658e+06 +1.223151658e+06 +1.3790e+00 -5.0000e+00 +5.0000e+00 -2.5244e+00 -1.6150e+00 +1.0033e+00 +2.0517e+00 -1.3617e+00 +9.2320e-01 +5.0000e+00 -6.0383e-02 -5.8018e-01 +3.2293e-01 -1.8007e+00 -1.9278e+00 +2.4530e+00 -5.0000e+00 -2.9147e+00 -6.3301e-01 +2.8795e+00
743 +6.849911398e+05 +6.849911398e+05 +6.845213898e+05 +6.845213898e+05 +0.0000e+00 -4.9668e+00 +4.2318e+00 -5.0000e+00 -3.1735e+00 +2.6279e+00 +1.8340e+00 +0.0000e+00 +8.3623e-01 +5.0000e+00 +0.0000e+00 +3.9457e-01 +1.6129e+00 -9.8123e-01 -2.0890e+00 +2.7708e+00 -1.5605e+00 -2.9346e+00 +6.9246e-01 +2.3671e+00
999 +6.084308667e+05 +6.084308667e+05 +6.079611167e+05 +6.079611167e+05 +2.9482e+00 -4.9528e+00 +5.0000e+00 -5.0000e+00 -2.4317e+00 +3.3705e+00 +2.2282e+00 -1.7955e+00 -7.6539e-01 +5.0000e+00 -2.1632e+00 +1.2166e-01 +2.4994e+00 -2.0368e+00 -2.8588e+00 +2.4515e+00 +1.1692e+00 -2.8031e+00 +9.0550e-01 +1.3600e+00
1375 +3.650085313e+05 +3.650085313e+05 +3.645387813e+05 +3.645387813e+05 +4.0140e+00 -5.0000e+00 +2.8210e+00 -2.2544e+00 -2.2557e+00 +3.0121e+00 +1.4449e+00 -1.3026e+00 -1.1156e+00 +3.4050e+00 -3.2462e+00 -2.6311e+00 +1.2558e+00 -2.5412e+00 -1.3296e+00 +2.5054e+00 +1.7343e+00 -2.6123e+00 +1.2725e+00 -1.7545e+00
2392 +1.848412619e+05 +1.848412619e+05 +1.843715119e+05 +1.843715119e+05 +2.5465e+00 -4.9999e+00 +3.8591e+00 -3.1499e+00 -2.3832e+00 +1.8367e+00 +0.0000e+00 -1.9502e+00 +1.8608e+00 +3.5298e+00 -1.6077e+00 -2.3910e+00 +2.3118e+00 -2.6132e+00 -3.1647e+00 +5.3457e-01 -4.8057e+00 -3.9621e+00 -1.3029e+00 -1.5913e+00
2453 +1.358702626e+05 +1.358702626e+05 +1.354005126e+05 +1.354005126e+05 +2.2089e+00 -4.9997e+00 +3.4252e+00 -3.0405e+00 -1.7575e+00 +2.8023e+00 -1.0033e-02 -9.4365e-01 +1.0980e+00 +2.5018e+00 -2.4750e+00 -2.9711e+00 +1.8766e+00 -2.7470e+00 -1.6525e+00 +3.0792e+00 -5.0000e+00 -3.8454e+00 -4.2388e-01 -2.5761e+00
3056 +9.873463860e+04 +9.873463860e+04 +9.826488860e+04 +9.826488860e+04 +2.3282e+00 -4.8561e+00 +3.9689e+00 -2.2759e+00 -2.4998e+00 +1.8222e+00 -3.5146e-01 -2.0689e+00 +1.9300e+00 +2.8422e+00 -1.5173e+00 -2.5607e+00 +1.5988e+00 -2.6972e+00 -2.8074e+00 +6.6270e-01 -2.3491e+00 -2.8447e+00 -8.0366e-01 -1.3676e+00
3484 +5.450972124e+04 +5.450972124e+04 +5.403997124e+04 +5.403997124e+04 +2.0278e+00 -4.8232e+00 +3.4712e+00 -2.0985e+00 -2.0229e+00 +1.2966e+00 -5.1421e-01 -1.3396e+00 +1.6732e+00 +2.6198e+00 -1.8178e+00 -2.2260e+00 +2.2547e+00 -3.3773e+00 -3.2879e+00 +1.0965e+00 -4.7412e+00 -3.3931e+00 -1.5034e+00 -9.3630e-01
3928 +3.611113871e+04 +3.611113871e+04 +3.564138871e+04 +3.564138871e+04 +1.9856e+00 -4.8820e+00 +3.4540e+00 -2.0817e+00 -1.6971e+00 +1.3068e+00 -5.3471e-01 -1.3995e+00 +1.5421e+00 +2.4236e+00 -1.5677e+00 -2.3044e+00 +2.9437e+00 -3.5496e+00 -3.5663e+00 +8.2608e-01 -4.7092e+00 -3.3484e+00 -1.4104e+00 -6.9148e-01
% function evaluation | noise-free fitness - Fopt (-1.280000000000e+01) | best noise-free fitness - Fopt | measured fitness | best measured fitness | x1 | x2...
1 +1.498737973e+07 +1.498737973e+07 +1.498736693e+07 +1.498736693e+07 -6.2303e-01 +2.2486e+00 -6.6087e-01 -4.5287e-02 +1.3177e+00 -4.8263e+00 +1.7110e+00 +9.0401e-01 -4.1001e+00 -4.4042e+00 -3.1180e+00 -3.5991e+00 -2.3070e+00 +3.2616e+00 -3.7514e+00 +1.5456e+00 +1.0886e+00 -1.9242e+00 +1.8703e+00 +4.0475e-01
5 +7.075627741e+06 +7.075627741e+06 +7.075614941e+06 +7.075614941e+06 +2.2331e+00 +1.1244e+00 -1.1258e+00 +1.4872e-01 -4.1133e+00 -1.3168e+00 +3.8039e+00 +1.0913e+00 -3.9912e+00 +1.6182e+00 -3.1921e+00 +3.1859e+00 +3.7482e+00 -2.8244e+00 +4.0900e+00 +3.4397e+00 +1.2819e-01 -5.0151e-01 +4.3765e+00 -3.1359e-01
8 +5.591989209e+06 +5.591989209e+06 +5.591976409e+06 +5.591976409e+06 -2.2691e+00 -3.4323e+00 -4.1099e-01 +1.8221e+00 +4.9050e+00 +1.0426e+00 +1.7907e+00 -4.9999e+00 -3.0270e+00 -3.7263e+00 +3.2032e+00 -4.3710e+00 +1.4026e+00 -1.4767e+00 -1.1468e+00 -8.8130e-01 -4.4454e+00 -5.2661e-01 -3.9102e-01 -3.4504e+00
15 +3.160328371e+06 +3.160328371e+06 +3.160315571e+06 +3.160315571e+06 +2.6051e+00 -4.0353e+00 +1.0989e+00 -2.0070e+00 +4.4344e+00 -3.6757e+00 -8.6694e-01 +1.9793e+00 -1.0798e+00 +1.7659e+00 +4.0619e+00 -1.7749e+00 +2.6006e+00 -1.0733e-01 +2.9627e-01 -3.5722e+00 -2.6264e+00 +3.7161e+00 -2.1760e+00 -5.9308e-01
208 +1.869501376e+06 +1.869501376e+06 +1.869488576e+06 +1.869488576e+06 +2.7309e+00 -3.7483e+00 -8.1711e-01 -7.6465e-01 +5.0000e+00 -3.3328e+00 -6.7477e-01 -1.0147e+00 +1.6630e-01 +1.2737e+00 +2.5098e+00 -4.6198e+00 +2.9615e+00 -9.0153e-01 -2.4031e-01 +3.8715e+00 -2.7891e+00 -4.3325e+00 -3.6684e+00 +1.5496e+00
230 +1.207390844e+06 +1.207390844e+06 +1.207378044e+06 +1.207378044e+06 +6.3704e-01 +1.9168e+00 +2.3303e+00 -5.0000e+00 +1.3549e+00 -2.2929e+00 +2.5545e-01 -1.0093e+00 -4.0128e+00 +5.7703e-01 -1.9098e-01 +2.9630e+00 -1.7477e+00 -5.0000e+00 -1.1527e+00 +3.3892e+00 +6.4810e-01 +2.6796e+00 +3.4459e-01 +5.0000e+00
603 +3.399135591e+05 +3.399135591e+05 +3.399007591e+05 +3.399007591e+05 +1.3819e-01 +1.8708e+00 +3.8000e+00 -5.0000e+00 +1.6586e+00 +0.0000e+00 +0.0000e+00 -5.6498e-01 +4.6863e-01 +0.0000e+00 +5.2604e-01 +1.8036e+00 +4.2134e-01 -9.5409e-01 -1.9953e+00 +3.2532e+00 -1.2641e+00 +0.0000e+00 -3.1818e+00 +4.2430e-01
2151 +2.072658993e+05 +2.072658993e+05 +2.072530993e+05 +2.072530993e+05 +2.1463e+00 +2.8213e+00 +1.6984e+00 -5.0000e+00 +0.0000e+00 -7.1298e-01 -9.3166e-02 +7.9177e-01 +3.2537e+00 -2.4926e+00 +9.1211e-01 +1.5095e+00 +4.7420e+00 -1.2823e+00 +7.6752e-01 +2.8052e+00 -1.8234e+00 +1.8503e+00 -2.7273e+00 -9.4499e-01
3171 +1.222004537e+05 +1.222004537e+05 +1.221876537e+05 +1.221876537e+05 +1.5569e+00 +2.7342e+00 +1.7197e+00 -4.7520e+00 +1.8697e+00 +6.2453e-01 -5.4627e-01 -2.0139e+00 +2.5885e+00 -1.9597e+00 -7.3167e-01 +3.5501e+00 +4.7117e+00 -2.2804e+00 +5.9643e-01 +3.2741e+00 +2.4000e+00 +4.5189e+00 -2.6792e+00 -2.4742e-01
3722 +9.669054074e+04 +9.669054074e+04 +9.667774074e+04 +9.667774074e+04 +1.4135e+00 +2.6741e+00 +3.2671e+00 -4.7203e+00 +1.8464e+00 +3.2070e-01 -3.1800e-01 -2.1107e+00 +2.4799e+00 -1.9070e+00 -7.2906e-01 +2.9235e+00 +4.7160e+00 -2.2800e+00 +5.4656e-01 +3.0690e+00 +2.3923e+00 +4.6015e+00 -2.5310e+00 -9.1810e-01
3967 +6.250046405e+04 +6.250046405e+04 +6.248766405e+04 +6.248766405e+04 +1.4897e+00 +2.7175e+00 +3.3787e+00 -4.8123e+00 +1.9655e+00 +6.5609e-01 -3.0726e-01 -2.0713e+00 +1.9496e+00 -1.5496e+00 -8.5434e-01 +2.6845e+00 +4.7714e+00 -2.4314e+00 +8.5888e-01 +2.8361e+00 +2.3860e+00 +4.5199e+00 -2.3093e+00 -5.6663e-01
4585 +3.905646691e+04 +3.905646691e+04 +3.904366691e+04 +3.904366691e+04 +1.3911e+00 +2.6744e+00 +4.1386e+00 -4.9799e+00 +1.9190e+00 +7.9088e-01 -2.5455e-01 -2.1088e+00 +2.2801e+00 -1.4456e+00 -9.9048e-01 +2.0014e+00 +4.7195e+00 -2.5360e+00 +1.0521e+00 +2.7425e+00 +2.4451e+00 +4.4785e+00 -2.3824e+00 -4.6369e-01
% function evaluation | noise-free fitness - Fopt (-3.856900000000e+02) | best noise-free fitness - Fopt | measured fitness | best measured fitness | x1 | x2...
1 +1.379464152e+07 +1.379464152e+07 +1.379425583e+07 +1.379425583e+07 +3.8578e-02 -1.1044e+00 +6.5746e-02 +7.0301e-01 +4.4904e+00 -4.6751e+00 -1.0037e-01 +4.2100e+00 +2.7139e+00 +8.3409e-01 +2.6989e+00 +4.2409e+00 -3.2474e+00 -4.3766e+00 +1.6191e+00 -4.3857e-01 -1.1857e-01 +1.1639e+00 +2.2212e+00 +4.4613e+00
4 +3.829809921e+06 +3.829809921e+06 +3.829424231e+06 +3.829424231e+06 -4.3228e+00 +4.4984e+00 +4.4573e+00 +8.0251e-01 +4.7457e+00 -4.2130e+00 +2.3514e-01 +3.1193e+00 -4.8942e+00 +3.8751e+00 -9.3432e-01 +3.8280e+00 +2.1392e+00 -3.9788e+00 +3.8963e-01 -7.4215e-01 -4.4376e-02 +2.9538e+00 +1.6037e+00 +1.8157e+00
11 +3.731706947e+05 +3.731706947e+05 +3.727850047e+05 +3.727850047e+05 +2.3952e+00 -3.7895e+00 -4.9020e+00 -3.8389e+00 +2.7721e+00 -1.9766e+00 +1.9596e+00 -4.8334e+00 -7.4207e-01 +8.1666e-01 +2.7533e+00 +1.4684e+00 -1.6022e+00 -4.5650e+00 -7.1546e-01 +4.2685e+00 +1.0408e+00 -4.5524e+00 -2.3929e+00 -9.5916e-01
741 +2.311330402e+05 +2.311330402e+05 +2.307473502e+05 +2.307473502e+05 +1.2587e+00 -2.6851e+00 -2.5474e+00 -3.7772e+00 +2.8850e+00 -1.1374e+00 -8.5784e-01 -2.8047e+00 -3.7214e+00 -1.6758e+00 +3.5696e+00 +0.0000e+00 -9.3825e-01 -5.8463e-01 -5.0000e+00 -2.8118e-01 +1.2371e+00 +0.0000e+00 -1.7504e+00 -7.3064e-01
816 +1.495473779e+05 +1.495473779e+05 +1.491616879e+05 +1.491616879e+05 +1.7881e+00 -2.9759e+00 -1.1459e+00 -3.2160e+00 +2.8725e+00 -8.7216e-01 -1.5816e+00 -3.4777e+00 -2.5895e+00 -1.0822e-02 +2.4298e+00 +1.9180e-01 -3.0626e-01 -5.5387e-01 -5.0000e+00 +8.1481e-01 +1.2322e+00 -1.5374e+00 -2.2996e+00 +1.5086e-02
2478 +6.219210062e+04 +6.219210062e+04 +6.180641062e+04 +6.180641062e+04 +3.0867e+00 -5.0000e+00 -1.4987e+00 -3.7693e+00 +3.5048e+00 -7.9473e-01 +1.9906e-01 -1.8395e+00 -2.7877e+00 -4.1204e-01 +1.8616e+00 +6.5356e-01 -8.9346e-01 -4.4451e-01 -3.8096e+00 +8.0244e-01 +6.6622e-01 -5.2195e-01 -1.7139e+00 -7.1995e-01
2956 +3.738704449e+04 +3.738704449e+04 +3.700135449e+04 +3.700135449e+04 +3.3348e+00 -4.6444e+00 -2.8568e+00 -4.2935e+00 +3.1129e+00 -1.7801e+00 -9.7814e-01 -2.2423e+00 -2.9836e+00 +2.6351e-01 +1.5124e+00 +1.3418e+00 -5.0093e-01 -1.9159e+00 -3.5911e+00 +3.7913e-01 +4.8403e-01 +3.9381e-03 -1.7951e+00 -6.0361e-01
3682 +1.827478807e+04 +1.827478807e+04 +1.788909807e+04 +1.788909807e+04 +3.2705e+00 -4.4333e+00 -2.3140e+00 -4.0138e+00 +3.3067e+00 -1.9896e+00 -9.8260e-01 -2.4516e+00 -2.7657e+00 +2.8755e-01 +1.5184e+00 +1.4052e+00 -4.1765e-01 -1.4737e+00 -3.3772e+00 +4.4176e-01 +4.5265e-01 -4.4320e-01 -1.8056e+00 -5.3797e-01
4019 +1.557676685e+04 +1.557676685e+04 +1.519107685e+04 +1.519107685e+04 +3.2249e+00 -4.6541e+00 -2.3737e+00 -4.0061e+00 +3.0794e+00 -1.8601e+00 -1.1717e+00 -2.2292e+00 -2.8447e+00 +2.5499e-01 +1.4392e+00 +1.2681e+00 -2.4844e-01 -1.4303e+00 -3.4363e+00 +4.4386e-01 +3.2150e-01 -1.3133e-01 -2.0248e+00 -5.8488e-01
% function evaluation | noise-free fitness - Fopt (4.000000000000e+01) | best noise-free fitness - Fopt | measured fitness | best measured fitness | x1 | x2...
1 +2.761262784e+07 +2.761262784e+07 +2.761266784e+07 +2.761266784e+07 +9.2161e-01 +1.6490e+00 -1.7280e+00 +4.5881e+00 -4.9736e+00 -1.8882e+00 +2.4211e+00 +4.9105e+00 +4.3400e+00 +4.1759e+00 +4.1157e+00 -2.1742e+00 -3.3975e+00 -5.2144e-01 -2.1162e+00 +3.7473e+00 +8.5065e-01 -1.1141e+00 +5.8669e-01 -2.7754e+00
2 +8.108772899e+06 +8.108772899e+06 +8.108812899e+06 +8.108812899e+06 -4.5999e-01 -3.2812e+00 +3.9277e-01 -9.6305e-01 -4.1749e+00 +1.6656e+00 -2.4376e+00 +1.9343e+00 -4.3809e+00 -2.7542e+00 -1.0372e+00 -4.9019e+00 +3.4912e-01 +4.7103e+00 +2.8088e-01 -4.9700e+00 -1.3589e-01 +3.6924e+00 +2.5128e+00 +4.5268e+00
10 +3.932998732e+06 +3.932998732e+06 +3.933038732e+06 +3.933038732e+06 -3.5445e+00 -3.1192e+00 -1.4267e+00 +4.7308e-01 -3.5754e-01 -2.7631e+00 -3.1088e+00 +1.5681e+00 -2.0995e+00 -1.3447e+00 +4.4306e+00 +3.1110e+00 +4.5356e+00 +2.2258e+00 +3.6570e+00 -2.8809e+00 +2.0937e+00 -1.4657e+00 -3.5268e+00 -2.9161e+00
80 +2.435294939e+06 +2.435294939e+06 +2.435334939e+06 +2.435334939e+06 +1.9471e-01 -1.1028e+00 -2.2224e+00 +1.5271e+00 +1.8187e+00 -1.0417e+00 -8.6325e-02 -3.9680e+00 -1.3384e+00 +1.1937e+00 +9.6848e-01 +3.0855e-02 +3.8427e-01 +8.5461e-01 -4.0610e+00 +8.0261e-01 -1.3560e+00 -3.6181e+00 -7.2601e-01 -1.7123e-01
277 +1.285484426e+06 +1.285484426e+06 +1.285524426e+06 +1.285524426e+06 +1.5630e+00 -2.1873e-01 -2.3351e+00 +2.6090e+00 +1.4180e+00 +8.9224e-01 -4.1849e+00 -2.6949e-01 +5.0000e+00 -1.3860e+00 -4.4493e-01 -3.4523e+00 -1.3466e+00 +2.5240e+00 +4.9269e+00 -5.0000e+00 +2.8142e+00 +5.0000e+00 -1.8246e+00 +7.8453e-01
345 +7.399907934e+05 +7.399907934e+05 +7.400307934e+05 +7.400307934e+05 -9.2901e-01 +9.6852e-02 -4.2231e-01 +4.7016e+00 +3.2083e+00 +3.3645e+00 -3.0772e+00 -3.0277e+00 -2.9237e-01 -4.9029e-01 +3.3378e+00 -4.6481e-01 +3.7505e-01 -2.4423e+00 +6.3748e-01 -1.5636e+00 +9.7586e-01 +1.6039e-01 -1.5256e+00 +1.5989e+00
643 +4.669743504e+05 +4.669743504e+05 +4.670143504e+05 +4.670143504e+05 -3.7581e+00 -2.3177e+00 +5.5995e-01 +3.7872e+00 +4.0301e+00 +4.5347e+00 -2.7796e+00 -3.4406e+00 +5.0000e+00 -1.1254e+00 +4.0938e+00 -2.7709e-01 +0.0000e+00 -1.0100e+00 +4.0083e+00 -1.6844e+00 +3.3636e+00 +2.9904e-01 -3.3037e+00 -1.1861e-01
1657 +3.625256984e+05 +3.625256984e+05 +3.625656984e+05 +3.625656984e+05 +2.0630e+00 -3.0074e+00 -1.4842e+00 +1.2049e+00 +1.7143e+00 +2.1082e+00 -2.8519e+00 +0.0000e+00 -2.4165e+00 +2.0374e+00 +2.7304e+00 -2.5493e+00 -1.4285e-01 -6.5193e-01 +1.4927e+00 -1.9898e+00 +3.1077e+00 +8.2940e-01 -1.0600e+00 -8.6478e-01
2891 +1.932217623e+05 +1.932217623e+05 +1.932617623e+05 +1.932617623e+05 +1.7063e+00 -5.5096e-01 -3.2532e+00 -3.0641e+00 +3.9035e+00 +2.4255e+00 -3.8927e+00 +4.3175e+00 -5.0728e-01 +2.9208e+00 +4.5451e+00 -1.4098e+00 -2.7439e+00 +9.7150e-01 +1.8074e-01 -1.2226e+00 +3.2723e+00 +9.5396e-01 -3.8320e-01 -2.8870e+00
3389 +1.460070600e+05 +1.460070600e+05 +1.460470600e+05 +1.460470600e+05 +1.0512e+00 -2.2669e+00 -1.5694e+00 -2.0933e+00 +1.5470e+00 +2.3950e+00 -3.5341e+00 +9.5209e-01 +6.9831e-01 +3.5711e+00 +4.9529e+00 -1.1098e+00 -1.3587e+00 -1.4038e+00 -1.3699e-01 -1.9592e+00 +3.9244e+00 +1.0542e+00 -1.6580e+00 -2.1294e+00
4215 +8.276881985e+04 +8.276881985e+04 +8.280881985e+04 +8.280881985e+04 -2.7533e-01 -1.7317e+00 -2.0904e+00 -2.6247e+00 +3.3724e+00 +3.7474e+00 -3.5916e+00 +4.7509e-01 +2.1130e+00 +2.5233e+00 +5.0000e+00 -7.2180e-01 -2.1488e+00 -7.4364e-01 -2.3329e-01 -1.8246e+00 +3.5627e+00 +6.0806e-01 -1.2017e+00 -2.4189e+00
4639 +6.211972367e+04 +6.211972367e+04 +6.215972367e+04 +6.215972367e+04 -5.3495e-01 -1.6631e+00 -1.7292e+00 -2.4111e+00 +3.2086e+00 +3.8876e+00 -3.5722e+00 +9.6155e-01 +2.2430e+00 +2.5641e+00 +4.7887e+00 -8.5778e-01 -1.8059e+00 -7.2197e-01 +7.8694e-01 -2.1645e+00 +3.4486e+00 +5.7702e-01 -9.6214e-01 -1.9826e+00
% function evaluation | noise-free fitness - Fopt (1.142600000000e+02) | best noise-free fitness - Fopt | measured fitness | best measured fitness | x1 | x2...
1 +9.228259563e+06 +9.228259563e+06 +9.228373823e+06 +9.228373823e+06 +3.3000e+00 -2.6216e+00 +3.2636e-01 +8.0753e-01 +2.3630e+00 -1.1167e+00 +3.9348e-01 +1.9178e-01 -4.4047e+00 -2.4145e+00 +4.6118e+00 +8.9633e-01 +2.2419e+00 -1.1094e+00 +2.4281e+00 +1.0731e+00 +1.3018e+00 +3.6817e+00 +3.8613e+00 -4.6215e-01
10 +5.098050758e+06 +5.098050758e+06 +5.098165018e+06 +5.098165018e+06 +1.7765e+00 -1.7838e+00 -3.6917e+00 -3.4777e+00 -3.5141e+00 -2.4398e+00 -1.7779e+00 +3.9194e+00 +2.6628e+00 +1.2608e+00 -3.2247e+00 +7.9302e-01 +4.1225e+00 +3.5379e+00 -9.6839e-01 +4.5858e+00 +3.3715e+00 -2.9801e+00 -4.6105e+00 +2.0715e+00
12 +3.725187719e+06 +3.725187719e+06 +3.725301979e+06 +3.725301979e+06 +1.8655e+00 -1.0554e+00 +3.9842e+00 +8.1690e-01 +4.7527e-01 +3.9812e+00 +3.5426e+00 +2.6141e+00 +1.6891e+00 +4.8658e-01 +3.3962e+00 -1.6654e+00 +3.8319e+00 -4.4941e+00 +1.1082e+00 -4.3868e+00 +3.8452e+00 +6.8531e-02 -1.7787e+00 -4.1332e+00
23 +2.061025399e+06 +2.061025399e+06 +2.061139659e+06 +2.061139659e+06 +1.2892e+00 -8.1604e-01 -2.2186e+00 -2.3759e-01 -4.6137e+00 +1.8689e+00 +2.0970e+00 +9.4182e-01 -1.6119e+00 +4.4003e+00 -2.5359e+00 +2.8794e+00 +1.5248e+00 -4.3975e+00 +4.8240e+00 -8.8668e-02 +2.3764e+00 +4.0541e+00 -1.1848e+00 -3.1250e+00
317 +1.558998275e+06 +1.558998275e+06 +1.559112535e+06 +1.559112535e+06 +4.1201e-01 +2.2533e+00 +1.6698e+00 +2.9270e+00 +2.2536e+00 +3.1032e+00 +5.0000e+00 -3.1265e+00 -3.6517e+00 +1.0302e+00 -4.7129e+00 +5.0000e+00 -3.1790e-02 -1.9236e+00 +3.3490e+00 -2.5372e+00 -9.7659e-01 +5.0000e+00 +1.8684e+00 -8.0301e-01
432 +8.254704654e+05 +8.254704654e+05 +8.255847254e+05 +8.255847254e+05 +6.4939e-01 +0.0000e+00 -9.9421e-01 -3.4074e+00 +2.4225e-01 +5.3401e-01 +5.0000e+00 -2.4415e+00 -1.6546e+00 +2.2432e+00 +5.0051e-01 +4.3178e+00 +1.2682e+00 -2.9506e+00 +2.1474e+00 +2.5889e+00 +2.6967e+00 +3.6759e+00 +5.0590e-01 -4.8137e+00
653 +3.709291897e+05 +3.709291897e+05 +3.710434497e+05 +3.710434497e+05 -8.1452e-01 +4.3045e+00 -4.7065e+00 -3.0838e+00 +0.0000e+00 -1.3336e+00 +2.0903e+00 +1.9223e+00 -1.9861e+00 +1.7782e-01 -3.8222e+00 +2.3502e+00 -1.9137e+00 -3.5961e+00 +3.4257e+00 +2.1539e+00 -2.3324e-01 +5.0000e+00 -4.7152e+00 -5.7521e-01
1730 +2.144356348e+05 +2.144356348e+05 +2.145498948e+05 +2.145498948e+05 -2.8338e-01 +5.0000e+00 -4.5268e+00 -2.6549e+00 -2.1547e+00 +2.0930e-01 +2.2193e+00 +1.4870e+00 -2.6927e+00 -1.2421e-01 -4.3521e+00 +2.7100e+00 -2.0347e+00 -4.2665e+00 +3.1199e+00 +1.4952e+00 -5.0819e-01 +5.0000e+00 -3.4485e+00 -2.8028e+00
2179 +1.345898579e+05 +1.345898579e+05 +1.347041179e+05 +1.347041179e+05 +2.1399e+00 +1.3397e+00 -4.7185e+00 -3.3274e+00 -2.7175e+00 +3.0577e-01 +3.7378e+00 +6.1376e-01 -1.4650e+00 +8.7223e-01 -4.4098e+00 +2.7654e+00 +2.7114e-01 -4.9434e+00 +2.2601e+00 +1.6960e+00 +1.6465e+00 +4.5465e+00 -1.7379e+00 -5.0000e+00
2864 +9.723007310e+04 +9.723007310e+04 +9.734433310e+04 +9.734433310e+04 +2.6679e+00 -2.1352e+00 -4.7626e+00 -4.1799e+00 -2.5704e+00 +2.7047e+00 +3.2622e+00 -1.5866e+00 -4.2017e-01 -5.6262e-01 -4.6495e+00 +2.0986e+00 +2.3699e+00 -5.0000e+00 +2.1547e+00 +8.3871e-01 +3.5690e+00 +4.9171e+00 -1.3040e+00 -5.0000e+00
4062 +5.491831465e+04 +5.491831465e+04 +5.503257465e+04 +5.503257465e+04 +2.9431e+00 -9.0517e-01 -4.7834e+00 -3.8703e+00 -3.0595e+00 +1.0860e+00 +5.0000e+00 +1.4548e-01 -1.8536e-01 -1.9845e-01 -3.3074e+00 +3.5330e+00 +1.2915e+00 -4.8529e+00 +1.9009e+00 +1.9784e+00 +2.4941e+00 +4.7049e+00 -2.5392e+00 -4.9988e+00
4837 +3.907162865e+04 +3.907162865e+04 +3.918588865e+04 +3.918588865e+04 +2.7447e+00 -8.8729e-01 -4.6966e+00 -3.7620e+00 -2.7765e+00 +9.0944e-01 +4.9317e+00 +6.9757e-02 -3.7071e-01 -4.0728e-01 -3.0429e+00 +3.4042e+00 +1.0474e+00 -4.7666e+00 +1.8751e+00 +2.0804e+00 +2.5094e+00 +4.7198e+00 -2.5064e+00 -4.5695e+00
% function evaluation | noise-free fitness - Fopt (1.393000000000e+01) | best noise-free fitness - Fopt | measured fitness | best measured fitness | x1 | x2...
1 +7.213916807e+06 +7.213916807e+06 +7.213930737e+06 +7.213930737e+06 -1.0049e+00 +3.6472e+00 +4.8201e+00 +1.4341e+00 -2.0543e+00 +1.8009e+00 -2.7811e+00 +3.9334e+00 -2.9488e+00 -3.2760e+00 -1.3959e+00 -2.4934e+00 +2.0652e+00 -1.0245e+00 -2.0847e+00 +8.9545e-01 -4.5533e+00 +2.2480e-01 +4.3845e-03 -4.6548e-01
15 +4.252168623e+06 +4.252168623e+06 +4.252182553e+06 +4.252182553e+06 +3.4276e+00 +3.2994e+00 +4.4499e+00 -4.3618e+00 -4.5860e+00 +3.7936e+00 -1.7066e+00 +3.0734e+00 +2.8335e+00 +1.6108e-01 -4.0979e+00 -3.7113e+00 -2.7596e+00 +4.5070e+00 +1.7423e-02 -1.5757e+00 +1.3709e+00 -3.3757e+00 -1.9884e+00 -2.9939e+00
20 +2.092035000e+06 +2.092035000e+06 +2.092048930e+06 +2.092048930e+06 +2.6626e+00 +2.5609e+00 -3.0565e+00 +1.2786e+00 -4.6942e+00 +7.1098e-01 -4.4192e+00 +7.2907e-01 -3.1268e-01 -3.0382e+00 -3.0752e+00 +8.0592e-01 -3.3844e+00 +1.2096e+00 -3.6214e-01 +1.6286e+00 +2.8051e-01 -1.9464e+00 -4.5584e+00 -3.9207e+00
191 +8.737031656e+05 +8.737031656e+05 +8.737170956e+05 +8.737170956e+05 -3.5764e-01 +2.0216e-01 +4.2362e+00 +2.9515e+00 +4.2893e+00 -4.7901e+00 +3.9700e+00 -6.2578e-01 -4.7249e+00 -6.6122e-01 -4.9843e+00 -4.5700e+00 +3.7771e+00 -3.7526e+00 +3.6047e-01 +2.7453e+00 -4.8043e+00 +3.5692e+00 +3.5392e+00 -1.5489e+00
509 +5.647835670e+05 +5.647835670e+05 +5.647974970e+05 +5.647974970e+05 -3.5586e-01 +1.2761e+00 +4.3531e+00 +5.0000e+00 +5.0000e+00 -3.3493e+00 +4.0799e+00 -9.2125e-01 -4.1721e+00 -1.3972e+00 -5.0000e+00 -4.6313e+00 +3.5675e+00 -2.8467e+00 -7.2129e-01 +1.6802e+00 -4.6857e+00 +2.8223e+00 +3.1767e+00 -2.0748e+00
748 +3.288453393e+05 +3.288453393e+05 +3.288592693e+05 +3.288592693e+05 -7.4673e-01 +7.3846e-01 +4.2918e+00 +5.0000e+00 +5.0000e+00 -1.7964e+00 +0.0000e+00 +5.0167e-01 -3.3013e+00 -2.4039e+00 -5.0000e+00 -5.0000e+00 +2.3340e+00 -1.6436e-01 -7.6269e-01 +2.1364e+00 -4.5958e+00 +3.3582e+00 +3.3156e+00 -6.7119e-01
1482 +2.099223769e+05 +2.099223769e+05 +2.099363069e+05 +2.099363069e+05 -8.7446e-01 +1.3993e+00 +4.3623e+00 +5.0000e+00 +5.0000e+00 -1.8822e+00 +4.2934e-02 +1.1694e+00 -2.9587e+00 -9.9185e-01 -5.0000e+00 -4.9977e+00 +3.4907e+00 -9.4824e-01 -2.4317e-01 +1.8758e+00 -4.5260e+00 +2.8910e+00 +2.8504e+00 -6.8009e-01
1825 +1.011892529e+05 +1.011892529e+05 +1.012031829e+05 +1.012031829e+05 +1.4501e+00 +1.2445e+00 +2.4161e+00 +5.0000e+00 +3.9040e+00 -2.5630e+00 +2.7915e-02 +1.4741e+00 -6.5933e-01 +1.2760e+00 -4.9994e+00 -4.3143e+00 +3.9703e+00 -3.6794e-01 +2.6681e-01 +1.6013e+00 -4.4246e+00 +2.4537e+00 +2.1639e+00 -9.0742e-01
2251 +9.704699108e+04 +9.704699108e+04 +9.706092108e+04 +9.706092108e+04 +1.5653e+00 +2.2184e+00 +2.2541e+00 +4.7045e+00 +2.6688e+00 -2.5344e+00 -5.8381e-01 +1.5116e+00 -3.5414e-01 +2.6047e+00 -4.9990e+00 -3.6158e+00 +3.6558e+00 +8.9105e-01 -1.2239e-01 +1.6078e+00 -4.3705e+00 +2.1350e+00 +2.0129e+00 -1.0269e+00
2968 +5.373187297e+04 +5.373187297e+04 +5.374580297e+04 +5.374580297e+04 -3.5981e-01 +2.4471e+00 +2.1716e+00 +4.9420e+00 +3.9071e+00 -2.3470e+00 +2.9024e+00 +6.4581e-01 -7.1627e-01 +1.2790e+00 -4.9909e+00 -3.1408e+00 +2.9210e+00 -2.5902e-02 +2.5089e-01 +1.5711e+00 -4.1634e+00 +2.6098e+00 +2.3259e+00 -2.1741e+00
3537 +3.449498352e+04 +3.449498352e+04 +3.450891352e+04 +3.450891352e+04 +4.2571e-01 +2.6152e+00 +2.1713e+00 +4.9972e+00 +4.4286e+00 -1.7586e+00 +3.2410e+00 +3.4746e-01 -8.2196e-01 +1.3874e+00 -4.9550e+00 -4.2363e+00 +2.7593e+00 +2.1420e-01 +3.9809e-01 +1.8452e+00 -4.2981e+00 +3.1544e+00 +2.3952e+00 -2.3641e+00
3903 +2.482783064e+04 +2.482783064e+04 +2.484176064e+04 +2.484176064e+04 +7.5911e-01 +2.8238e+00 +2.3194e+00 +4.9042e+00 +4.2832e+00 -1.8019e+00 +1.9599e+00 +2.7464e-01 -9.2786e-01 +1.5631e+00 -4.9716e+00 -4.0007e+00 +2.6237e+00 +3.0029e-01 +5.1189e-01 +1.9461e+00 -4.3961e+00 +2.6579e+00 +2.3040e+00 -2.3507e+00
4621 +1.571106268e+04 +1.571106268e+04 +1.572499268e+04 +1.572499268e+04 +1.1522e+00 +3.0896e+00 +2.4119e+00 +4.6003e+00 +4.3707e+00 -1.9878e+00 +1.9769e+00 +1.4387e+00 -1.1014e+00 +1.4027e+00 -4.9623e+00 -4.0947e+00 +2.9976e+00 +6.3805e-01 +5.7920e-01 +2.0423e+00 -4.2731e+00 +2.5952e+00 +2.2685e+00 -2.3612e+00
% function evaluation | noise-free fitness - Fopt (-3.175000000000e+01) | best noise-free fitness - Fopt | measured fitness | best measured fitness | x1 | x2...
1 +1.086062843e+07 +1.086062843e+07 +1.086059668e+07 +1.086059668e+07 -4.2986e+00 -4.0527e+00 +2.7482e+00 -5.0287e-01 -3.8749e+00 -8.7329e-02 +1.5696e+00 +2.0896e+00 +4.4231e+00 -3.8312e+00 +6.8850e-01 +3.4192e+00 -2.9618e-01 +3.9174e+00 +2.1394e-02 -2.9547e+00 +3.9525e+00 -3.9295e+00 +3.3842e+00 -2.2492e+00
8 +5.522773264e+06 +5.522773264e+06 +5.522741514e+06 +5.522741514e+06 -4.3074e+00 +2.7866e+00 +1.5176e+00 +2.8705e+00 +3.2080e+00 -3.3914e+00 -4.5245e+00 +1.7205e+00 -1.7382e+00 -1.8024e+00 +2.7571e+00 +4.4138e+00 +4.0441e+00 -4.3060e+00 -2.3931e+00 +2.5240e-02 -2.4909e+00 -1.6156e+00 -2.1753e+00 -4.1208e+00
30 +1.657527383e+06 +1.657527383e+06 +1.657495633e+06 +1.657495633e+06 -4.8888e+00 +2.2225e+00 -3.7642e+00 +2.2408e+00 -2.7433e+00 -1.6405e+00 -1.8956e+00 -3.8330e+00 -7.2826e-01 -3.3231e-01 +1.7959e+00 +1.5512e+00 -1.4290e+00 -3.5581e+00 -2.4992e+00 -5.3656e-01 -2.4522e+00 -4.3863e+00 -4.4109e+00 -1.1969e+00
235 +1.419015909e+06 +1.419015909e+06 +1.418984159e+06 +1.418984159e+06 -1.0774e+00 +2.6603e+00 -2.6969e+00 +2.5046e+00 -3.7437e+00 -4.8603e-01 +2.5474e-01 -4.2055e+00 -3.3982e+00 +4.0381e-01 +1.4135e+00 -7.4860e-01 +4.0297e-02 -5.9308e-01 -1.9635e+00 -1.6072e+00 -2.6766e+00 -3.7440e+00 -5.9129e-01 +2.5455e+00
423 +4.167616630e+05 +4.167616630e+05 +4.167299130e+05 +4.167299130e+05 -1.5213e+00 +4.5873e+00 +4.3518e-01 +5.0000e+00 -2.0866e+00 -2.2836e+00 +8.8587e-01 -2.5254e+00 -5.0000e+00 +4.9495e-01 +7.6310e-01 -5.0000e+00 -6.8693e-01 -3.6915e+00 -1.8121e+00 +1.3003e+00 -2.4803e+00 -5.0000e+00 +2.2096e-01 +3.1206e+00
955 +3.451757487e+05 +3.451757487e+05 +3.451439987e+05 +3.451439987e+05 -1.6581e+00 +3.9142e+00 +1.7414e+00 +3.7358e+00 -2.5796e+00 -1.4783e+00 +3.7283e-01 -1.6410e+00 -4.4738e+00 +1.2375e+00 +1.0095e+00 -3.9616e+00 -3.0880e-01 -3.4763e+00 -1.9852e+00 +1.3384e+00 -2.1656e+00 -3.5008e+00 +4.8818e-01 +2.1877e+00
1938 +2.298626062e+05 +2.298626062e+05 +2.298308562e+05 +2.298308562e+05 -1.9885e+00 +4.1890e+00 +2.2105e+00 +2.8872e+00 -1.1160e+00 -2.9526e+00 -2.2465e+00 -1.5412e+00 -4.3910e+00 -1.1765e-01 +9.0481e-01 -4.2097e+00 +7.9945e-02 -4.3901e+00 -2.6179e+00 +1.1919e+00 -1.9481e+00 -2.8195e+00 -1.3133e+00 +1.8701e+00
2351 +1.232673163e+05 +1.232673163e+05 +1.232355663e+05 +1.232355663e+05 -5.0000e+00 +3.5974e+00 +3.1073e-01 +3.4429e+00 -1.6312e+00 -1.8338e+00 -1.6231e+00 -2.0000e+00 -5.0000e+00 -7.8872e-01 -5.6446e-01 -3.8960e+00 +1.0007e-01 -4.1034e+00 -3.7017e+00 +1.5289e+00 -2.3371e+00 -2.4899e+00 +2.3644e-01 +1.8362e+00
3027 +9.997541715e+04 +9.997541715e+04 +9.994366715e+04 +9.994366715e+04 -4.9709e+00 +3.5967e+00 +1.8398e-01 +3.1338e+00 -2.1329e+00 -2.4307e+00 -2.5789e+00 -2.1545e+00 -4.6754e+00 -1.0313e+00 +2.3727e-01 -4.1264e+00 +3.7394e-03 -4.2303e+00 -3.8002e+00 +1.7808e+00 -2.8874e+00 -3.1060e+00 -8.8975e-01 +1.4193e+00
4265 +5.997530479e+04 +5.997530479e+04 +5.994355479e+04 +5.994355479e+04 -4.9991e+00 +3.2955e+00 -3.9411e-02 +3.1735e+00 -2.2260e+00 -1.8123e+00 -2.7504e+00 -2.4158e+00 -4.3830e+00 -1.0502e+00 -1.4196e-01 -3.9745e+00 -8.6035e-01 -4.0806e+00 -3.9148e+00 +2.1035e+00 -2.9282e+00 -3.3139e+00 -1.0099e+00 +1.4850e+00
% function evaluation | noise-free fitness - Fopt (5.432000000000e+01) | best noise-free fitness - Fopt | measured fitness | best measured fitness | x1 | x2...
1 +7.231230666e+06 +7.231230666e+06 +7.231284986e+06 +7.231284986e+06 -2.7980e+00 +4.9485e+00 +2.6315e-01 -3.7639e+00 -3.3956e-01 -4.0464e+00 +6.9414e-01 +4.5356e+00 +1.2090e+00 -3.1735e+00 -3.8365e+00 -4.5233e+00 -3.6875e+00 +6.3478e-01 -1.1178e+00 +3.4556e+00 +5.4100e-02 -2.3325e+00 +3.1114e+00 -3.1678e+00
5 +4.371847635e+06 +4.371847635e+06 +4.371901955e+06 +4.371901955e+06 +2.5368e+00 -1.9401e+00 -6.9206e-01 -4.8308e+00 +4.4937e+00 +3.5645e+00 -2.2244e+00 +1.4906e+00 -1.7084e+00 +1.3627e+00 -5.4014e-01 -1.2482e+00 -2.5040e+00 -2.4623e-01 +3.3033e+00 +2.1999e+00 -1.9770e+00 -4.0738e+00 +4.0451e+00 -7.7385e-01
25 +3.044794254e+06 +3.044794254e+06 +3.044848574e+06 +3.044848574e+06 -2.1202e+00 -1.6500e+00 +2.8572e+00 +1.0017e-01 +4.7998e+00 -1.3236e+00 -2.2920e+00 -3.3173e+00 -1.2358e+00 -1.4675e+00 +6.3481e-01 +1.4515e+00 -1.5905e+00 +4.4202e-01 -3.8258e-01 -4.3114e-01 +1.0335e+00 +3.7785e+00 +3.4273e+00 -2.8371e+00
33 +2.050699788e+06 +2.050699788e+06 +2.050754108e+06 +2.050754108e+06 -7.3667e-01 +3.3762e+00 +1.7982e+00 +7.4621e-01 +3.4319e+00 -6.4855e-02 +9.3822e-01 -4.5660e+00 -2.7305e+00 +1.0401e+00 -4.6450e+00 +4.3838e+00 +2.5942e+00 +2.1251e+00 -2.7531e+00 -2.0083e+00 +4.1007e-01 -4.4592e+00 +2.6357e+00 -2.3092e+00
207 +1.368478168e+06 +1.368478168e+06 +1.368532488e+06 +1.368532488e+06 -9.6358e-01 +1.5573e-01 +3.5136e+00 +3.8649e-01 +9.4498e-01 +9.4780e-01 +9.5906e-01 -1.6325e+00 +1.2293e+00 +3.1827e+00 -4.0001e+00 -4.4684e-01 -2.8161e+00 +6.0930e-01 -2.0485e+00 -2.9364e+00 -1.1189e+00 -5.9380e-01 +4.8066e+00 +1.7242e+00
282 +8.962134400e+05 +8.962134400e+05 +8.962677600e+05 +8.962677600e+05 -3.3907e+00 -1.0461e+00 +5.3204e-01 -2.5821e+00 +1.8373e+00 +8.7950e-01 +1.8501e+00 -4.2497e+00 +1.4454e+00 -2.5150e+00 +3.5673e+00 +3.7793e+00 -1.9603e+00 -2.6325e+00 -2.5604e+00 -3.2424e+00 +1.7600e-01 -3.2868e+00 +1.5828e+00 -9.0126e-02
803 +3.706987362e+05 +3.706987362e+05 +3.707530562e+05 +3.707530562e+05 -4.7323e+00 -2.2456e-01 -2.4107e+00 -3.0479e+00 -3.6697e-02 +3.2603e+00 +1.9090e+00 -4.7122e+00 -4.8804e+00 +1.6655e+00 +5.0000e+00 +1.2783e+00 +5.0000e+00 -1.2503e+00 +0.0000e+00 -4.5588e+00 +4.8529e+00 -4.9477e+00 -3.0129e+00 -2.3240e-01
1868 +2.199020549e+05 +2.199020549e+05 +2.199563749e+05 +2.199563749e+05 -3.9435e+00 -2.6398e+00 -2.1809e+00 -4.9709e+00 +2.3056e+00 +3.1277e+00 -8.4078e-01 -4.5358e+00 -4.8598e+00 +2.0380e+00 -1.1049e+00 +1.6020e+00 +9.8454e-01 +5.1282e-01 -1.4712e+00 -3.3818e+00 +3.6733e+00 -2.4458e+00 +2.9261e-01 -1.9702e+00
3239 +1.560237081e+05 +1.560237081e+05 +1.560780281e+05 +1.560780281e+05 -3.7620e+00 +1.8225e-01 -2.7965e+00 -4.6920e+00 +3.3546e+00 +2.2800e+00 -3.4249e-01 -3.9170e+00 -4.7317e+00 +1.6220e+00 -3.3263e-01 -3.9152e-02 -1.2321e+00 +5.4809e-01 -8.7522e-01 -3.4516e+00 +3.5201e+00 -3.3728e+00 +2.2007e-01 -8.3775e-01
4363 +9.949308082e+04 +9.949308082e+04 +9.954740082e+04 +9.954740082e+04 -3.6715e+00 -3.0384e-01 -2.8567e+00 -4.4396e+00 +3.0587e+00 +2.7035e+00 -5.2428e-01 -4.1915e+00 -4.6705e+00 +2.0207e+00 -9.5587e-01 +1.4884e+00 +8.5624e-01 +5.8029e-01 -1.2312e-01 -3.5074e+00 +3.9417e+00 -1.3143e+00 +4.2260e-01 -1.7998e+00
% function evaluation | noise-free fitness - Fopt (4.052000000000e+01) | best noise-free fitness - Fopt | measured fitness | best measured fitness | x1 | x2...
1 +5.828651678e+07 +5.828651678e+07 +5.828655730e+07 +5.828655730e+07 +8.7695e-01 -7.1826e-01 +3.9884e+00 -2.8440e+00 -2.2844e+00 -3.4792e+00 +1.1894e+00 -2.4383e+00 +4.2547e+00 +3.4237e+00 -2.5123e+00 -2.3406e+00 +3.6830e+00 +1.6040e+00 -4.6423e-01 +3.0108e+00 +1.7595e+00 +1.9066e+00 +4.6290e+00 +3.3339e+00
2 +1.890665846e+07 +1.890665846e+07 +1.890669898e+07 +1.890669898e+07 -2.7117e+00 -6.8218e-01 -7.1152e-01 -2.2288e+00 -1.9213e+00 +3.7668e+00 +2.5254e+00 +3.2309e+00 +4.3099e+00 +5.9550e-01 +4.6876e+00 -3.4527e+00 +3.4256e+00 +8.7207e-01 -4.3201e+00 -2.9655e+00 +8.9209e-01 +5.2269e-02 -3.8976e+00 +1.0480e+00
3 +8.916395168e+06 +8.916395168e+06 +8.916435688e+06 +8.916435688e+06 +6.4105e-01 +3.4506e+00 -7.8833e-01 -4.5373e+00 +3.9565e+00 -2.1350e+00 +2.5398e+00 +9.9719e-01 -2.0861e-01 +2.8687e+00 -4.8211e+00 +3.8420e+00 -1.4660e+00 -2.8871e+00 -2.4399e+00 -1.6866e+00 +3.3140e+00 -3.8979e+00 -4.0112e+00 +2.4714e+00
7 +6.114776121e+06 +6.114776121e+06 +6.114816641e+06 +6.114816641e+06 -4.5362e+00 -1.7411e+00 +2.2737e+00 +4.5075e+00 -4.0624e+00 -2.2903e+00 +2.5116e+00 +3.7918e+00 -2.5211e+00 +4.4911e+00 -2.3476e-01 +2.1986e+00 -2.5318e+00 +4.3811e+00 +1.2887e+00 +2.2551e+00 -2.9964e-01 -3.0156e+00 +2.5642e+00 -4.5414e+00
9 +1.126681982e+06 +1.126681982e+06 +1.126722502e+06 +1.126722502e+06 -1.0966e+00 +4.9765e+00 +2.8006e+00 +7.0514e-01 -3.1883e+00 +4.3791e-01 -1.3308e-01 -3.2158e+00 -1.0550e+00 +1.7348e+00 -7.9534e-01 +2.2088e+00 -3.8399e+00 -3.7041e-01 -5.7481e-01 -4.6483e+00 -1.6548e+00 -1.5567e+00 -3.9882e+00 -1.2856e+00
225 +5.007216775e+05 +5.007216775e+05 +5.007621975e+05 +5.007621975e+05 -1.2345e+00 -2.2073e+00 +5.0000e+00 +5.0000e+00 +7.6566e-01 +4.7058e+00 -2.6020e+00 -5.0000e+00 -2.5722e+00 -3.3912e+00 -5.0000e+00 -4.8269e-02 -3.0450e-01 +1.5420e+00 -1.6789e+00 -1.3650e+00 -1.0117e+00 -5.4630e-01 -5.0000e+00 -3.1235e+00
1078 +2.998635937e+05 +2.998635937e+05 +2.999041137e+05 +2.999041137e+05 -4.1193e+00 +2.4521e+00 -9.2653e-01 +1.7747e+00 +9.2478e-02 +2.1497e+00 +1.6244e+00 -4.9951e+00 -5.0000e+00 -4.7093e+00 -5.0000e+00 +1.1011e+00 -2.2061e+00 -4.2313e-01 -2.5234e-01 -3.2301e+00 -5.0761e-01 -1.3354e+00 -3.2502e+00 -3.6960e+00
1431 +2.216441712e+05 +2.216441712e+05 +2.216846912e+05 +2.216846912e+05 -3.5251e+00 +4.5749e+00 -5.0000e+00 +3.7552e-01 +9.2095e-01 +7.3758e-01 +2.1360e+00 -4.9914e+00 -4.7319e+00 -4.1415e+00 -5.0000e+00 +9.3125e-01 -1.3198e+00 -6.4419e-01 -3.5828e-01 -3.6034e+00 -8.5483e-01 -2.1767e+00 -2.9498e+00 -3.5347e+00
2285 +9.796223014e+04 +9.796223014e+04 +9.800275014e+04 +9.800275014e+04 -5.0000e+00 +3.4186e+00 -4.7167e+00 +4.6665e-01 -4.2055e-01 +7.0167e-01 +1.4911e+00 -4.9951e+00 -4.1296e+00 -4.1836e+00 -4.2283e+00 +2.7698e+00 -1.9873e+00 -8.6759e-01 +6.6009e-01 -3.4894e+00 -9.0213e-01 -2.0210e+00 -3.2324e+00 -4.1011e+00
3701 +6.196754597e+04 +6.196754597e+04 +6.200806597e+04 +6.200806597e+04 -4.8814e+00 +1.9400e+00 -3.9812e+00 +1.9453e+00 -3.5175e-01 +9.4312e-01 +1.5895e+00 -4.9939e+00 -4.4179e+00 -3.8684e+00 -4.0770e+00 +1.4848e+00 -1.4540e+00 -6.9352e-02 +6.4474e-01 -2.8249e+00 -1.1577e+00 -2.2243e+00 -3.1842e+00 -2.8861e+00
4608 +3.976282777e+04 +3.976282777e+04 +3.980334777e+04 +3.980334777e+04 -4.8976e+00 +3.2211e+00 -4.0483e+00 +1.6884e+00 -5.8474e-01 +9.3311e-01 +1.9263e+00 -4.9916e+00 -4.6001e+00 -4.0305e+00 -4.5938e+00 +2.0477e+00 -1.4721e+00 +1.1531e-01 +1.2540e+00 -2.5964e+00 -1.2083e+00 -2.4865e+00 -3.2678e+00 -3.3732e+00
% function evaluation | noise-free fitness - Fopt (-1.184900000000e+02) | best noise-free fitness - Fopt | measured fitness | best measured fitness | x1 | x2...
1 +1.653592720e+07 +1.653592720e+07 +1.653580871e+07 +1.653580871e+07 +3.7330e+00 +2.3934e+00 -2.6877e-01 +3.8743e+00 +4.3318e+00 +3.0081e+00 -4.1439e+00 +9.4988e-01 -3.2546e+00 -9.8693e-01 -1.2239e+00 -2.6979e+00 +3.4239e+00 +4.5171e+00 -3.3610e+00 +2.2002e+00 -3.7011e+00 -4.9681e-01 -6.6818e-01 -8.6007e-01
2 +1.004459787e+07 +1.004459787e+07 +1.004447938e+07 +1.004447938e+07 +4.2350e+00 +2.5941e+00 +2.8047e+00 -9.2238e-01 +3.1568e+00 -9.9422e-01 -1.6318e+00 +4.7278e+00 -1.6001e-01 -3.2929e+00 +1.8615e+00 +3.0028e+00 -1.6287e-01 -3.5645e+00 -2.7189e+00 +2.5330e+00 -2.1583e-04 +1.3798e+00 +1.2406e+00 -2.9446e+00
4 +8.111530222e+06 +8.111530222e+06 +8.111411732e+06 +8.111411732e+06 -5.7957e-01 +2.9040e+00 +2.9887e-01 -2.9736e+00 -3.4620e+00 +4.1279e-01 -3.3015e+00 +2.0679e+00 -2.2160e+00 -1.6156e+00 +2.1904e-01 -3.3872e+00 -3.6373e+00 -1.4844e+00 -2.4321e+00 -1.7080e+00 +2.2556e+00 -2.5845e-01 +9.2988e-01 -1.2769e-01
18 +2.609391521e+06 +2.609391521e+06 +2.609273031e+06 +2.609273031e+06 +3.8522e+00 +4.5945e+00 +1.6792e+00 -3.8014e+00 -3.5113e+00 +3.9567e+00 -2.6801e+00 -2.6954e+00 +2.6680e+00 -2.9199e+00 +1.9507e+00 +1.6547e+00 +4.2895e+00 -5.0713e-01 -1.7752e-01 +1.5153e+00 +3.7605e+00 -1.7696e+00 -2.0898e-01 +2.5223e+00
285 +1.902053403e+06 +1.902053403e+06 +1.901934913e+06 +1.901934913e+06 +8.0292e-01 +3.2865e+00 -3.0121e+00 +3.9793e-01 -1.4238e+00 +5.6307e-01 -3.0761e+00 -4.5850e+00 +1.3123e+00 -4.1318e+00 +2.0862e+00 -4.3410e-01 +5.0000e+00 +4.0291e+00 -2.0505e+00 +1.6219e+00 +5.0000e+00 -1.1896e+00 +5.0000e+00 +3.6245e+00
426 +1.461200399e+06 +1.461200399e+06 +1.461081909e+06 +1.461081909e+06 -1.0409e+00 +2.6709e+00 +7.0172e-01 +2.4884e-01 +0.0000e+00 +2.1998e+00 -4.4781e-01 -5.0000e+00 -1.5810e+00 -1.3508e+00 -1.5620e+00 +4.6885e+00 +4.9976e+00 +1.3854e+00 -5.0000e+00 +4.9664e-01 -2.0236e+00 -9.5513e-01 +1.4364e+00 +2.9061e+00
610 +9.535559386e+05 +9.535559386e+05 +9.534374486e+05 +9.534374486e+05 -4.3735e+00 -8.1986e-01 +0.0000e+00 +0.0000e+00 -3.6034e+00 +3.2228e+00 -3.5560e-01 -9.6505e-01 +0.0000e+00 -2.5449e+00 -3.6415e+00 +9.5855e-01 -1.9564e-01 +2.9477e+00 -1.7065e+00 -1.6947e+00 -3.6233e-01 -3.1169e+00 -3.2136e+00 +0.0000e+00
685 +4.955347384e+05 +4.955347384e+05 +4.954162484e+05 +4.954162484e+05 -1.6756e-01 +0.0000e+00 +1.2707e+00 -3.2864e+00 +0.0000e+00 -6.9251e-01 +0.0000e+00 -4.5003e+00 +0.0000e+00 -3.0453e+00 -2.3237e+00 +5.0000e+00 +5.0000e+00 +3.4180e+00 -4.6298e+00 -9.3755e-01 -6.2377e-01 -5.1541e-01 -1.2409e-01 +1.5679e+00
1848 +3.541353748e+05 +3.541353748e+05 +3.540168848e+05 +3.540168848e+05 -1.9696e+00 +8.6155e-01 +4.6430e-01 -4.5331e+00 +0.0000e+00 -3.3943e+00 -7.7636e-01 -4.0865e+00 -1.6261e+00 -2.8772e+00 +1.7187e+00 +4.6390e+00 +5.0000e+00 +8.4393e-01 -4.6867e+00 -1.1225e+00 +8.3826e-01 -2.6293e-01 -1.4117e+00 -1.5974e+00
2396 +2.406937375e+05 +2.406937375e+05 +2.405752475e+05 +2.405752475e+05 -7.8262e-01 -1.8236e-01 +4.1400e+00 -1.1391e-01 -2.3119e+00 +4.4905e+00 -3.6975e+00 -4.3449e+00 +1.9205e+00 -2.8425e+00 -3.6830e+00 +4.7278e+00 +5.0000e+00 +2.9486e+00 -4.9529e+00 -6.5547e-01 +3.0088e+00 -1.9765e+00 -1.6513e+00 +4.0187e+00
2875 +1.480159807e+05 +1.480159807e+05 +1.478974907e+05 +1.478974907e+05 -1.3874e+00 +5.1420e-01 -8.1439e-01 -5.9021e-01 +1.8702e-01 +2.4265e+00 -2.3096e+00 -3.9246e+00 +6.4816e-01 -3.6233e+00 -1.7549e+00 +4.4853e+00 +5.0000e+00 +3.5765e+00 -4.8480e+00 -3.5577e-01 +7.0608e-01 -2.3790e+00 -2.2504e+00 +2.9478e+00
3198 +8.538629243e+04 +8.538629243e+04 +8.526780243e+04 +8.526780243e+04 -1.4910e+00 -4.5933e-01 -1.5089e+00 -2.8961e-01 +6.9566e-01 +2.1969e+00 -2.7181e+00 -3.9032e+00 -1.9948e-01 -3.9809e+00 -9.7147e-01 +3.9296e+00 +5.0000e+00 +4.2779e+00 -4.4849e+00 +7.0793e-02 +4.3900e-01 -9.9818e-01 -1.0060e+00 +3.3983e+00
3914 +5.962761238e+04 +5.962761238e+04 +5.950912238e+04 +5.950912238e+04 -1.7858e+00 -8.3247e-01 -1.8038e+00 +5.4900e-02 +1.3897e+00 +2.0543e+00 -3.2678e+00 -3.9167e+00 -1.0043e+00 -3.9756e+00 -3.8689e-01 +3.9645e+00 +5.0000e+00 +4.3048e+00 -3.9929e+00 +7.2149e-01 +4.1742e-01 -9.9271e-01 -3.3318e-01 +3.6587e+00
4395 +3.371405606e+04 +3.371405606e+04 +3.359556606e+04 +3.359556606e+04 -1.7803e+00 -1.2406e+00 -2.3917e+00 -2.8629e-02 +1.3423e+00 +1.5095e+00 -3.4103e+00 -3.8590e+00 -9.1806e-01 -3.9316e+00 -8.4196e-01 +3.8188e+00 +5.0000e+00 +4.6824e+00 -3.8658e+00 +1.0642e+00 +1.4646e-02 -1.1698e+00 -7.8220e-01 +3.7043e+00
4823 +2.508033540e+04 +2.508033540e+04 +2.496184540e+04 +2.496184540e+04 -1.7404e+00 -1.2638e+00 -2.5493e+00 +3.5836e-02 +1.3901e+00 +1.7051e+00 -3.4736e+00 -3.6826e+00 -8.4133e-01 -3.7741e+00 -8.2506e-01 +3.7503e+00 +5.0000e+00 +4.6070e+00 -3.9369e+00 +1.3747e+00 +1.8062e-01 -1.4707e+00 -9.9830e-01 +3.8061e+00
% function evaluation | noise-free fitness - Fopt (2.810000000000e+01) | best noise-free fitness - Fopt | measured fitness | best measured fitness | x1 | x2...
1 +1.026489882e+07 +1.026489882e+07 +1.026492692e+07 +1.026492692e+07 +4.3592e-01 -3.4325e+00 +1.7419e+00 -8.3206e-01 -2.9148e+00 -3.6652e+00 -4.7975e+00 -2.4769e+00 +3.8955e+00 -4.8514e-01 +2.2336e+00 -4.8127e+00 -3.8402e+00 +2.6569e+00 +2.0114e+00 +7.3797e-01 -4.7551e+00 +2.6223e+00 -3.9258e+00 -3.7706e+00
7 +5.001322825e+06 +5.001322825e+06 +5.001350925e+06 +5.001350925e+06 -1.8907e-01 +6.8493e-01 -1.5072e-01 -4.8761e-01 +2.7745e+00 -9.7044e-01 -2.1974e-01 -3.6149e-02 -3.0131e+00 -7.8113e-01 +4.4041e+00 -2.9521e+00 -1.6966e+00 -4.6690e+00 -1.5695e+00 -4.4994e+00 -2.3941e-02 -3.7491e+00 -4.6996e+00 +4.7440e+00
39 +1.901588957e+06 +1.901588957e+06 +1.901617057e+06 +1.901617057e+06 -2.7067e+00 -2.9041e+00 +2.4191e+00 -1.0439e+00 -4.8537e-01 +4.8441e+00 +1.3972e+00 -2.0959e+00 -5.0461e-01 +4.0032e+00 -4.1247e+00 -2.1796e+00 +2.3805e+00 +1.2568e+00 -1.4469e+00 +3.3330e+00 -2.9035e-01 +3.3195e+00 -3.8511e+00 -2.9776e+00
116 +1.078896271e+06 +1.078896271e+06 +1.078924371e+06 +1.078924371e+06 +3.7103e+00 -2.6193e+00 -3.9836e+00 +2.3708e+00 -2.3892e+00 +2.1854e+00 +5.2157e-01 -4.1896e+00 -3.8561e+00 +2.8359e+00 +1.7604e+00 -4.1158e+00 +4.3003e+00 -3.0195e+00 +3.6660e+00 +2.5072e+00 +2.5650e+00 -4.4674e+00 -2.2284e+00 +4.4433e+00
220 +9.268270399e+05 +9.268270399e+05 +9.268551399e+05 +9.268551399e+05 +4.7617e+00 +1.6682e+00 +3.3906e-01 +2.8929e+00 -1.2170e+00 -4.6610e+00 +1.8712e-01 -2.8976e+00 +3.9725e-03 +4.0907e+00 -2.2161e+00 -1.1471e+00 +2.0411e+00 +1.1099e+00 +9.9995e-01 +2.6430e+00 +2.6652e-01 -2.7611e+00 -4.9197e+00 +5.0000e+00
1057 +4.273514860e+05 +4.273514860e+05 +4.273795860e+05 +4.273795860e+05 +4.5717e+00 -3.9437e+00 -3.1517e+00 -2.3133e+00 -1.4409e+00 -2.3020e+00 -5.0610e-01 +1.7265e+00 -3.2941e+00 +4.1024e+00 +2.3471e+00 -4.8882e+00 +3.0447e+00 -4.1184e+00 -4.7642e+00 -6.5411e-01 -4.5357e+00 -4.4277e+00 +1.9572e+00 +2.4955e+00
1174 +2.578327121e+05 +2.578327121e+05 +2.578608121e+05 +2.578608121e+05 +1.1598e+00 +1.1231e+00 +2.1483e+00 -1.1255e+00 -2.3261e+00 +6.7619e-01 -2.4612e+00 +4.5036e+00 -2.1098e+00 +3.9591e+00 +4.4294e+00 -5.5819e-01 +1.0358e+00 -4.3261e+00 -2.7774e+00 +1.9835e+00 -2.0657e+00 -3.1070e+00 -3.3885e-02 +2.0328e+00
1775 +2.352088551e+05 +2.352088551e+05 +2.352369551e+05 +2.352369551e+05 -5.0547e-01 +2.6438e+00 +2.9308e+00 -2.6340e+00 -1.7057e+00 +1.2130e+00 -5.0000e+00 +4.3018e+00 -5.0000e+00 +4.6722e+00 +3.1695e+00 -2.3942e+00 +3.0458e+00 -4.2512e+00 -3.6572e+00 +5.9451e-01 -1.1672e+00 -2.6777e+00 -4.1921e-02 +1.8580e+00
2758 +9.060419361e+04 +9.060419361e+04 +9.063229361e+04 +9.063229361e+04 -4.9997e-01 +3.7819e+00 +2.7676e+00 -1.7610e+00 -2.1450e+00 +8.7504e-01 -4.3163e+00 +4.0009e+00 -5.0000e+00 +4.9376e+00 +2.7486e+00 -1.7353e+00 +3.2218e+00 -4.4362e+00 -4.8506e+00 +9.1750e-01 -1.0602e+00 -2.3569e+00 +2.6330e-02 +2.2442e+00
4499 +6.274716096e+04 +6.274716096e+04 +6.277526096e+04 +6.277526096e+04 -5.2416e-01 +3.8722e+00 +2.4932e+00 -1.1734e+00 -2.3847e+00 +8.1720e-01 -4.3207e+00 +3.9507e+00 -4.9204e+00 +4.8484e+00 +2.5907e+00 -1.9580e+00 +3.0455e+00 -4.1890e+00 -4.1989e+00 +1.2399e+00 -8.7466e-01 -2.3112e+00 +2.4561e-01 +2.3448e+00
