% function evaluation | noise-free fitness - Fopt (-5.494000000000e+01) | best noise-free fitness - Fopt | measured fitness | best measured fitness | x1 | x2...
1 +5.107132886e+07 +5.107132886e+07 +5.107127392e+07 +5.107127392e+07 +4.1192e+00 -4.6007e+00 +1.5388e-01 +2.5045e+00 +5.5463e-01
2 +7.949321514e+06 +7.949321514e+06 +7.949266574e+06 +7.949266574e+06 -1.8399e+00 +4.9833e+00 +3.3485e+00 -1.3978e+00 -4.8597e+00
3 +2.333701942e+06 +2.333701942e+06 +2.333647002e+06 +2.333647002e+06 -3.6814e+00 -2.1609e+00 -1.0976e+00 -4.9557e+00 -1.7861e+00
5 +1.216760344e+06 +1.216760344e+06 +1.216705404e+06 +1.216705404e+06 +1.5261e+00 +2.1957e+00 -3.7172e+00 -4.9708e+00 +5.6130e-01
13 +1.666681579e+05 +1.666681579e+05 +1.666132179e+05 +1.666132179e+05 +9.6365e-01 -2.3456e+00 -4.9759e+00 +1.3220e+00 +3.3694e+00
41 +5.099310783e+04 +5.099310783e+04 +5.093816783e+04 +5.093816783e+04 -2.7439e+00 -2.0283e+00 -2.9692e-01 +3.3834e+00 +2.9328e+00
387 +3.338446585e+04 +3.338446585e+04 +3.332952585e+04 +3.332952585e+04 -3.5133e+00 +1.1939e+00 +4.0676e+00 +3.0982e+00 +3.1171e+00
461 +2.467468704e+04 +2.467468704e+04 +2.461974704e+04 +2.461974704e+04 -5.0000e+00 -2.3546e+00 +3.9460e+00 +5.0000e+00 +3.1548e+00
464 +1.312246851e+04 +1.312246851e+04 +1.306752851e+04 +1.306752851e+04 -2.0051e+00 +1.9234e+00 +2.9664e+00 +3.4921e+00 +4.1005e+00
478 +5.657867232e+03 +5.657867232e+03 +5.602927232e+03 +5.602927232e+03 -3.2000e+00 +5.7579e-01 +5.0000e+00 +3.5875e+00 +5.0000e+00
897 +3.827862018e+03 +3.827862018e+03 +3.772922018e+03 +3.772922018e+03 -3.9870e+00 +2.7796e-02 +4.6233e+00 +5.0000e+00 +3.8348e+00
1017 +1.369874994e+03 +1.369874994e+03 +1.314934994e+03 +1.314934994e+03 -4.4691e+00 -1.7864e-01 +3.6521e+00 +5.0000e+00 +2.1394e+00
2446 +9.510088622e+02 +9.510088622e+02 +8.960688622e+02 +8.960688622e+02 -4.3964e+00 +8.2648e-02 +3.5834e+00 +5.0000e+00 +2.0420e+00
2990 +4.799643434e+02 +4.799643434e+02 +4.250243434e+02 +4.250243434e+02 -3.7544e+00 -8.2984e-01 +8.2517e-01 +4.7691e+00 +1.0413e+00
4226 +2.207921320e+02 +2.207921320e+02 +1.658521320e+02 +1.658521320e+02 -3.8509e+00 -9.9370e-01 +1.1594e+00 +4.8206e+00 +1.3712e+00
% function evaluation | noise-free fitness - Fopt (5.913000000000e+01) | best noise-free fitness - Fopt | measured fitness | best measured fitness | x1 | x2...
1 +2.665604884e+06 +2.665604884e+06 +2.665664014e+06 +2.665664014e+06 +4.1769e+00 +6.2024e-01 +2.4084e+00 -1.3059e-01 +1.2602e+00
8 +2.468841965e+06 +2.468841965e+06 +2.468901095e+06 +2.468901095e+06 +2.4374e+00 +1.8499e+00 -1.7709e+00 +3.9552e-01 +1.0331e+00
9 +1.709564605e+05 +1.709564605e+05 +1.710155905e+05 +1.710155905e+05 -7.5168e-01 +3.2158e+00 +7.1114e-01 -2.8457e-01 -1.5716e+00
79 +7.857040440e+03 +7.857040440e+03 +7.916170440e+03 +7.916170440e+03 -8.3208e-01 +1.1875e+00 -1.8808e+00 +3.9611e-01 -3.9172e+00
661 +3.153135758e+03 +3.153135758e+03 +3.212265758e+03 +3.212265758e+03 -7.6778e-01 +1.6717e+00 +0.0000e+00 -2.1487e+00 -4.2119e+00
1670 +2.241253312e+03 +2.241253312e+03 +2.300383312e+03 +2.300383312e+03 -1.0679e+00 +1.7791e+00 +1.3789e-01 -2.0144e+00 -4.0810e+00
1830 +8.131175032e+02 +8.131175032e+02 +8.722475032e+02 +8.722475032e+02 -9.6204e-01 +2.0183e+00 -4.8195e-01 -1.8526e+00 -3.8901e+00
2480 +3.236969616e+02 +3.236969616e+02 +3.828269616e+02 +3.828269616e+02 -1.5941e+00 +2.1757e+00 -1.6191e-01 -1.6719e+00 -3.8608e+00
2880 +1.857525476e+02 +1.857525476e+02 +2.448825476e+02 +2.448825476e+02 -1.6376e+00 +2.1935e+00 -1.5510e-01 -1.6934e+00 -3.8582e+00
2931 +1.507789593e+02 +1.507789593e+02 +2.099089593e+02 +2.099089593e+02 -1.2309e+00 +2.1383e+00 -1.3374e-01 -1.9236e+00 -3.8428e+00
3437 +6.316522214e+01 +6.316522214e+01 +1.222952221e+02 +1.222952221e+02 -1.2577e+00 +2.1786e+00 -1.2592e-01 -1.9830e+00 -3.8369e+00
4190 +5.369935589e+01 +5.369935589e+01 +1.128293559e+02 +1.128293559e+02 -1.3382e+00 +2.1852e+00 -2.3351e-01 -1.8430e+00 -3.8365e+00
% function evaluation | noise-free fitness - Fopt (-4.915300000000e+02) | best noise-free fitness - Fopt | measured fitness | best measured fitness | x1 | x2...
1 +2.645203688e+05 +2.645203688e+05 +2.640288388e+05 +2.640288388e+05 -1.1681e+00 -2.8730e+00 -9.5470e-01 -8.3031e-01 -3.9825e-02
10 +1.527176691e+05 +1.527176691e+05 +1.522261391e+05 +1.522261391e+05 -9.0171e-02 -3.8779e+00 -4.5426e+00 -6.8086e-01 +3.5077e+00
26 +4.927961143e+04 +4.927961143e+04 +4.878808143e+04 +4.878808143e+04 +9.1490e-01 -2.0343e-01 +4.7968e+00 +1.4026e+00 +3.9384e+00
82 +1.891289717e+04 +1.891289717e+04 +1.842136717e+04 +1.842136717e+04 -5.2287e-01 -9.8102e-01 -2.5733e+00 -1.3176e+00 -1.7296e+00
298 +1.320109636e+04 +1.320109636e+04 +1.270956636e+04 +1.270956636e+04 -1.2346e+00 -2.2401e+00 -3.9634e+00 -4.0668e+00 -1.3149e+00
324 +6.198520091e+03 +6.198520091e+03 +5.706990091e+03 +5.706990091e+03 +5.4047e-01 +2.9599e-01 -3.6870e+00 +7.3182e-01 -2.7195e-01
663 +1.399998992e+03 +1.399998992e+03 +9.084689917e+02 +9.084689917e+02 +1.2458e+00 +2.8085e+00 +0.0000e+00 +2.0245e+00 +0.0000e+00
1283 +1.547505435e+02 +1.547505435e+02 -3.367794565e+02 -3.367794565e+02 +3.9456e-01 +1.2358e+00 -1.4033e+00 +1.0990e-01 -6.7991e-01
3260 +2.851370014e+01 +2.851370014e+01 -4.630162999e+02 -4.630162999e+02 +3.2034e-01 +4.4423e-01 -2.2113e+00 +1.8935e-01 -5.0133e-01
3642 +1.964970094e+01 +1.964970094e+01 -4.718802991e+02 -4.718802991e+02 +3.8800e-01 +2.7063e-01 -2.2630e+00 +4.3783e-01 -2.4232e-01
4242 +1.584029468e+01 +1.584029468e+01 -4.756897053e+02 -4.756897053e+02 +3.8873e-01 +2.7419e-01 -2.2649e+00 +4.3080e-01 -2.4295e-01
4945 +8.738112917e+00 +8.738112917e+00 -4.827918871e+02 -4.827918871e+02 +3.8980e-01 +2.8554e-01 -2.2659e+00 +4.2856e-01 -2.3849e-01
% function evaluation | noise-free fitness - Fopt (-1.702000000000e+02) | best noise-free fitness - Fopt | measured fitness | best measured fitness | x1 | x2...
1 +3.929050027e+06 +3.929050027e+06 +3.928879827e+06 +3.928879827e+06 +4.2398e+00 -2.3682e-01 -1.6988e+00 -5.3061e-01 +3.1263e+00
12 +8.712385513e+05 +8.712385513e+05 +8.710683513e+05 +8.710683513e+05 +3.3090e+00 +7.3792e-01 -2.1531e+00 +3.7824e+00 -1.6818e+00
16 +1.842815799e+05 +1.842815799e+05 +1.841113799e+05 +1.841113799e+05 +6.7439e-01 -8.0867e-01 +4.0733e-01 +4.8419e+00 +2.8511e+00
70 +1.108076270e+05 +1.108076270e+05 +1.106374270e+05 +1.106374270e+05 -9.3811e-02 -1.8767e+00 +8.7663e-01 +3.2602e+00 +4.8333e+00
115 +2.290404169e+04 +2.290404169e+04 +2.273384169e+04 +2.273384169e+04 -3.2273e+00 -1.9772e+00 -1.9682e+00 +4.7252e+00 +1.1935e+00
153 +4.088330711e+03 +4.088330711e+03 +3.918130711e+03 +3.918130711e+03 -3.5472e+00 -1.0391e+00 -1.2342e+00 +3.3175e+00 +4.0398e+00
900 +1.539007916e+03 +1.539007916e+03 +1.368807916e+03 +1.368807916e+03 -3.4213e+00 +1.9964e-01 -1.4423e+00 +3.2850e+00 +3.6714e+00
2665 +7.226564756e+02 +7.226564756e+02 +5.524564756e+02 +5.524564756e+02 -4.0830e+00 -3.0727e-02 -2.0584e+00 +2.8643e+00 +3.9590e+00
2718 +5.011443406e+02 +5.011443406e+02 +3.309443406e+02 +3.309443406e+02 -3.7142e+00 -1.2970e-01 -1.7507e+00 +3.0420e+00 +3.9068e+00
3113 +2.909556653e+02 +2.909556653e+02 +1.207556653e+02 +1.207556653e+02 -4.0326e+00 -4.7376e-01 -2.0323e+00 +3.0564e+00 +3.7299e+00
3565 +1.337163506e+02 +1.337163506e+02 -3.648364942e+01 -3.648364942e+01 -4.1511e+00 -9.8284e-01 -2.0398e+00 +3.0487e+00 +3.8334e+00
3607 +5.170732527e+01 +5.170732527e+01 -1.184926747e+02 -1.184926747e+02 -4.0804e+00 -8.6095e-01 -2.0411e+00 +3.3743e+00 +3.2613e+00
4504 +2.724990245e+01 +2.724990245e+01 -1.429500976e+02 -1.429500976e+02 -3.9461e+00 -7.0693e-01 -1.9269e+00 +3.2582e+00 +3.5092e+00
% function evaluation | noise-free fitness - Fopt (-4.697500000000e+02) | best noise-free fitness - Fopt | measured fitness | best measured fitness | x1 | x2...
1 +8.683636327e+07 +8.683636327e+07 +8.683589352e+07 +8.683589352e+07 -4.8443e+00 -2.6142e+00 -2.1505e+00 -3.8137e+00 -4.9123e+00
2 +4.779182050e+06 +4.779182050e+06 +4.778712300e+06 +4.778712300e+06 -3.7434e+00 -4.8286e+00 +4.4409e+00 -3.8306e+00 +1.1739e+00
14 +1.199906656e+06 +1.199906656e+06 +1.199436906e+06 +1.199436906e+06 +2.4790e+00 -3.7804e+00 -1.3134e+00 +2.7324e+00 +3.8013e+00
19 +2.463047512e+05 +2.463047512e+05 +2.458350012e+05 +2.458350012e+05 +4.6971e+00 +1.9145e+00 +1.1411e+00 -4.6466e+00 +4.7710e+00
152 +6.634963782e+03 +6.634963782e+03 +6.165213782e+03 +6.165213782e+03 +2.2859e-01 -4.8660e+00 +3.3784e+00 -8.0306e-01 +2.2157e-01
502 +4.515760851e+03 +4.515760851e+03 +4.046010851e+03 +4.046010851e+03 -1.2398e-01 -1.5708e+00 +4.6337e+00 +2.0947e+00 -8.7663e-01
1325 +3.772233253e+03 +3.772233253e+03 +3.302483253e+03 +3.302483253e+03 +3.5450e-01 +6.3062e-01 +4.6880e+00 +2.4416e+00 +1.7002e-01
1627 +1.478091719e+03 +1.478091719e+03 +1.008341719e+03 +1.008341719e+03 -8.6555e-01 -2.4451e+00 +4.5329e+00 +1.0471e+00 +9.5893e-01
2043 +4.964328325e+02 +4.964328325e+02 +2.668283254e+01 +2.668283254e+01 -1.0787e+00 -2.7522e+00 +4.4879e+00 +1.0874e+00 +1.3802e+00
2191 +3.157671574e+02 +3.157671574e+02 -1.539828426e+02 -1.539828426e+02 -1.1189e+00 -2.9206e+00 +4.5317e+00 +1.1172e+00 +1.0347e+00
3616 +2.271476827e+02 +2.271476827e+02 -2.426023173e+02 -2.426023173e+02 -1.0887e+00 -2.8314e+00 +4.5206e+00 +1.0750e+00 +1.1810e+00
3767 +1.090299364e+02 +1.090299364e+02 -3.607200636e+02 -3.607200636e+02 -1.2295e+00 -2.9260e+00 +4.5023e+00 +8.6881e-01 +1.6221e+00
4159 +7.309031337e+01 +7.309031337e+01 -3.966596866e+02 -3.966596866e+02 -1.1912e+00 -2.9309e+00 +4.4785e+00 +8.5240e-01 +1.6119e+00
4668 +5.533190941e+01 +5.533190941e+01 -4.144180906e+02 -4.144180906e+02 -1.1734e+00 -2.7886e+00 +4.4723e+00 +8.3871e-01 +1.7774e+00
% function evaluation | noise-free fitness - Fopt (-1.280000000000e+01) | best noise-free fitness - Fopt | measured fitness | best measured fitness | x1 | x2...
1 +8.657713720e+05 +8.657713720e+05 +8.657585720e+05 +8.657585720e+05 -1.4995e+00 +1.5406e+00 +4.7823e+00 -4.9504e-01 -2.2718e+00
22 +1.100000678e+04 +1.100000678e+04 +1.098720678e+04 +1.098720678e+04 +4.6919e+00 -1.7052e+00 +2.5924e+00 -2.2016e+00 +3.5208e+00
204 +6.157452032e+03 +6.157452032e+03 +6.144652032e+03 +6.144652032e+03 +2.4168e+00 -3.7513e+00 +3.3449e+00 -4.8247e+00 +5.0000e+00
699 +9.672043281e+02 +9.672043281e+02 +9.544043281e+02 +9.544043281e+02 +1.4299e+00 -3.3036e+00 +3.5756e+00 -5.0000e+00 +5.0000e+00
2514 +4.644947447e+02 +4.644947447e+02 +4.516947447e+02 +4.516947447e+02 +2.0538e+00 -1.5586e+00 +3.2228e+00 -3.8919e+00 +4.9992e+00
2630 +3.747651979e+02 +3.747651979e+02 +3.619651979e+02 +3.619651979e+02 +2.0999e+00 -1.6989e+00 +3.1954e+00 -3.9233e+00 +4.9990e+00
2840 +2.070956673e+02 +2.070956673e+02 +1.942956673e+02 +1.942956673e+02 +2.3602e+00 -1.5107e+00 +3.2591e+00 -3.8933e+00 +4.9985e+00
3485 +1.583588511e+02 +1.583588511e+02 +1.455588511e+02 +1.455588511e+02 +2.5842e+00 -1.9801e+00 +3.2583e+00 -3.8741e+00 +4.6964e+00
3630 +8.676420577e+01 +8.676420577e+01 +7.396420577e+01 +7.396420577e+01 +2.5568e+00 -1.6211e+00 +3.2561e+00 -3.8791e+00 +4.9548e+00
4245 +5.181978657e+01 +5.181978657e+01 +3.901978657e+01 +3.901978657e+01 +2.8703e+00 -1.5695e+00 +3.2605e+00 -3.8225e+00 +4.9468e+00
4726 +3.486001004e+01 +3.486001004e+01 +2.206001004e+01 +2.206001004e+01 +2.8781e+00 -1.4494e+00 +3.2451e+00 -3.7572e+00 +4.9449e+00
% function evaluation | noise-free fitness - Fopt (-3.856900000000e+02) | best noise-free fitness - Fopt | measured fitness | best measured fitness | x1 | x2...
1 +7.523326523e+05 +7.523326523e+05 +7.519469623e+05 +7.519469623e+05 -8.5250e-01 -1.0367e+00 +3.3150e+00 -1.0522e+00 +4.3264e+00
40 +5.327752492e+05 +5.327752492e+05 +5.323895592e+05 +5.323895592e+05 -6.6167e-01 +2.9412e+00 +4.1583e+00 -4.7082e+00 -2.6815e+00
51 +2.221848628e+05 +2.221848628e+05 +2.217991728e+05 +2.217991728e+05 +2.8945e+00 -1.5144e-01 -2.5634e+00 -3.7274e+00 +4.1370e+00
90 +1.449739200e+05 +1.449739200e+05 +1.445882300e+05 +1.445882300e+05 -3.3472e+00 +4.8935e-01 -4.2498e+00 -4.1701e+00 +4.0802e-01
115 +4.209301931e+04 +4.209301931e+04 +4.170732931e+04 +4.170732931e+04 -4.0375e+00 -4.6728e-01 -1.9759e-01 -2.6080e+00 +3.0523e+00
207 +2.518214888e+04 +2.518214888e+04 +2.479645888e+04 +2.479645888e+04 -1.1433e+00 -1.8042e+00 +2.5725e+00 -1.8112e+00 +4.8260e+00
261 +1.645430344e+04 +1.645430344e+04 +1.606861344e+04 +1.606861344e+04 -3.6702e+00 +9.5047e-01 +3.1163e+00 -3.1452e+00 +8.2028e-01
471 +3.074211458e+03 +3.074211458e+03 +2.688521458e+03 +2.688521458e+03 -4.0899e+00 -2.1490e+00 -1.2256e+00 -3.0325e+00 +2.3872e+00
601 +4.053320652e+02 +4.053320652e+02 +1.964206524e+01 +1.964206524e+01 -4.1744e+00 -2.1541e+00 -1.0410e+00 -2.9607e+00 +2.3616e+00
1963 +2.154619536e+02 +2.154619536e+02 -1.702280464e+02 -1.702280464e+02 -4.0709e+00 -2.8593e+00 -1.0939e+00 -2.7915e+00 +2.7903e+00
1964 +9.707425855e+01 +9.707425855e+01 -2.886157415e+02 -2.886157415e+02 -4.3303e+00 -4.2316e+00 -1.8308e+00 -2.6346e+00 +3.2236e+00
4010 +6.240374328e+01 +6.240374328e+01 -3.232862567e+02 -3.232862567e+02 -4.3099e+00 -4.2757e+00 -1.5139e+00 -2.5894e+00 +3.2175e+00
4142 +1.852858365e+01 +1.852858365e+01 -3.671614164e+02 -3.671614164e+02 -4.3529e+00 -4.4491e+00 -1.6441e+00 -2.5642e+00 +3.2786e+00
4423 +1.195728309e+01 +1.195728309e+01 -3.737327169e+02 -3.737327169e+02 -4.3501e+00 -4.4719e+00 -1.7059e+00 -2.5593e+00 +3.3238e+00
4504 +9.712182128e+00 +9.712182128e+00 -3.759778179e+02 -3.759778179e+02 -4.3481e+00 -4.4753e+00 -1.6971e+00 -2.5617e+00 +3.3151e+00
% function evaluation | noise-free fitness - Fopt (4.000000000000e+01) | best noise-free fitness - Fopt | measured fitness | best measured fitness | x1 | x2...
1 +9.863195256e+04 +9.863195256e+04 +9.867195256e+04 +9.867195256e+04 +1.4720e+00 +1.8263e+00 -2.9233e+00 +2.9413e+00 +2.9423e+00
133 +4.469591361e+04 +4.469591361e+04 +4.473591361e+04 +4.473591361e+04 +1.2856e+00 +2.5000e+00 -3.8472e+00 +3.9849e+00 +2.1987e+00
247 +2.655050140e+04 +2.655050140e+04 +2.659050140e+04 +2.659050140e+04 -9.3005e-01 +4.9983e+00 +1.8919e+00 -1.1488e+00 +4.0637e+00
331 +1.965496609e+04 +1.965496609e+04 +1.969496609e+04 +1.969496609e+04 +3.3550e+00 -3.9655e+00 -3.0961e+00 +1.3183e-01 +1.9059e+00
670 +1.316152330e+04 +1.316152330e+04 +1.320152330e+04 +1.320152330e+04 +3.2307e+00 -2.9170e+00 +0.0000e+00 -6.3386e-01 +4.2672e+00
1082 +3.870652343e+03 +3.870652343e+03 +3.910652343e+03 +3.910652343e+03 +2.7819e+00 -1.0480e+00 -1.0952e+00 +1.7696e+00 +4.0880e+00
2483 +7.788179945e+02 +7.788179945e+02 +8.188179945e+02 +8.188179945e+02 +3.7458e+00 -1.8613e+00 -2.0897e-01 +1.8731e+00 +4.6317e+00
2986 +5.993166584e+02 +5.993166584e+02 +6.393166584e+02 +6.393166584e+02 +1.4378e+00 -1.8928e+00 -1.0060e+00 -1.6778e+00 +3.2860e+00
3927 +3.007512017e+02 +3.007512017e+02 +3.407512017e+02 +3.407512017e+02 +9.2539e-01 -9.2635e-01 -4.4453e-01 -1.8930e+00 +3.5902e+00
4127 +2.061365506e+02 +2.061365506e+02 +2.461365506e+02 +2.461365506e+02 +8.8380e-01 -9.2727e-01 -4.7487e-01 -1.9068e+00 +3.5867e+00
4444 +1.056353088e+02 +1.056353088e+02 +1.456353088e+02 +1.456353088e+02 +9.3206e-01 -8.7799e-01 -5.1465e-01 -1.7482e+00 +3.5687e+00
% function evaluation | noise-free fitness - Fopt (1.142600000000e+02) | best noise-free fitness - Fopt | measured fitness | best measured fitness | x1 | x2...
1 +3.609569298e+06 +3.609569298e+06 +3.609683558e+06 +3.609683558e+06 -2.7243e+00 +3.2518e+00 +5.7294e-01 +2.7249e+00 -4.6643e+00
3 +6.896429536e+05 +6.896429536e+05 +6.897572136e+05 +6.897572136e+05 +6.2356e-02 +1.0490e+00 +1.9457e+00 +2.2422e+00 +5.3916e-01
9 +4.350845375e+04 +4.350845375e+04 +4.362271375e+04 +4.362271375e+04 +2.5910e+00 -2.9100e+00 -1.9807e+00 +1.2656e-01 +9.5690e-01
340 +2.957800290e+04 +2.957800290e+04 +2.969226290e+04 +2.969226290e+04 +1.2307e-01 -1.0621e+00 -6.6193e-01 +9.5681e-02 +6.4800e-01
381 +5.756902663e+03 +5.756902663e+03 +5.871162663e+03 +5.871162663e+03 +2.6315e+00 -2.4512e+00 -5.0000e+00 +4.1021e-01 -4.0150e-01
1119 +3.447031987e+03 +3.447031987e+03 +3.561291987e+03 +3.561291987e+03 +3.4125e+00 -3.2799e+00 -2.9631e+00 -1.3653e-01 +3.0020e-01
2231 +2.221787976e+03 +2.221787976e+03 +2.336047976e+03 +2.336047976e+03 +2.5209e+00 -2.8115e+00 -3.3691e+00 -5.5813e-02 +4.9119e-02
2753 +8.230885971e+02 +8.230885971e+02 +9.373485971e+02 +9.373485971e+02 +1.6218e-01 -2.8626e+00 -2.2459e+00 -1.8054e+00 -9.5076e-01
3404 +3.384884938e+02 +3.384884938e+02 +4.527484938e+02 +4.527484938e+02 -6.2501e-01 -2.9381e+00 -2.0645e+00 -2.3233e+00 -1.2495e+00
% function evaluation | noise-free fitness - Fopt (1.393000000000e+01) | best noise-free fitness - Fopt | measured fitness | best measured fitness | x1 | x2...
1 +2.137256740e+06 +2.137256740e+06 +2.137270670e+06 +2.137270670e+06 -7.4011e-01 +4.7987e+00 -4.4043e+00 -4.6759e+00 -4.1049e-01
2 +2.621376953e+05 +2.621376953e+05 +2.621516253e+05 +2.621516253e+05 +2.9187e+00 +1.1853e+00 -3.9909e+00 -8.0646e-01 -4.3664e-01
3 +1.366589193e+05 +1.366589193e+05 +1.366728493e+05 +1.366728493e+05 -2.1972e+00 +4.0933e+00 -2.6635e+00 -4.0779e+00 -2.0985e+00
144 +9.487357412e+04 +9.487357412e+04 +9.488750412e+04 +9.488750412e+04 +4.8676e+00 -2.2516e-01 -7.8090e-01 -3.8010e-01 -4.1832e+00
297 +1.470315033e+04 +1.470315033e+04 +1.471708033e+04 +1.471708033e+04 +1.7159e+00 +2.4619e+00 +5.0000e+00 +3.4915e+00 +1.1431e+00
453 +7.860804563e+03 +7.860804563e+03 +7.874734563e+03 +7.874734563e+03 +1.3958e+00 +2.8116e+00 +5.0000e+00 +3.6437e+00 +1.1008e+00
952 +1.931049964e+03 +1.931049964e+03 +1.944979964e+03 +1.944979964e+03 +2.2851e+00 +2.7562e+00 +5.0000e+00 +5.0000e+00 +2.7515e+00
1427 +1.178578843e+03 +1.178578843e+03 +1.192508843e+03 +1.192508843e+03 +2.2032e+00 +2.8605e+00 +5.0000e+00 +5.0000e+00 +3.0307e+00
2437 +9.730529132e+02 +9.730529132e+02 +9.869829132e+02 +9.869829132e+02 +2.4575e+00 +2.6271e+00 +5.0000e+00 +5.0000e+00 +2.8510e+00
2679 +3.801677606e+02 +3.801677606e+02 +3.940977606e+02 +3.940977606e+02 +2.7034e+00 +2.4563e+00 +4.9808e+00 +5.0000e+00 +2.8206e+00
4411 +2.430675139e+02 +2.430675139e+02 +2.569975139e+02 +2.569975139e+02 +2.6880e+00 +2.4123e+00 +4.9892e+00 +4.8497e+00 +2.6354e+00
% function evaluation | noise-free fitness - Fopt (-3.175000000000e+01) | best noise-free fitness - Fopt | measured fitness | best measured fitness | x1 | x2...
1 +2.106474401e+06 +2.106474401e+06 +2.106442651e+06 +2.106442651e+06 -3.2033e-01 -2.2460e-01 +4.7204e+00 +2.7647e+00 -3.4649e+00
8 +7.950804588e+05 +7.950804588e+05 +7.950487088e+05 +7.950487088e+05 +2.2226e+00 +8.2304e-01 -2.1363e-02 +4.8511e+00 -2.5022e+00
22 +2.302857831e+05 +2.302857831e+05 +2.302540331e+05 +2.302540331e+05 -4.1552e+00 -4.4433e+00 -1.3480e+00 +7.2113e-01 -1.2471e+00
25 +5.065786540e+04 +5.065786540e+04 +5.062611540e+04 +5.062611540e+04 -3.5144e+00 +2.2886e-01 -2.3508e+00 +1.7576e-01 +4.0814e+00
118 +3.197792736e+04 +3.197792736e+04 +3.194617736e+04 +3.194617736e+04 -3.5087e+00 -3.5455e-02 +4.6857e-01 +1.7742e+00 +1.5966e+00
200 +1.945562089e+04 +1.945562089e+04 +1.942387089e+04 +1.942387089e+04 +3.4492e+00 +9.9235e-01 +4.7594e+00 +4.4729e+00 -1.5699e+00
239 +1.016183766e+04 +1.016183766e+04 +1.013008766e+04 +1.013008766e+04 -6.6955e-01 -4.5804e+00 +5.0000e+00 +3.1302e+00 -5.0000e+00
696 +7.846067821e+03 +7.846067821e+03 +7.814317821e+03 +7.814317821e+03 -5.4152e-01 -1.7155e+00 +4.0830e+00 +3.4096e+00 -2.7948e+00
752 +4.594433831e+03 +4.594433831e+03 +4.562683831e+03 +4.562683831e+03 -2.0998e+00 -4.4348e+00 +5.0000e+00 +3.1611e+00 -5.0000e+00
878 +2.326235540e+03 +2.326235540e+03 +2.294485540e+03 +2.294485540e+03 -2.0061e+00 -5.0000e+00 +5.0000e+00 +2.7887e+00 -4.7782e+00
2066 +3.219653568e+02 +3.219653568e+02 +2.902153568e+02 +2.902153568e+02 -1.2039e+00 -1.2283e-01 +5.0000e+00 +4.5367e+00 -3.1500e+00
4066 +3.934033751e+01 +3.934033751e+01 +7.590337514e+00 +7.590337514e+00 -8.0380e-01 +1.0716e+00 +4.9297e+00 +4.8671e+00 -2.5980e+00
4573 +2.481729424e+01 +2.481729424e+01 -6.932705761e+00 -6.932705761e+00 -9.0481e-01 +1.0603e+00 +4.9346e+00 +4.8612e+00 -2.6004e+00
% function evaluation | noise-free fitness - Fopt (5.432000000000e+01) | best noise-free fitness - Fopt | measured fitness | best measured fitness | x1 | x2...
1 +8.600074172e+06 +8.600074172e+06 +8.600128492e+06 +8.600128492e+06 +2.1447e+00 +1.4654e+00 +2.0110e+00 -1.9781e+00 +3.3459e+00
3 +5.855384157e+06 +5.855384157e+06 +5.855438477e+06 +5.855438477e+06 -2.8558e+00 -3.2552e+00 -4.9918e+00 -8.7419e-01 +2.1877e+00
11 +1.351470149e+06 +1.351470149e+06 +1.351524469e+06 +1.351524469e+06 -2.6560e+00 -4.9687e+00 -2.4010e+00 +2.0143e+00 +1.7370e+00
14 +1.426936027e+05 +1.426936027e+05 +1.427479227e+05 +1.427479227e+05 -3.1630e+00 +4.9446e+00 +1.5598e+00 -4.9673e+00 +4.0061e+00
118 +9.639250338e+04 +9.639250338e+04 +9.644682338e+04 +9.644682338e+04 -2.1258e-01 -1.1543e+00 +4.9403e-02 -1.5282e+00 -1.5775e+00
227 +4.763189825e+04 +4.763189825e+04 +4.768621825e+04 +4.768621825e+04 -3.4007e-01 +5.0000e+00 +2.0221e-03 -2.7981e+00 +5.5977e-01
346 +3.250912949e+04 +3.250912949e+04 +3.256344949e+04 +3.256344949e+04 -1.0962e+00 +2.8765e+00 -2.2183e-01 -1.8054e+00 +1.1184e+00
360 +4.521432804e+03 +4.521432804e+03 +4.575752804e+03 +4.575752804e+03 +7.3179e-01 +1.0292e+00 -5.4333e-01 -5.9518e-01 -1.7780e+00
1363 +1.239951447e+03 +1.239951447e+03 +1.294271447e+03 +1.294271447e+03 +7.7880e-01 +1.4480e+00 -4.3171e-01 +1.8992e-01 -1.0676e+00
2628 +9.602221411e+02 +9.602221411e+02 +1.014542141e+03 +1.014542141e+03 +7.4773e-01 +8.2619e-01 -4.8413e-01 +2.1868e-01 -1.4806e+00
3025 +3.463897964e+02 +3.463897964e+02 +4.007097964e+02 +4.007097964e+02 +7.8290e-01 +1.1722e+00 -7.6390e-01 +4.3716e-01 -1.2820e+00
3178 +1.623295939e+02 +1.623295939e+02 +2.166495939e+02 +2.166495939e+02 +6.9484e-01 +6.3399e-01 -1.6220e-01 -1.2741e-02 -1.3946e+00
3571 +7.992016697e+01 +7.992016697e+01 +1.342401670e+02 +1.342401670e+02 +7.3718e-01 +6.0484e-01 -2.6166e-01 +7.6435e-02 -1.5044e+00
3778 +5.041290825e+01 +5.041290825e+01 +1.047329082e+02 +1.047329082e+02 +6.9161e-01 +5.9739e-01 -2.4016e-01 +7.2695e-04 -1.4798e+00
3948 +3.030408306e+01 +3.030408306e+01 +8.462408306e+01 +8.462408306e+01 +7.9957e-01 +6.8269e-01 -4.5887e-01 +3.8107e-01 -1.4472e+00
4778 +1.592612101e+01 +1.592612101e+01 +7.024612101e+01 +7.024612101e+01 +7.0973e-01 +6.9799e-01 -3.1852e-01 +3.1878e-03 -1.4801e+00
% function evaluation | noise-free fitness - Fopt (4.052000000000e+01) | best noise-free fitness - Fopt | measured fitness | best measured fitness | x1 | x2...
1 +2.421033108e+07 +2.421033108e+07 +2.421037160e+07 +2.421037160e+07 -8.8301e-01 +3.9736e-01 -2.0086e+00 -1.3781e+00 -4.6920e+00
3 +1.332030288e+07 +1.332030288e+07 +1.332034340e+07 +1.332034340e+07 -3.9543e+00 +4.2305e+00 +1.4439e+00 +2.0828e+00 -3.0368e-02
4 +3.018425969e+06 +3.018425969e+06 +3.018466489e+06 +3.018466489e+06 +2.2626e-02 -8.7039e-01 -6.2893e-01 +2.0057e+00 -4.6957e+00
8 +1.911680669e+06 +1.911680669e+06 +1.911721189e+06 +1.911721189e+06 +9.9517e-01 +1.7302e+00 +7.3044e-01 -1.0079e-01 +4.4390e+00
16 +8.239526038e+05 +8.239526038e+05 +8.239931238e+05 +8.239931238e+05 +4.9989e+00 -6.1094e-01 -4.3758e+00 +3.3373e+00 -4.0009e+00
21 +2.369256878e+05 +2.369256878e+05 +2.369662078e+05 +2.369662078e+05 -1.6695e-01 -9.4296e-01 -1.1190e+00 +4.1575e+00 +4.2603e+00
42 +8.813261428e+04 +8.813261428e+04 +8.817313428e+04 +8.817313428e+04 +2.6810e+00 +1.6454e+00 +1.8335e-01 +2.5264e+00 +1.1021e+00
153 +3.741019097e+04 +3.741019097e+04 +3.745071097e+04 +3.745071097e+04 +3.8012e+00 +1.5446e+00 +1.1672e-01 +2.7231e+00 -4.1154e+00
250 +2.173288292e+04 +2.173288292e+04 +2.177340292e+04 +2.177340292e+04 +1.1218e-01 +4.6306e+00 +2.5930e+00 +5.0000e+00 -1.0834e+00
887 +7.767686044e+03 +7.767686044e+03 +7.808206044e+03 +7.808206044e+03 -2.2652e-01 +5.0000e+00 +2.5434e+00 +5.0000e+00 -1.6911e-01
1221 +4.177804164e+03 +4.177804164e+03 +4.218324164e+03 +4.218324164e+03 +8.2981e-01 +5.1449e-01 -2.5909e-01 +4.0138e+00 -9.3317e-01
1989 +2.393257648e+03 +2.393257648e+03 +2.433777648e+03 +2.433777648e+03 +1.5069e+00 +2.6466e+00 +6.0213e-01 +3.8922e+00 -4.9494e-01
2122 +1.332947017e+03 +1.332947017e+03 +1.373467017e+03 +1.373467017e+03 +2.2060e+00 +2.9042e+00 +5.9079e-01 +3.4906e+00 -6.0259e-01
2578 +3.934094483e+02 +3.934094483e+02 +4.339294483e+02 +4.339294483e+02 +1.4851e+00 +2.4255e+00 +5.8377e-01 +3.9212e+00 -8.3235e-01
3897 +2.314948837e+02 +2.314948837e+02 +2.720148837e+02 +2.720148837e+02 +1.5621e+00 +2.1910e+00 +3.9237e-01 +3.8634e+00 -6.4606e-01
4059 +1.016627261e+02 +1.016627261e+02 +1.421827261e+02 +1.421827261e+02 +1.7249e+00 +2.3110e+00 +5.2359e-01 +3.7008e+00 -8.9889e-01
4862 +9.201127707e+01 +9.201127707e+01 +1.325312771e+02 +1.325312771e+02 +1.7547e+00 +2.3113e+00 +5.1419e-01 +3.6779e+00 -8.5127e-01
% function evaluation | noise-free fitness - Fopt (-1.184900000000e+02) | best noise-free fitness - Fopt | measured fitness | best measured fitness | x1 | x2...
1 +3.090038513e+05 +3.090038513e+05 +3.088853613e+05 +3.088853613e+05 +3.0390e-01 +6.0540e-02 +1.9364e+00 +2.5447e+00 -9.0197e-01
20 +1.332239180e+05 +1.332239180e+05 +1.331054280e+05 +1.331054280e+05 +1.0627e+00 -9.5097e-02 +1.1765e+00 +3.2414e+00 +7.2056e-01
116 +7.696315109e+04 +7.696315109e+04 +7.684466109e+04 +7.684466109e+04 -9.3793e-01 -2.5502e+00 -2.4690e+00 +2.4756e+00 -6.3732e-01
133 +4.785268943e+04 +4.785268943e+04 +4.773419943e+04 +4.773419943e+04 +6.6377e-01 +1.1820e+00 +3.5044e+00 +3.9061e+00 +3.7666e-01
231 +3.393379695e+04 +3.393379695e+04 +3.381530695e+04 +3.381530695e+04 -3.3842e-02 +5.0000e+00 +3.0941e+00 +4.7631e+00 -2.7228e-02
244 +1.862449930e+04 +1.862449930e+04 +1.850600930e+04 +1.850600930e+04 -1.2014e+00 -1.9269e+00 -1.0379e+00 +3.9959e+00 -2.8719e-01
290 +5.842584621e+03 +5.842584621e+03 +5.724094621e+03 +5.724094621e+03 +1.5058e+00 +2.4136e+00 +2.0037e+00 -2.8320e-01 -2.5109e-02
1894 +1.377430048e+03 +1.377430048e+03 +1.258940048e+03 +1.258940048e+03 +1.1521e+00 +5.7460e-01 +1.1104e+00 -2.2217e-02 +7.5191e-02
4403 +9.965070895e+02 +9.965070895e+02 +8.780170895e+02 +8.780170895e+02 +1.2541e+00 +3.7822e-01 +1.0524e+00 -2.5393e-01 +1.6181e-01
% function evaluation | noise-free fitness - Fopt (2.810000000000e+01) | best noise-free fitness - Fopt | measured fitness | best measured fitness | x1 | x2...
1 +3.278668020e+07 +3.278668020e+07 +3.278670830e+07 +3.278670830e+07 +4.9583e+00 -2.4490e+00 +4.9347e+00 +2.9118e+00 -1.6308e-01
2 +2.367849985e+07 +2.367849985e+07 +2.367852795e+07 +2.367852795e+07 +3.2971e+00 -3.1580e+00 -5.0796e-01 +1.2890e+00 +2.4166e+00
3 +1.548372053e+05 +1.548372053e+05 +1.548653053e+05 +1.548653053e+05 -4.8165e+00 -7.2627e-01 -3.0219e+00 +3.5310e+00 -3.9671e+00
18 +5.802892318e+04 +5.802892318e+04 +5.805702318e+04 +5.805702318e+04 +4.5500e+00 +4.0115e+00 -3.6988e+00 -1.6581e+00 -1.9340e+00
233 +1.769925880e+04 +1.769925880e+04 +1.772735880e+04 +1.772735880e+04 -1.8754e+00 +3.6116e+00 -2.2553e+00 +3.1052e+00 -4.7315e+00
448 +6.549906960e+03 +6.549906960e+03 +6.578006960e+03 +6.578006960e+03 +2.9882e+00 +5.0000e+00 -2.1678e+00 -4.8359e-01 -2.2333e+00
625 +2.387803551e+03 +2.387803551e+03 +2.415903551e+03 +2.415903551e+03 +2.3242e+00 +4.6355e+00 -3.2422e+00 +1.7880e-01 -2.8223e+00
1790 +1.515184012e+03 +1.515184012e+03 +1.543284012e+03 +1.543284012e+03 +9.2166e-01 +4.9181e+00 -3.3791e+00 +1.2979e+00 -3.4231e+00
2209 +4.590926181e+02 +4.590926181e+02 +4.871926181e+02 +4.871926181e+02 +1.5177e+00 +4.5842e+00 -3.5429e+00 +8.5908e-01 -3.2154e+00
3183 +3.247749503e+02 +3.247749503e+02 +3.528749503e+02 +3.528749503e+02 +1.5561e+00 +4.6119e+00 -3.2430e+00 +7.5739e-01 -3.1478e+00
3232 +1.508112326e+02 +1.508112326e+02 +1.789112326e+02 +1.789112326e+02 +1.6027e+00 +4.6335e+00 -3.2516e+00 +7.4374e-01 -3.1102e+00
3383 +6.751438173e+01 +6.751438173e+01 +9.561438173e+01 +9.561438173e+01 +1.5964e+00 +4.6226e+00 -3.1775e+00 +7.1163e-01 -3.0926e+00
3583 +2.512761115e+01 +2.512761115e+01 +5.322761115e+01 +5.322761115e+01 +1.6103e+00 +4.6262e+00 -3.1549e+00 +6.9591e-01 -3.0736e+00
3783 +1.821953713e+01 +1.821953713e+01 +4.631953713e+01 +4.631953713e+01 +1.6145e+00 +4.6273e+00 -3.1480e+00 +6.9106e-01 -3.0678e+00
4432 +1.177927590e+01 +1.177927590e+01 +3.987927590e+01 +3.987927590e+01 +1.6219e+00 +4.6286e+00 -3.1002e+00 +6.8326e-01 -3.0616e+00
