% function evaluation | noise-free fitness - Fopt (-5.494000000000e+01) | best noise-free fitness - Fopt | measured fitness | best measured fitness | x1 | x2...
1 +3.061269829e+06 +3.061269829e+06 +3.061214889e+06 +3.061214889e+06 -2.1588e+00 -2.4955e+00 -3.0151e+00 +9.0072e-01 +2.8775e+00 +2.0205e+00 -3.7220e+00 -4.8539e+00 +1.8939e+00 -1.8939e+00
27 +1.727137707e+06 +1.727137707e+06 +1.727082767e+06 +1.727082767e+06 -1.3440e+00 -3.3465e+00 +4.0975e+00 +4.4273e+00 +3.2209e+00 +4.0656e+00 +4.9158e+00 +4.8993e+00 +1.1781e+00 +2.3767e+00
28 +1.131958788e+06 +1.131958788e+06 +1.131903848e+06 +1.131903848e+06 +2.9904e+00 -3.6330e+00 +6.8519e-01 +2.8100e+00 +2.5597e+00 +3.5974e+00 -1.2761e+00 -4.8186e+00 +1.9330e+00 +1.6767e+00
35 +2.394531059e+05 +2.394531059e+05 +2.393981659e+05 +2.393981659e+05 +5.2685e-01 -9.3307e-01 +4.7865e+00 +7.8680e-01 +3.5440e+00 +1.8662e+00 +1.2311e+00 +7.1207e-01 +1.3052e+00 +1.2243e+00
206 +1.548179068e+05 +1.548179068e+05 +1.547629668e+05 +1.547629668e+05 +1.3930e+00 -1.0253e+00 -6.6787e-02 +1.0727e+00 +5.0000e+00 +2.6850e+00 -2.7709e+00 -1.6077e+00 +3.8010e+00 +7.2448e-01
819 +6.521547740e+04 +6.521547740e+04 +6.516053740e+04 +6.516053740e+04 -2.8141e-01 -2.4456e+00 +3.8578e-01 +1.1381e+00 +1.1399e+00 +5.0000e+00 -4.1409e+00 -2.4493e-01 +5.0000e+00 -3.1520e-01
1196 +4.686610987e+04 +4.686610987e+04 +4.681116987e+04 +4.681116987e+04 -4.9050e-03 -2.4635e+00 +3.4083e+00 +1.2966e-01 +1.7553e-01 +4.3956e+00 -3.8752e+00 -1.6051e+00 +5.0000e+00 -2.1432e+00
1779 +2.631171817e+04 +2.631171817e+04 +2.625677817e+04 +2.625677817e+04 -1.8279e+00 -2.3876e+00 -9.5012e-02 +3.0745e+00 +3.9730e-01 +4.9497e+00 -4.3512e+00 +8.4109e-01 +5.0000e+00 -3.4650e+00
2883 +2.306986775e+04 +2.306986775e+04 +2.301492775e+04 +2.301492775e+04 -1.1194e+00 -2.4806e+00 -3.5798e-01 +3.1366e+00 +4.4345e-01 +4.9544e+00 -4.4783e+00 +7.9169e-01 +5.0000e+00 -2.3539e+00
4447 +1.559122775e+04 +1.559122775e+04 +1.553628775e+04 +1.553628775e+04 -9.8079e-01 -2.7434e+00 -4.7287e-01 +2.3350e+00 +5.9304e-01 +4.9676e+00 -4.5977e+00 -1.5466e-01 +3.4450e+00 -7.5534e-01
% function evaluation | noise-free fitness - Fopt (5.913000000000e+01) | best noise-free fitness - Fopt | measured fitness | best measured fitness | x1 | x2...
1 +2.161263928e+06 +2.161263928e+06 +2.161323058e+06 +2.161323058e+06 +2.0711e+00 -1.7795e-01 +1.0194e+00 +5.4367e-01 +1.5449e+00 -1.2001e+00 +3.2972e+00 +2.2503e+00 -3.1505e+00 -3.1858e-01
3 +1.041140233e+06 +1.041140233e+06 +1.041199363e+06 +1.041199363e+06 -2.7860e+00 +3.5091e+00 +3.2467e+00 -2.0112e+00 -4.6398e+00 +2.5558e+00 -4.8002e+00 +4.8591e+00 +4.6485e-01 +3.8151e+00
17 +4.121277360e+05 +4.121277360e+05 +4.121868660e+05 +4.121868660e+05 +2.3136e+00 -1.2067e+00 -2.6192e+00 -5.6534e-01 -1.3248e+00 -3.2870e+00 -3.4119e+00 +4.2922e+00 -2.4062e-01 +2.9008e+00
250 +2.177360014e+05 +2.177360014e+05 +2.177951314e+05 +2.177951314e+05 +4.3039e+00 -4.4235e+00 -3.5399e+00 +7.4074e-02 +5.0000e+00 -2.5672e+00 -4.7572e+00 +5.0000e+00 -1.1570e+00 +4.6141e+00
273 +1.238319742e+05 +1.238319742e+05 +1.238911042e+05 +1.238911042e+05 -3.5111e-01 +1.6287e+00 -8.3800e-01 -1.7449e+00 -2.2464e+00 -1.5664e+00 -9.6803e-01 +4.3287e-01 -3.8231e+00 +4.0802e+00
1112 +5.585560082e+04 +5.585560082e+04 +5.591473082e+04 +5.591473082e+04 -1.5631e+00 +1.6486e+00 -7.7050e-01 +7.1585e-01 -2.6323e+00 -1.2391e+00 +1.2654e+00 -1.3147e+00 -2.1907e+00 +4.4532e+00
1532 +3.638763011e+04 +3.638763011e+04 +3.644676011e+04 +3.644676011e+04 -5.9976e-01 +2.0730e+00 -1.6268e+00 -9.3945e-01 -2.3146e+00 -1.5759e+00 +1.8394e+00 -9.5451e-01 -5.0000e+00 +2.3684e+00
2469 +1.784611015e+04 +1.784611015e+04 +1.790524015e+04 +1.790524015e+04 -7.1415e-01 +2.1544e+00 -5.3787e-01 +2.0061e-01 -2.6226e+00 +5.8298e-01 +1.0978e+00 -1.8030e-01 -4.4767e+00 +2.7829e+00
2619 +6.186295887e+03 +6.186295887e+03 +6.245425887e+03 +6.245425887e+03 -9.1140e-01 +2.0200e+00 -1.3349e+00 -3.2643e-02 -2.6230e+00 +3.5180e-01 +1.0474e+00 -1.5521e-02 -4.5284e+00 +2.6982e+00
% function evaluation | noise-free fitness - Fopt (-4.915300000000e+02) | best noise-free fitness - Fopt | measured fitness | best measured fitness | x1 | x2...
1 +1.250797552e+07 +1.250797552e+07 +1.250748399e+07 +1.250748399e+07 +1.5688e+00 +4.6919e+00 +4.3338e-01 -2.7328e+00 -1.2833e+00 +8.6584e-01 -3.3432e+00 +4.7955e+00 -6.4683e-01 -2.7678e+00
4 +7.239888529e+06 +7.239888529e+06 +7.239396999e+06 +7.239396999e+06 -3.4532e-02 +1.8558e+00 +3.9041e+00 -3.5840e+00 +1.0466e+00 +3.2114e+00 +3.0233e+00 +1.3242e-02 +4.9218e-01 -6.1089e-01
7 +1.653614167e+06 +1.653614167e+06 +1.653122637e+06 +1.653122637e+06 -4.2915e+00 +3.4676e+00 -1.1735e+00 -1.0053e+00 -2.5368e+00 -1.2782e+00 -2.4665e+00 +3.7048e+00 -1.5737e+00 +2.6843e+00
12 +1.313474419e+06 +1.313474419e+06 +1.312982889e+06 +1.312982889e+06 +3.2131e+00 -2.9116e+00 +3.9875e+00 +2.8924e+00 -4.4208e+00 -8.4028e-01 -1.3685e+00 -4.7875e-01 +1.0606e+00 -4.8450e+00
72 +9.533292217e+05 +9.533292217e+05 +9.528376917e+05 +9.528376917e+05 -8.8509e-01 -4.9206e+00 +1.8756e+00 -7.6072e-01 +1.0761e+00 -4.1147e+00 -2.0784e-01 +1.7059e+00 -8.1310e-01 +1.9135e+00
190 +4.808408321e+05 +4.808408321e+05 +4.803493021e+05 +4.803493021e+05 -3.2571e+00 -3.6433e+00 -3.0381e+00 -4.7010e-01 +1.8288e+00 -1.6328e+00 -4.6510e+00 +1.1684e+00 +3.3701e+00 +8.5938e-01
250 +3.767809056e+05 +3.767809056e+05 +3.762893756e+05 +3.762893756e+05 -4.6919e+00 -3.0432e+00 -1.8781e+00 -1.7031e+00 +3.4968e+00 -1.3235e+00 -3.5603e+00 -1.8857e+00 -1.9639e-01 +4.4488e+00
403 +2.355420048e+05 +2.355420048e+05 +2.350504748e+05 +2.350504748e+05 +2.2776e+00 -5.0000e+00 -1.4243e+00 -8.0121e-01 +4.7263e+00 -2.3213e+00 -5.0000e+00 -7.0106e-01 +4.9502e+00 +5.0000e+00
761 +8.785856095e+04 +8.785856095e+04 +8.736703095e+04 +8.736703095e+04 +4.1999e+00 -6.9117e-01 +1.9089e-01 -1.8731e-01 +0.0000e+00 -1.7221e+00 -3.1315e+00 +2.0564e+00 -1.8441e+00 +5.0000e+00
846 +6.059773359e+04 +6.059773359e+04 +6.010620359e+04 +6.010620359e+04 +0.0000e+00 +4.8606e-01 +3.1520e-01 -7.4305e-01 +7.9174e-01 -4.9476e+00 -6.2805e-02 +2.8786e+00 -3.8261e+00 +5.0000e+00
1651 +3.671740312e+04 +3.671740312e+04 +3.622587312e+04 +3.622587312e+04 +5.9580e-01 +1.8918e+00 -3.4896e-01 -9.7743e-01 +1.5574e+00 -4.5060e+00 -1.3353e-01 +2.8194e+00 -3.7550e+00 +5.0000e+00
1740 +2.124616255e+04 +2.124616255e+04 +2.075463255e+04 +2.075463255e+04 +1.7369e+00 +1.7219e+00 -1.2927e+00 -5.6910e-01 +2.3490e+00 -4.0536e+00 -1.5074e+00 +2.7306e+00 -7.9054e-01 +4.1893e+00
2080 +9.065378762e+03 +9.065378762e+03 +8.573848762e+03 +8.573848762e+03 +1.4643e+00 +1.4081e+00 -3.0797e+00 -7.2825e-01 +2.7091e+00 -4.1070e+00 -1.3066e+00 +2.8835e+00 -1.9370e+00 +2.8329e+00
2758 +5.361660121e+03 +5.361660121e+03 +4.870130121e+03 +4.870130121e+03 +1.8547e+00 +1.2760e+00 -1.6020e+00 -5.1666e-01 +2.3765e+00 -4.2122e+00 -6.3734e-01 +2.4360e+00 -1.9989e+00 +2.8092e+00
4408 +3.857636385e+03 +3.857636385e+03 +3.366106385e+03 +3.366106385e+03 +1.4478e+00 +1.4010e+00 -2.0067e+00 -4.7613e-01 +2.4381e+00 -4.1911e+00 -8.3118e-01 +2.4272e+00 -2.8948e+00 +3.2557e+00
% function evaluation | noise-free fitness - Fopt (-1.702000000000e+02) | best noise-free fitness - Fopt | measured fitness | best measured fitness | x1 | x2...
1 +4.699407433e+07 +4.699407433e+07 +4.699390413e+07 +4.699390413e+07 -3.6392e+00 -6.1077e-02 +2.2041e+00 +7.3094e-02 -6.4077e-01 -4.3413e+00 +1.5332e+00 -2.2136e+00 +1.7013e+00 -5.5139e-01
3 +1.737696554e+06 +1.737696554e+06 +1.737526354e+06 +1.737526354e+06 +3.2125e+00 +2.8796e+00 -3.5350e+00 +4.7217e+00 +2.0317e+00 -6.4334e-01 +1.9062e+00 +6.5477e-01 -3.7544e+00 +3.6873e-01
10 +1.527011780e+06 +1.527011780e+06 +1.526841580e+06 +1.526841580e+06 -3.8401e-01 -3.2472e+00 -8.5811e-01 +4.6117e+00 +2.5583e+00 +4.5054e+00 +3.4297e+00 +3.0018e+00 -2.6751e+00 -2.6782e+00
30 +7.334189972e+05 +7.334189972e+05 +7.332487972e+05 +7.332487972e+05 +2.4153e+00 +1.2533e+00 -3.2352e+00 +9.0534e-01 +2.9846e+00 +9.0219e-01 -2.0601e+00 +2.0790e+00 -4.6121e-01 +2.5493e+00
60 +2.363777503e+05 +2.363777503e+05 +2.362075503e+05 +2.362075503e+05 +3.2942e+00 -2.2116e+00 -2.8630e+00 +3.1623e+00 +2.4943e+00 +2.5376e+00 +4.4657e-01 +2.5600e+00 -3.7127e+00 +1.5861e+00
822 +9.126769578e+04 +9.126769578e+04 +9.109749578e+04 +9.109749578e+04 +2.0398e+00 -1.0856e+00 -5.0000e+00 +2.6292e+00 +4.9368e+00 +2.3282e+00 +2.0055e+00 -3.7665e-01 -3.2544e-01 +2.2491e+00
1315 +2.417651665e+04 +2.417651665e+04 +2.400631665e+04 +2.400631665e+04 +2.1317e+00 -8.1822e-01 -5.0000e+00 +9.7533e-01 +4.3876e+00 +2.3688e+00 +3.6052e+00 +5.5122e-01 -5.2992e-01 +2.0045e+00
2236 +1.236858179e+04 +1.236858179e+04 +1.219838179e+04 +1.219838179e+04 +1.6781e+00 -5.3053e-01 -5.0000e+00 +2.3906e+00 +4.2752e+00 +1.4841e+00 +2.5361e+00 +1.1257e+00 -1.8725e+00 +1.5668e+00
2946 +6.747698877e+03 +6.747698877e+03 +6.577498877e+03 +6.577498877e+03 +1.8386e+00 -5.9319e-01 -5.0000e+00 +2.5645e+00 +4.0459e+00 +1.9300e+00 +2.7969e+00 +1.3771e+00 -1.7094e+00 +1.2059e+00
3441 +6.180782658e+03 +6.180782658e+03 +6.010582658e+03 +6.010582658e+03 +1.7957e+00 -6.2177e-01 -5.0000e+00 +2.1778e+00 +4.0030e+00 +2.1081e+00 +3.2684e+00 +1.3561e+00 -1.7259e+00 +1.2950e+00
3600 +3.686688467e+03 +3.686688467e+03 +3.516488467e+03 +3.516488467e+03 +1.6421e+00 -5.1892e-01 -4.9168e+00 +2.3220e+00 +4.0088e+00 +1.9049e+00 +3.6334e+00 +1.3268e+00 -1.5071e+00 +1.3032e+00
% function evaluation | noise-free fitness - Fopt (-4.697500000000e+02) | best noise-free fitness - Fopt | measured fitness | best measured fitness | x1 | x2...
1 +3.494734741e+06 +3.494734741e+06 +3.494264991e+06 +3.494264991e+06 -8.8322e-01 -3.7650e+00 +3.8659e+00 +1.6542e+00 -8.9276e-01 +1.1839e-01 +3.8843e+00 -4.5111e+00 -3.6465e+00 -3.0251e+00
5 +6.364404239e+05 +6.364404239e+05 +6.359706739e+05 +6.359706739e+05 -2.3413e-01 -3.8873e+00 -1.5255e+00 +5.9318e-02 -1.6274e+00 +4.7017e+00 -4.7152e+00 -1.0864e+00 -3.6238e+00 +6.4771e-01
199 +2.153917690e+05 +2.153917690e+05 +2.149220190e+05 +2.149220190e+05 -5.4783e-01 -2.5615e+00 -1.0401e-02 +4.6438e+00 -2.1744e+00 +1.9115e+00 -8.8503e-01 -1.6438e+00 -1.3346e+00 +2.9839e+00
350 +9.851357518e+04 +9.851357518e+04 +9.804382518e+04 +9.804382518e+04 +3.0963e-01 -5.0000e+00 -3.7905e-01 +3.9130e+00 -2.7962e+00 +5.9625e-01 +1.9863e+00 +2.7306e+00 -1.1134e+00 -2.1075e+00
1630 +4.710689481e+04 +4.710689481e+04 +4.663714481e+04 +4.663714481e+04 -2.9883e-01 -4.7946e+00 +1.4129e+00 +4.4327e+00 -2.4749e+00 -1.7226e-01 +2.0407e+00 +7.0640e-01 +2.5901e-01 +5.8762e-01
2588 +3.448253841e+04 +3.448253841e+04 +3.401278841e+04 +3.401278841e+04 -5.0083e-01 -4.8543e+00 +1.4211e+00 +4.1554e+00 -1.8000e+00 +4.1878e-02 +1.7644e+00 +1.0495e+00 +6.2586e-01 +9.4645e-01
2727 +2.390727931e+04 +2.390727931e+04 +2.343752931e+04 +2.343752931e+04 -5.2342e-01 -4.7382e+00 +1.8008e+00 +4.1979e+00 -1.7279e+00 +4.5814e-01 +1.9862e+00 +1.8917e+00 +3.4974e-01 +8.8554e-01
3341 +1.454070259e+04 +1.454070259e+04 +1.407095259e+04 +1.407095259e+04 -7.0770e-01 -4.1384e+00 +2.5010e+00 +3.8749e+00 -1.8783e+00 +8.7593e-01 +1.6221e+00 +5.4792e-01 -1.3318e-01 +1.9147e+00
3753 +9.882929481e+03 +9.882929481e+03 +9.413179481e+03 +9.413179481e+03 -4.5804e-01 -4.2803e+00 +2.5854e+00 +3.7563e+00 -1.5407e+00 +3.8914e-01 +2.5615e+00 +4.4530e+00 -2.5366e-02 +7.0206e-01
% function evaluation | noise-free fitness - Fopt (-1.280000000000e+01) | best noise-free fitness - Fopt | measured fitness | best measured fitness | x1 | x2...
1 +2.982736556e+07 +2.982736556e+07 +2.982735276e+07 +2.982735276e+07 +1.1820e+00 +3.8508e+00 +3.4444e+00 -3.9223e+00 +4.5002e+00 +3.3176e+00 +4.3105e+00 +4.1395e+00 +1.0739e+00 -1.0526e+00
2 +2.821542773e+06 +2.821542773e+06 +2.821529973e+06 +2.821529973e+06 +3.2847e+00 -3.2360e+00 -3.7743e+00 +2.7148e+00 +1.2785e+00 +4.3908e+00 +5.4434e-01 -3.1353e+00 +2.9854e+00 +5.7114e-01
7 +1.509690711e+06 +1.509690711e+06 +1.509677911e+06 +1.509677911e+06 -1.6250e+00 -7.6190e-01 -2.6816e+00 -1.0817e+00 +3.3814e+00 +1.9048e+00 +3.2669e+00 -3.7711e+00 -1.8531e+00 -7.8044e-01
36 +6.232449057e+05 +6.232449057e+05 +6.232321057e+05 +6.232321057e+05 -2.8464e+00 -2.9440e+00 +2.0724e+00 -2.7244e+00 +4.4400e+00 +3.7450e-01 -2.6732e+00 -2.0409e+00 +2.0990e+00 -3.1663e+00
46 +3.029955410e+05 +3.029955410e+05 +3.029827410e+05 +3.029827410e+05 +4.3441e+00 +2.2093e+00 -3.6661e+00 -7.5623e-01 +1.4756e+00 -2.5871e+00 -7.3894e-01 -4.4183e+00 -3.2138e+00 -2.5642e+00
103 +1.923911126e+05 +1.923911126e+05 +1.923783126e+05 +1.923783126e+05 +3.2520e+00 -2.7005e+00 -2.9607e+00 -2.6325e+00 +3.1087e+00 -1.1589e+00 -5.3008e-01 -1.7089e+00 -2.6840e+00 -6.2344e-01
145 +4.657019081e+04 +4.657019081e+04 +4.655739081e+04 +4.655739081e+04 -1.7485e+00 +4.0018e-01 +2.1008e+00 -2.0872e+00 +4.3749e+00 -4.6440e+00 +4.9097e+00 -2.8852e+00 +1.5216e+00 -3.0073e+00
928 +3.273250148e+04 +3.273250148e+04 +3.271970148e+04 +3.271970148e+04 -6.3276e-01 +8.9730e-01 +2.4576e+00 -2.1646e+00 +5.0000e+00 -4.5424e+00 +1.7960e+00 -2.6123e+00 +1.1006e+00 -3.7167e+00
1740 +1.706272622e+04 +1.706272622e+04 +1.704992622e+04 +1.704992622e+04 +8.8512e-01 +1.1973e+00 +2.1737e+00 -2.3668e+00 +5.0000e+00 -4.4614e+00 +2.1384e+00 -2.6074e+00 +1.1321e+00 -3.2602e+00
2190 +1.372769693e+04 +1.372769693e+04 +1.371489693e+04 +1.371489693e+04 +4.4644e-01 +1.3893e+00 +2.1818e+00 -2.2928e+00 +4.9970e+00 -4.8476e+00 +2.1647e+00 -2.8564e+00 +1.8662e+00 -3.4290e+00
2247 +8.107521318e+03 +8.107521318e+03 +8.094721318e+03 +8.094721318e+03 +2.4898e-03 +1.1609e+00 +2.8831e+00 -2.2445e+00 +4.9778e+00 -5.0000e+00 +2.2229e+00 -2.8043e+00 +1.3507e+00 -3.7119e+00
2762 +4.247067635e+03 +4.247067635e+03 +4.234267635e+03 +4.234267635e+03 -3.3286e-02 +9.7325e-01 +2.4514e+00 -2.2767e+00 +4.9828e+00 -4.6491e+00 +2.2045e+00 -2.7653e+00 +1.3330e+00 -3.4041e+00
3311 +3.846177346e+03 +3.846177346e+03 +3.833377346e+03 +3.833377346e+03 +3.1895e-01 +1.0320e+00 +2.7244e+00 -2.4477e+00 +4.9808e+00 -4.5803e+00 +2.8832e+00 -2.7072e+00 +1.4157e+00 -3.3311e+00
3484 +2.135453306e+03 +2.135453306e+03 +2.122653306e+03 +2.122653306e+03 +7.6821e-02 +9.7787e-01 +2.6235e+00 -2.3380e+00 +4.9810e+00 -4.7535e+00 +3.0581e+00 -2.7326e+00 +1.4551e+00 -3.3645e+00
4328 +1.530712994e+03 +1.530712994e+03 +1.517912994e+03 +1.517912994e+03 +2.7518e-01 +9.4789e-01 +2.6542e+00 -2.4257e+00 +4.9766e+00 -4.5500e+00 +3.4126e+00 -2.6630e+00 +1.4463e+00 -3.3981e+00
% function evaluation | noise-free fitness - Fopt (-3.856900000000e+02) | best noise-free fitness - Fopt | measured fitness | best measured fitness | x1 | x2...
1 +9.343464799e+06 +9.343464799e+06 +9.343079109e+06 +9.343079109e+06 -1.4599e+00 +3.5273e+00 -1.5556e+00 +7.6528e-01 -5.1840e-01 +1.0494e+00 +3.7108e+00 -4.6742e+00 +2.1534e+00 +2.9657e+00
2 +2.784745491e+06 +2.784745491e+06 +2.784359801e+06 +2.784359801e+06 +3.1273e+00 +4.4090e+00 +4.5497e+00 +1.7597e+00 -2.2517e+00 -3.5042e-01 -1.4091e+00 +4.4239e-01 +1.1764e+00 +1.1432e+00
10 +2.307151866e+06 +2.307151866e+06 +2.306766176e+06 +2.306766176e+06 +4.2983e+00 -2.9596e+00 +1.2007e+00 +3.8873e+00 -2.1521e-01 +1.6142e+00 -4.4089e+00 +2.9632e+00 +3.9187e+00 -1.6851e+00
31 +1.066036164e+06 +1.066036164e+06 +1.065650474e+06 +1.065650474e+06 -8.4970e-01 -1.5394e+00 -4.8591e+00 -1.5029e+00 +2.6467e+00 +4.2988e-01 -4.8241e+00 +4.1144e+00 -5.0418e-01 -3.1166e+00
76 +9.941470490e+05 +9.941470490e+05 +9.937613590e+05 +9.937613590e+05 +4.7186e+00 +1.1711e+00 -2.3359e+00 +3.2225e-01 +4.8079e+00 +2.7322e-01 -6.8443e-01 +4.1525e+00 -1.7562e+00 -3.3149e+00
142 +5.395093261e+05 +5.395093261e+05 +5.391236361e+05 +5.391236361e+05 +1.0560e+00 -2.6606e+00 +4.9368e+00 -4.7074e+00 -9.0923e-01 -1.0016e+00 -2.7482e+00 +6.5634e-02 +1.0811e+00 +1.1327e+00
203 +2.352106659e+05 +2.352106659e+05 +2.348249759e+05 +2.348249759e+05 +1.5625e+00 +9.3701e-01 +1.8134e+00 -5.9704e-01 -7.1747e-01 +4.1264e+00 -5.0000e+00 +3.0039e+00 +4.9379e-01 +3.2385e+00
525 +1.305979167e+05 +1.305979167e+05 +1.302122267e+05 +1.302122267e+05 -1.1217e+00 +1.0896e+00 -1.7842e+00 -4.0354e+00 -1.3389e+00 +7.2716e-01 -4.5777e+00 -6.7934e-01 -1.0387e+00 +6.6729e-01
1516 +7.647077439e+04 +7.647077439e+04 +7.608508439e+04 +7.608508439e+04 -6.5998e-01 -1.5188e+00 -5.1027e-01 -2.9825e+00 -1.2045e+00 +1.5760e+00 -5.0000e+00 -3.4543e-01 +5.5259e-01 +6.4850e-01
1601 +5.087568793e+04 +5.087568793e+04 +5.048999793e+04 +5.048999793e+04 -9.1323e-01 -1.2430e+00 -8.6213e-01 -2.8634e+00 -7.5784e-02 +1.3649e+00 -4.7899e+00 +2.7175e+00 -5.7630e-01 -2.7662e-01
2147 +3.620623387e+04 +3.620623387e+04 +3.582054387e+04 +3.582054387e+04 +5.7029e-01 +1.1185e+00 -1.2433e+00 -2.4260e+00 -2.9735e-01 +1.8897e+00 -4.3828e+00 +1.7371e+00 -9.3484e-01 +5.2989e-01
2892 +2.401426069e+04 +2.401426069e+04 +2.362857069e+04 +2.362857069e+04 -1.0991e-01 +1.5117e+00 -1.2632e+00 -2.3768e+00 -1.4125e-01 +1.5991e+00 -4.0983e+00 +2.4409e+00 -1.1945e+00 +1.4177e-01
3209 +1.019048919e+04 +1.019048919e+04 +9.804799190e+03 +9.804799190e+03 +1.6953e-01 +1.1614e+00 -9.0064e-01 -3.0805e+00 -4.4668e-01 +1.7837e+00 -4.7731e+00 +2.4102e+00 -1.1754e+00 +5.7921e-01
3731 +9.892973718e+03 +9.892973718e+03 +9.507283718e+03 +9.507283718e+03 +1.1676e-01 +1.0566e+00 -8.1629e-01 -2.8165e+00 -3.7676e-01 +1.6796e+00 -4.7309e+00 +2.2793e+00 -1.0989e+00 +6.9741e-01
4231 +6.229564324e+03 +6.229564324e+03 +5.843874324e+03 +5.843874324e+03 +1.1947e-01 +1.4595e+00 -9.3622e-01 -2.7460e+00 -3.2478e-01 +1.7048e+00 -4.8188e+00 +2.2127e+00 -1.2215e+00 +6.7143e-01
4646 +3.717387441e+03 +3.717387441e+03 +3.331697441e+03 +3.331697441e+03 +7.0495e-02 +9.0727e-01 -5.8041e-01 -3.1909e+00 +1.2510e-01 +1.3922e+00 -4.5782e+00 +9.6910e-01 -1.2458e+00 +9.6487e-01
% function evaluation | noise-free fitness - Fopt (4.000000000000e+01) | best noise-free fitness - Fopt | measured fitness | best measured fitness | x1 | x2...
1 +2.334767287e+07 +2.334767287e+07 +2.334771287e+07 +2.334771287e+07 -4.5006e+00 -2.3072e+00 +1.8657e+00 -4.1691e+00 +4.2640e+00 +2.0204e+00 +9.6206e-01 +3.4582e-01 +3.1008e+00 +4.5209e+00
2 +8.286069321e+06 +8.286069321e+06 +8.286109321e+06 +8.286109321e+06 -1.2510e+00 +4.2700e+00 -4.6065e+00 +4.0566e+00 -4.3574e+00 -2.3350e+00 +1.5589e+00 -1.5449e+00 -2.0832e+00 +5.7670e-01
4 +1.862115756e+06 +1.862115756e+06 +1.862155756e+06 +1.862155756e+06 -1.8924e+00 -1.5932e+00 -3.6600e+00 -1.1551e+00 +4.8261e+00 +2.5532e+00 +3.1483e-01 -1.2103e+00 -8.0770e-01 -2.7042e+00
11 +1.332405417e+06 +1.332405417e+06 +1.332445417e+06 +1.332445417e+06 +4.5860e+00 +3.7525e+00 -5.3183e-01 -4.1874e+00 -4.2684e+00 +1.8688e+00 -5.1944e-01 +2.8250e+00 -1.9204e-02 -8.6629e-01
68 +9.665176823e+05 +9.665176823e+05 +9.665576823e+05 +9.665576823e+05 -2.1444e+00 +2.0232e+00 -4.8238e+00 -1.6113e+00 +1.9492e+00 -2.6685e+00 -2.1620e+00 -3.9190e+00 -2.3137e+00 -2.0181e+00
219 +4.888408345e+05 +4.888408345e+05 +4.888808345e+05 +4.888808345e+05 -4.9714e+00 +1.6707e+00 -3.5090e+00 -4.3854e+00 +3.8359e+00 +1.2607e+00 -5.0000e+00 -2.2906e+00 -2.2160e+00 -1.3283e+00
226 +1.790520286e+05 +1.790520286e+05 +1.790920286e+05 +1.790920286e+05 +2.8493e+00 -1.7556e+00 -4.2978e+00 -5.0000e+00 +3.0538e+00 +1.6156e+00 +7.0934e-01 -2.8306e-01 -7.3308e-01 -2.0427e+00
636 +1.240718185e+05 +1.240718185e+05 +1.241118185e+05 +1.241118185e+05 +9.6425e-01 +9.1356e-01 -4.4549e+00 -5.0000e+00 +2.4410e+00 +5.0000e+00 -4.1119e+00 -7.7752e-01 -2.4623e+00 -6.2508e-01
836 +7.812446846e+04 +7.812446846e+04 +7.816446846e+04 +7.816446846e+04 +4.9425e+00 +1.9487e-01 -4.6703e+00 -5.0000e+00 +2.2860e+00 +5.0000e+00 -4.5060e+00 -1.5291e+00 -2.9054e+00 -9.6227e-01
1148 +3.135790074e+04 +3.135790074e+04 +3.139790074e+04 +3.139790074e+04 +3.8829e+00 +4.4886e-01 -5.0000e+00 -4.4309e+00 +1.7573e+00 +1.7199e+00 -1.9386e+00 -1.8320e+00 -1.9631e+00 -1.9864e+00
2747 +2.252941031e+04 +2.252941031e+04 +2.256941031e+04 +2.256941031e+04 +3.8499e+00 -1.7996e-01 -4.9450e+00 -4.5153e+00 +1.7974e+00 +1.8514e+00 -1.8659e+00 -1.5497e+00 -1.6554e+00 -2.3812e+00
4393 +1.552572733e+04 +1.552572733e+04 +1.556572733e+04 +1.556572733e+04 +3.7412e+00 -8.4381e-01 -4.6133e+00 -4.5340e+00 +2.0290e+00 +1.6591e+00 -1.3238e+00 -1.2309e+00 -1.1490e+00 -3.1455e+00
% function evaluation | noise-free fitness - Fopt (1.142600000000e+02) | best noise-free fitness - Fopt | measured fitness | best measured fitness | x1 | x2...
1 +2.991147580e+07 +2.991147580e+07 +2.991159006e+07 +2.991159006e+07 -2.3387e-01 +4.1456e+00 -2.5265e+00 +2.8296e+00 -2.1375e-01 +2.9182e+00 -3.9043e-01 +3.5188e+00 -8.3906e-01 +3.1930e+00
2 +1.545912009e+07 +1.545912009e+07 +1.545923435e+07 +1.545923435e+07 +2.6294e+00 -2.2167e+00 -6.2973e-01 -7.9183e-02 -1.0858e+00 +4.6672e+00 -8.6930e-01 +1.6990e+00 -1.8831e+00 -4.6036e+00
4 +4.098858862e+06 +4.098858862e+06 +4.098973122e+06 +4.098973122e+06 +4.6956e+00 -2.0382e+00 +3.3424e+00 +2.2416e+00 -3.5096e+00 -4.7945e+00 +2.4994e+00 -1.0872e+00 -3.0642e+00 +3.9249e-01
17 +1.663591563e+06 +1.663591563e+06 +1.663705823e+06 +1.663705823e+06 -2.8047e+00 -3.9452e+00 +8.3069e-01 -4.0703e+00 -5.5422e-01 -4.4105e+00 -3.2468e+00 -4.7374e+00 -8.0123e-01 -2.4357e+00
23 +3.514155698e+05 +3.514155698e+05 +3.515298298e+05 +3.515298298e+05 -3.9016e+00 -3.6416e-01 +3.8392e+00 -2.7729e+00 -4.8277e+00 +2.5413e+00 +1.5290e+00 +2.8890e+00 -3.8833e+00 +1.3489e+00
183 +2.150742202e+05 +2.150742202e+05 +2.151884802e+05 +2.151884802e+05 +2.7186e+00 +2.3800e+00 +4.8563e+00 +4.9912e+00 +3.4089e+00 +2.8160e+00 +2.3089e+00 +4.6871e+00 -2.9871e-02 -2.4715e+00
297 +1.439128941e+05 +1.439128941e+05 +1.440271541e+05 +1.440271541e+05 +3.9568e+00 +1.8914e+00 +5.0000e+00 +1.8544e+00 -2.4092e-01 +2.5853e+00 +5.0000e+00 +3.4516e+00 -1.9249e+00 -1.3580e+00
738 +8.187525112e+04 +8.187525112e+04 +8.198951112e+04 +8.198951112e+04 +1.1292e+00 +4.0779e+00 +5.0000e+00 +4.3913e+00 +5.0100e-02 -8.9255e-02 +1.9753e+00 +1.6215e+00 -1.7342e-01 -1.1796e+00
888 +5.042908594e+04 +5.042908594e+04 +5.054334594e+04 +5.054334594e+04 +4.0417e-01 +4.2139e+00 +5.0000e+00 +4.4414e+00 -9.9563e-03 -1.3967e+00 +2.4856e+00 +1.0317e+00 +8.8426e-02 +2.5022e+00
1173 +3.379003692e+04 +3.379003692e+04 +3.390429692e+04 +3.390429692e+04 -2.1955e+00 +3.8014e+00 +5.0000e+00 +4.9841e+00 -1.2892e+00 -5.1130e-01 +1.4596e+00 +1.5687e+00 +1.0559e+00 +1.3116e+00
1939 +1.977307070e+04 +1.977307070e+04 +1.988733070e+04 +1.988733070e+04 -1.5275e+00 +3.3686e+00 +5.0000e+00 +4.9902e+00 +0.0000e+00 -1.3047e+00 +5.5491e-01 +7.5962e-01 +2.0137e+00 +7.1878e-01
4861 +1.561894154e+04 +1.561894154e+04 +1.573320154e+04 +1.573320154e+04 -2.4709e+00 +3.6106e+00 +5.0000e+00 +4.9819e+00 -7.8275e-01 -1.1564e+00 +6.2956e-01 +8.0834e-01 +1.6579e+00 +1.0569e+00
% function evaluation | noise-free fitness - Fopt (1.393000000000e+01) | best noise-free fitness - Fopt | measured fitness | best measured fitness | x1 | x2...
1 +3.346241340e+06 +3.346241340e+06 +3.346255270e+06 +3.346255270e+06 +3.7419e+00 -1.6290e+00 -4.4090e+00 -8.6325e-01 -2.2225e+00 -1.1477e+00 -5.5081e-01 -1.8745e-01 -3.1811e+00 +4.8103e-01
4 +1.951903540e+06 +1.951903540e+06 +1.951917470e+06 +1.951917470e+06 -3.7796e+00 -2.7255e+00 +2.7972e+00 +1.7272e+00 -2.5119e+00 -3.2411e+00 -1.9116e+00 +2.5289e+00 +3.1932e+00 +2.8511e-01
42 +1.261874441e+06 +1.261874441e+06 +1.261888371e+06 +1.261888371e+06 +4.3103e+00 +1.3314e+00 -1.0519e+00 -4.3058e+00 +1.2217e+00 -1.1698e+00 +6.0742e-01 -4.3071e+00 -1.2956e+00 -4.3315e+00
69 +5.998560519e+05 +5.998560519e+05 +5.998699819e+05 +5.998699819e+05 +3.8170e+00 -1.4963e-01 -4.2067e+00 -1.1788e+00 -3.9224e+00 -4.6950e+00 +3.1613e+00 -5.9747e-01 -1.5416e+00 +3.6900e+00
76 +2.772630014e+05 +2.772630014e+05 +2.772769314e+05 +2.772769314e+05 +3.5076e+00 +4.1594e+00 +3.7963e-01 -2.2511e+00 +3.8540e-01 -3.3952e+00 -3.0412e+00 -4.0316e+00 +1.4270e+00 -9.1467e-01
385 +2.308171401e+05 +2.308171401e+05 +2.308310701e+05 +2.308310701e+05 +1.1683e+00 +5.6328e-01 +3.2076e-01 +2.3972e+00 +1.2796e+00 -4.7196e+00 -5.0000e+00 -5.0000e+00 +4.5427e-01 -8.0654e-02
698 +1.071302736e+05 +1.071302736e+05 +1.071442036e+05 +1.071442036e+05 +1.8530e+00 -1.2372e-03 +1.8087e+00 +1.6733e+00 +0.0000e+00 -3.3290e+00 -3.4259e+00 -4.0654e+00 +7.4270e-01 +7.0113e-01
740 +9.277735782e+04 +9.277735782e+04 +9.279128782e+04 +9.279128782e+04 +1.4625e+00 +3.2299e+00 +2.5969e+00 +1.1793e+00 +2.9866e+00 -1.0467e+00 -3.3658e+00 -1.2324e+00 +1.7111e-02 +1.3404e+00
1648 +6.028857792e+04 +6.028857792e+04 +6.030250792e+04 +6.030250792e+04 +4.2207e+00 +4.0498e+00 +2.1301e+00 -1.5553e+00 +2.7936e+00 +6.3839e-01 -2.8056e+00 -6.0673e-01 -6.0526e-01 +6.5021e-01
2200 +2.354068117e+04 +2.354068117e+04 +2.355461117e+04 +2.355461117e+04 +2.2996e+00 +2.1293e+00 +3.5887e+00 +1.3357e-01 +3.6654e+00 +6.8342e-01 -3.6856e+00 -4.2360e-01 -4.8709e-01 +6.6453e-01
2361 +1.063085772e+04 +1.063085772e+04 +1.064478772e+04 +1.064478772e+04 +2.0157e+00 +2.3263e+00 +3.6055e+00 -1.2646e+00 +2.3876e+00 -1.8366e-01 -2.3865e+00 -9.3236e-01 -2.4510e-01 -4.1204e-01
3673 +9.094431958e+03 +9.094431958e+03 +9.108361958e+03 +9.108361958e+03 +2.0815e+00 +1.8734e+00 +3.6061e+00 -1.1841e+00 +2.3843e+00 -2.3535e-01 -2.3199e+00 -1.2061e+00 -4.2271e-01 -4.8674e-01
% function evaluation | noise-free fitness - Fopt (-3.175000000000e+01) | best noise-free fitness - Fopt | measured fitness | best measured fitness | x1 | x2...
1 +3.001631373e+07 +3.001631373e+07 +3.001628198e+07 +3.001628198e+07 -3.5639e+00 +3.4575e+00 -1.6586e+00 +1.0290e+00 -2.9171e+00 +2.6111e+00 +2.4153e+00 -2.2823e+00 -4.2813e+00 -4.5920e+00
2 +2.433004176e+07 +2.433004176e+07 +2.433001001e+07 +2.433001001e+07 +2.2177e+00 +1.1641e+00 +3.8204e+00 -7.7998e-01 -3.7639e+00 +3.2049e+00 +2.3597e-01 -3.8957e+00 +1.6545e-02 +3.2780e+00
8 +9.999548865e+06 +9.999548865e+06 +9.999517115e+06 +9.999517115e+06 +4.1298e+00 +4.1273e-01 -3.8167e+00 -2.3493e+00 +4.5718e+00 +3.5431e+00 -7.1947e-01 +3.3979e+00 +4.1425e+00 -3.6197e+00
13 +2.227922588e+06 +2.227922588e+06 +2.227890838e+06 +2.227890838e+06 -3.5881e+00 -4.3250e+00 +8.3847e-01 +1.7821e+00 +1.0980e+00 -6.6783e-01 +1.5051e+00 +9.7516e-02 +7.8640e-01 -1.3412e+00
34 +1.329375172e+06 +1.329375172e+06 +1.329343422e+06 +1.329343422e+06 -2.4891e+00 +1.0881e+00 +3.3518e+00 +7.5505e-01 -1.4162e+00 -3.3246e-01 +9.4560e-01 +2.4126e+00 +2.7029e+00 -4.2184e+00
75 +5.690333290e+05 +5.690333290e+05 +5.690015790e+05 +5.690015790e+05 +8.9605e-01 -1.2364e-01 +3.3043e+00 +3.8940e+00 +3.1682e-01 +4.1215e+00 +1.8801e+00 +2.7687e+00 -3.5715e+00 -3.1233e+00
200 +3.719565313e+05 +3.719565313e+05 +3.719247813e+05 +3.719247813e+05 -4.5359e+00 -8.3398e-01 -3.5396e+00 +1.6559e+00 -3.3920e+00 -9.3276e-01 +3.4081e+00 +4.9980e+00 +7.9746e-01 -1.0959e+00
417 +1.804724148e+05 +1.804724148e+05 +1.804406648e+05 +1.804406648e+05 -3.2544e+00 +1.7768e+00 -8.3255e-01 +3.6764e+00 +1.1495e+00 +0.0000e+00 +5.0000e+00 +4.0204e+00 +1.1473e+00 -4.7403e+00
714 +8.214267721e+04 +8.214267721e+04 +8.211092721e+04 +8.211092721e+04 -4.2697e+00 +2.3098e+00 -1.1000e+00 +2.2212e+00 +8.1629e-01 -6.2742e-01 +5.0000e+00 +5.0000e+00 +2.0483e+00 -4.9698e+00
972 +1.912983464e+04 +1.912983464e+04 +1.909808464e+04 +1.909808464e+04 -4.4122e+00 +1.3726e+00 -3.3244e-01 +4.5138e+00 +2.0033e+00 -8.5089e-01 +5.0000e+00 +3.6384e+00 +1.9291e+00 -4.7443e+00
1939 +7.942335614e+03 +7.942335614e+03 +7.910585614e+03 +7.910585614e+03 -4.8537e+00 +1.9268e-01 -2.1480e-01 +4.7732e+00 +8.6749e-01 +1.5114e+00 +5.0000e+00 +3.0304e+00 -2.5340e+00 -4.6139e+00
2055 +5.354724882e+03 +5.354724882e+03 +5.322974882e+03 +5.322974882e+03 -5.0000e+00 +1.3591e+00 +3.8066e-01 +4.8495e+00 +1.7915e+00 +1.2835e+00 +5.0000e+00 +3.0707e+00 -1.1374e+00 -4.6475e+00
3055 +3.154118344e+03 +3.154118344e+03 +3.122368344e+03 +3.122368344e+03 -4.8071e+00 +8.0062e-01 -5.6033e-02 +4.8465e+00 +1.4971e+00 +1.4768e+00 +5.0000e+00 +3.0771e+00 -1.9124e+00 -4.5769e+00
% function evaluation | noise-free fitness - Fopt (5.432000000000e+01) | best noise-free fitness - Fopt | measured fitness | best measured fitness | x1 | x2...
1 +4.193658310e+07 +4.193658310e+07 +4.193663742e+07 +4.193663742e+07 -6.7536e-01 +4.9259e+00 +4.9149e+00 -1.8135e+00 +3.2600e+00 -2.5283e+00 -1.0654e+00 -1.7095e+00 -4.7557e+00 -2.8948e+00
3 +1.941717533e+07 +1.941717533e+07 +1.941722965e+07 +1.941722965e+07 +3.3423e+00 -4.9921e+00 +3.7498e+00 +2.1260e+00 -3.5545e+00 +3.9673e+00 -7.5798e-01 +1.1006e+00 -3.8086e+00 +2.7457e+00
4 +4.813830137e+06 +4.813830137e+06 +4.813884457e+06 +4.813884457e+06 +4.4012e+00 +4.9292e+00 +4.9079e-01 +7.8442e-01 -2.0435e+00 +2.1225e+00 -7.6078e-01 -1.5080e+00 -1.1769e+00 +3.2167e-01
12 +3.074252663e+06 +3.074252663e+06 +3.074306983e+06 +3.074306983e+06 +3.8928e+00 +3.2404e+00 -2.7304e+00 +2.4629e+00 -4.9670e+00 -1.8757e+00 -3.1878e+00 -3.2987e+00 -3.8816e+00 +2.8239e+00
32 +2.044326616e+06 +2.044326616e+06 +2.044380936e+06 +2.044380936e+06 +1.1529e+00 +1.6678e+00 +1.8049e+00 +1.8025e-02 -3.8550e+00 +1.9494e+00 -1.3294e+00 -3.3882e+00 -2.5537e+00 +2.8571e+00
115 +1.196832901e+06 +1.196832901e+06 +1.196887221e+06 +1.196887221e+06 +2.2916e+00 -1.7198e+00 -1.2087e+00 -2.8535e+00 +3.5916e+00 -2.7451e+00 -3.8214e+00 -3.7579e+00 +2.4324e+00 -5.4640e-01
210 +7.341395969e+05 +7.341395969e+05 +7.341939169e+05 +7.341939169e+05 -5.0396e-01 -4.0340e+00 +1.4462e-01 -9.2860e-01 +5.0000e+00 +7.9982e-01 -5.0000e+00 -5.0000e+00 -1.6074e-01 +4.9124e+00
250 +5.481143197e+05 +5.481143197e+05 +5.481686397e+05 +5.481686397e+05 +3.8723e+00 -1.9887e+00 -1.8102e+00 +4.7792e+00 +5.0000e+00 +5.0000e+00 +5.0000e+00 -5.0000e+00 +5.0000e+00 +2.1858e+00
382 +5.996721479e+04 +5.996721479e+04 +6.002153479e+04 +6.002153479e+04 +2.0964e+00 -2.7596e+00 +6.8519e-01 -2.8064e-01 -2.9574e+00 +1.2411e+00 -4.5453e+00 -2.1872e+00 +9.0180e-01 +6.9518e-01
660 +2.610410248e+04 +2.610410248e+04 +2.615842248e+04 +2.615842248e+04 +1.9489e-01 +3.5797e-02 +1.1411e+00 -2.2335e+00 -1.9486e+00 +2.5220e+00 -3.9012e+00 -3.4222e+00 +7.4626e-01 +9.5818e-01
1402 +2.058473152e+04 +2.058473152e+04 +2.063905152e+04 +2.063905152e+04 +1.1733e+00 -1.9283e-01 +1.1250e+00 -2.3025e+00 -6.5306e-01 +2.7914e+00 -3.9098e+00 -3.2221e+00 +8.9956e-01 -1.5970e+00
2209 +1.467016673e+04 +1.467016673e+04 +1.472448673e+04 +1.472448673e+04 +7.7332e-01 +2.1804e-01 +7.4770e-01 -2.3233e+00 -1.2139e+00 +3.2555e+00 -4.4471e+00 -2.7866e+00 +9.9094e-01 -3.1083e-01
2870 +8.463768873e+03 +8.463768873e+03 +8.518088873e+03 +8.518088873e+03 +8.9946e-01 +6.9712e-02 +9.5858e-01 -1.7515e+00 -2.0137e+00 +3.1294e+00 -4.2905e+00 -2.7624e+00 +7.8709e-01 +5.7818e-01
3191 +5.995994785e+03 +5.995994785e+03 +6.050314785e+03 +6.050314785e+03 +9.9701e-01 +9.8141e-02 +9.2975e-01 -1.5975e+00 -1.9570e+00 +3.4543e+00 -4.1670e+00 -2.8408e+00 +9.0294e-01 -1.7065e-01
3676 +3.606027788e+03 +3.606027788e+03 +3.660347788e+03 +3.660347788e+03 +8.7103e-01 +1.8903e-01 +9.7983e-01 -1.8892e+00 -2.1196e+00 +3.4106e+00 -4.1344e+00 -2.8652e+00 +6.6703e-01 +1.0873e+00
4147 +2.458116543e+03 +2.458116543e+03 +2.512436543e+03 +2.512436543e+03 +5.7414e-01 +1.7856e-01 +9.8238e-01 -2.3213e+00 -2.1584e+00 +3.4848e+00 -4.2370e+00 -2.8170e+00 +7.6960e-01 +1.4076e+00
% function evaluation | noise-free fitness - Fopt (4.052000000000e+01) | best noise-free fitness - Fopt | measured fitness | best measured fitness | x1 | x2...
1 +1.597031057e+06 +1.597031057e+06 +1.597071577e+06 +1.597071577e+06 +2.0962e+00 -4.1950e+00 -4.3160e+00 +2.0548e+00 -2.4656e+00 +2.0585e+00 -2.3331e+00 +4.3569e+00 -1.8295e+00 +3.4204e+00
87 +1.296860559e+06 +1.296860559e+06 +1.296901079e+06 +1.296901079e+06 +7.8288e-02 -9.6682e-01 +2.3034e+00 +3.1829e+00 -8.6128e-01 -6.3849e-01 +1.0709e+00 +3.3087e+00 -3.8570e+00 -2.5253e+00
102 +5.644614869e+05 +5.644614869e+05 +5.645020069e+05 +5.645020069e+05 -1.5063e+00 -2.6048e+00 +4.7360e+00 -2.5297e+00 +3.1367e+00 -4.1508e+00 -5.1180e-01 -3.8256e+00 -4.8301e+00 +4.4389e+00
373 +3.276432728e+05 +3.276432728e+05 +3.276837928e+05 +3.276837928e+05 -1.5951e+00 -4.6214e+00 +1.2114e+00 +8.0280e-01 +1.7420e+00 -3.3275e-01 +4.6016e+00 -5.0000e+00 -2.1633e+00 +1.0477e+00
383 +9.838114173e+04 +9.838114173e+04 +9.842166173e+04 +9.842166173e+04 -3.6329e-01 +4.7182e-01 +4.3465e+00 +9.3251e-02 +2.9746e+00 -5.0000e+00 +6.3576e-02 -9.1555e-01 -5.0000e+00 +3.8845e+00
1087 +6.250602128e+04 +6.250602128e+04 +6.254654128e+04 +6.254654128e+04 -3.7013e-01 -4.8030e-01 +3.3359e+00 +0.0000e+00 +2.5600e+00 -4.6095e+00 -3.0807e-01 +4.6469e-01 -4.9666e+00 +4.2183e+00
1613 +1.846268372e+04 +1.846268372e+04 +1.850320372e+04 +1.850320372e+04 +2.4202e+00 +1.4397e+00 +2.1535e+00 +7.5207e-01 +1.7896e+00 -4.0236e+00 +4.6472e-01 +2.5478e+00 -5.0000e+00 +4.7954e+00
2813 +1.050076979e+04 +1.050076979e+04 +1.054128979e+04 +1.054128979e+04 +2.8875e+00 +1.6736e+00 +2.7475e+00 +7.8303e-01 +2.2393e+00 -3.4400e+00 +1.2820e+00 +1.7399e+00 -4.9997e+00 +4.7911e+00
3078 +8.688874835e+03 +8.688874835e+03 +8.729394835e+03 +8.729394835e+03 +2.3450e+00 +1.5588e+00 +3.0573e+00 +9.4758e-01 +1.9366e+00 -3.2027e+00 +1.1851e+00 +1.1592e+00 -4.9963e+00 +4.8380e+00
3153 +4.658476310e+03 +4.658476310e+03 +4.698996310e+03 +4.698996310e+03 +2.8198e+00 +1.8848e+00 +2.6464e+00 +3.3308e-01 +1.9770e+00 -3.6139e+00 +9.1362e-01 +8.4150e-01 -5.0000e+00 +4.9865e+00
3743 +2.709800799e+03 +2.709800799e+03 +2.750320799e+03 +2.750320799e+03 +2.8613e+00 +2.0066e+00 +1.9622e+00 +4.7154e-01 +1.6164e+00 -3.6135e+00 +9.6167e-01 +8.8272e-01 -5.0000e+00 +4.9830e+00
4024 +2.218856625e+03 +2.218856625e+03 +2.259376625e+03 +2.259376625e+03 +2.8786e+00 +2.0413e+00 +2.1063e+00 +5.3076e-01 +1.5517e+00 -3.6230e+00 +9.2547e-01 +8.9928e-01 -5.0000e+00 +5.0000e+00
4084 +1.108979766e+03 +1.108979766e+03 +1.149499766e+03 +1.149499766e+03 +2.9397e+00 +2.0254e+00 +1.7879e+00 +5.2657e-01 +1.4911e+00 -3.6303e+00 +9.5245e-01 +8.6750e-01 -5.0000e+00 +4.9837e+00
4281 +9.103133482e+02 +9.103133482e+02 +9.508333482e+02 +9.508333482e+02 +2.9770e+00 +2.0371e+00 +1.8611e+00 +5.1450e-01 +1.5494e+00 -3.6383e+00 +9.3365e-01 +9.5221e-01 -5.0000e+00 +4.9628e+00
4607 +6.204447003e+02 +6.204447003e+02 +6.609647003e+02 +6.609647003e+02 +3.0162e+00 +2.0526e+00 +1.6476e+00 +5.3954e-01 +1.4861e+00 -3.6323e+00 +9.5770e-01 +8.8024e-01 -5.0000e+00 +4.9794e+00
% function evaluation | noise-free fitness - Fopt (-1.184900000000e+02) | best noise-free fitness - Fopt | measured fitness | best measured fitness | x1 | x2...
1 +9.030371077e+07 +9.030371077e+07 +9.030359228e+07 +9.030359228e+07 -1.6590e+00 +3.7010e+00 +2.2025e+00 +7.1669e-01 +4.0290e+00 -1.0690e+00 +4.9301e+00 +3.9814e+00 -4.9473e+00 +4.1254e+00
2 +2.802296354e+07 +2.802296354e+07 +2.802284505e+07 +2.802284505e+07 +1.2398e+00 +4.0795e+00 -1.9572e+00 -6.6027e-01 -2.3378e+00 +2.7687e-01 +2.0455e-01 -5.2411e-01 -4.0213e+00 +4.3261e+00
7 +1.460841465e+07 +1.460841465e+07 +1.460829616e+07 +1.460829616e+07 +1.8334e-01 -4.0920e+00 -3.8834e+00 -8.6871e-01 +3.6724e-01 +1.5992e+00 +3.0165e+00 +1.6407e+00 -1.3230e+00 -1.2160e+00
20 +4.909310626e+05 +4.909310626e+05 +4.908125726e+05 +4.908125726e+05 -3.4645e+00 -4.5398e+00 -4.9878e+00 +3.9798e+00 -4.0915e+00 +3.7450e+00 -8.2922e-01 +5.2686e-01 +5.2612e-02 -1.3050e+00
111 +9.740357004e+04 +9.740357004e+04 +9.728508004e+04 +9.728508004e+04 -9.0425e-01 -2.6830e+00 -2.1998e+00 +2.7891e+00 -4.3540e+00 -3.8167e+00 +2.2718e+00 +1.1652e+00 +4.8271e+00 -3.7885e+00
639 +4.516012956e+04 +4.516012956e+04 +4.504163956e+04 +4.504163956e+04 +1.6660e-01 -1.3200e+00 +7.3112e-01 +2.8201e+00 -4.8704e+00 -4.8191e+00 -6.0917e-01 +2.8181e+00 +4.9829e+00 -4.8127e+00
690 +3.787542231e+04 +3.787542231e+04 +3.775693231e+04 +3.775693231e+04 -1.8242e+00 -1.8236e+00 -2.8862e+00 +3.1674e+00 -3.2720e+00 -3.4332e+00 +6.8185e-01 +5.2325e-01 +4.8052e+00 -4.7045e+00
1769 +1.270107843e+04 +1.270107843e+04 +1.258258843e+04 +1.258258843e+04 -3.0488e+00 +5.6960e-01 -3.4671e+00 +2.6807e+00 -2.6119e+00 -1.4899e+00 +1.5420e+00 +3.0878e+00 +4.5409e+00 -4.3544e+00
2453 +7.245430117e+03 +7.245430117e+03 +7.126940117e+03 +7.126940117e+03 -3.6457e+00 -1.1853e-01 -3.3888e+00 +2.2361e+00 -2.1868e+00 -1.0644e+00 +3.5004e-01 +2.2058e+00 +4.1222e+00 -4.8361e+00
3262 +2.205851092e+03 +2.205851092e+03 +2.087361092e+03 +2.087361092e+03 -3.4640e+00 +5.5264e-01 -3.4944e+00 +2.0738e+00 -2.1929e+00 -1.0853e+00 +1.7830e-02 +2.3711e+00 +4.1056e+00 -4.8922e+00
4243 +1.562161164e+03 +1.562161164e+03 +1.443671164e+03 +1.443671164e+03 -3.4166e+00 +5.0778e-01 -3.4735e+00 +2.0679e+00 -2.1742e+00 -1.0942e+00 -1.3562e-01 +2.2205e+00 +4.0704e+00 -4.9269e+00
% function evaluation | noise-free fitness - Fopt (2.810000000000e+01) | best noise-free fitness - Fopt | measured fitness | best measured fitness | x1 | x2...
1 +8.216184246e+06 +8.216184246e+06 +8.216212346e+06 +8.216212346e+06 -3.8637e+00 +2.4248e+00 +2.0701e+00 +2.3391e+00 -2.3383e+00 +2.4836e+00 -4.7136e-01 -1.2844e+00 +1.3948e+00 +4.3205e+00
3 +2.830014903e+06 +2.830014903e+06 +2.830043003e+06 +2.830043003e+06 +3.8169e+00 -1.7968e+00 +4.3820e+00 +1.6984e+00 -1.4035e+00 -3.4087e+00 +3.4973e-01 +3.9987e-01 -5.5896e-01 +4.1021e+00
12 +8.969339985e+05 +8.969339985e+05 +8.969620985e+05 +8.969620985e+05 -2.2448e-01 -1.3829e+00 +1.6185e+00 +2.8808e+00 +1.6804e+00 -4.2878e+00 -4.5586e+00 -3.7577e+00 -4.7196e+00 -1.7991e+00
14 +5.421223249e+05 +5.421223249e+05 +5.421504249e+05 +5.421504249e+05 +1.1759e+00 +4.1920e+00 -2.4749e+00 +2.3726e+00 -3.3271e+00 +4.2743e-01 +2.0786e+00 +3.2643e+00 -2.9924e+00 +9.9507e-01
274 +3.636332540e+05 +3.636332540e+05 +3.636613540e+05 +3.636613540e+05 -1.1376e+00 +2.2271e+00 -2.1603e+00 -5.1336e-01 -2.3784e+00 -3.4012e+00 -4.1885e-01 +3.3640e+00 -5.9634e-01 -1.7265e+00
443 +2.259354638e+05 +2.259354638e+05 +2.259635638e+05 +2.259635638e+05 -6.2589e-01 +2.5525e+00 -5.0000e+00 +9.4019e-01 -4.2252e+00 -2.9200e+00 +8.6363e-02 -4.0642e-01 -5.0000e+00 -1.8284e+00
524 +8.122093180e+04 +8.122093180e+04 +8.124903180e+04 +8.124903180e+04 +2.6950e+00 +1.1348e+00 -9.7265e-01 +1.0612e+00 -2.8379e+00 -3.1407e+00 -8.2964e-01 +3.3731e+00 -3.0827e+00 -2.9175e-01
1324 +5.511328938e+04 +5.511328938e+04 +5.514138938e+04 +5.514138938e+04 +3.2481e+00 -3.4075e-01 -7.5751e-01 +2.1123e+00 -1.0245e+00 -3.5290e+00 -3.3576e-01 +2.6796e+00 -3.7675e+00 +9.3454e-02
1501 +3.955569514e+04 +3.955569514e+04 +3.958379514e+04 +3.958379514e+04 -1.4415e+00 +3.7254e-01 -2.0032e+00 +1.6912e+00 -3.8380e+00 -4.2408e+00 -2.9990e+00 +2.0158e+00 -4.7072e+00 +1.9341e-01
1528 +2.252979415e+04 +2.252979415e+04 +2.255789415e+04 +2.255789415e+04 +3.3116e+00 +9.6528e-01 -7.5508e-01 +1.0614e+00 -8.7219e-01 -3.6026e+00 +1.7653e+00 +2.8704e+00 -3.4117e+00 -6.4159e-02
2473 +9.480088619e+03 +9.480088619e+03 +9.508188619e+03 +9.508188619e+03 +3.8591e+00 +1.4375e+00 -9.4921e-01 +8.7329e-01 -7.8694e-01 -3.6572e+00 +4.0730e+00 +2.5364e+00 -4.3750e+00 -5.7872e-01
3423 +6.255989840e+03 +6.255989840e+03 +6.284089840e+03 +6.284089840e+03 +2.8476e+00 +1.2751e+00 -5.8173e-01 +8.5724e-01 -1.0086e+00 -3.9449e+00 +1.9803e+00 +2.4608e+00 -3.0957e+00 +2.1708e-01
