% function evaluation | noise-free fitness - Fopt (-2.098800000000e+02) | best noise-free fitness - Fopt | measured fitness | best measured fitness | x1 | x2...
1 +4.003184809e+06 +4.003184809e+06 +4.002974929e+06 +4.002974929e+06 -7.5754e-01 +3.9785e+00 +1.4752e+00 +2.8574e+00 +3.5112e+00 +3.1189e-01 +2.8626e+00 -2.9278e+00 +2.7293e+00 +1.8298e+00
8 +1.867094557e+06 +1.867094557e+06 +1.866884677e+06 +1.866884677e+06 -2.4788e+00 +2.3574e+00 -2.7652e+00 -2.5684e+00 +3.2118e+00 -3.2507e-01 +3.7980e+00 +5.1968e-01 -1.9277e+00 +3.7812e+00
17 +1.129278923e+06 +1.129278923e+06 +1.129069043e+06 +1.129069043e+06 +2.9701e-01 +1.5115e+00 -1.9163e+00 +1.4613e+00 +4.3545e+00 +1.9337e+00 -4.1081e+00 +2.2473e+00 -1.6914e+00 +3.1909e+00
22 +8.610546579e+05 +8.610546579e+05 +8.608447779e+05 +8.608447779e+05 -3.3700e-01 -3.3426e+00 -1.1866e+00 -4.4851e+00 +3.5463e+00 +4.4926e+00 -5.3882e-01 -4.0423e+00 -6.7836e-01 +2.5134e+00
27 +1.419592585e+05 +1.419592585e+05 +1.417493785e+05 +1.417493785e+05 -2.3642e+00 -7.7919e-01 -4.9456e+00 +3.3800e-02 -4.9501e+00 +3.9315e+00 +2.8617e+00 -7.4309e-01 -1.7960e+00 +2.4928e+00
787 +9.654541779e+04 +9.654541779e+04 +9.633553779e+04 +9.633553779e+04 -2.9404e+00 +2.8048e-01 -4.9856e+00 +2.2060e+00 -4.9573e+00 +4.6001e+00 +4.3059e+00 +8.3922e-02 -8.1529e-01 +2.6957e+00
874 +6.119704340e+04 +6.119704340e+04 +6.098716340e+04 +6.098716340e+04 -2.8402e+00 -4.7439e-01 -4.9989e+00 +3.1981e+00 -5.0000e+00 +4.7821e+00 +3.7717e+00 -4.3015e-01 -1.0001e+00 +2.5635e+00
2157 +3.384582177e+04 +3.384582177e+04 +3.363594177e+04 +3.363594177e+04 -1.3550e+00 +3.2105e+00 -2.5476e+00 +2.4223e+00 -4.7955e+00 +4.1636e+00 +3.3066e+00 +4.8459e-03 -1.1085e+00 +2.6362e+00
2458 +2.495787010e+04 +2.495787010e+04 +2.474799010e+04 +2.474799010e+04 -1.1804e+00 +1.3201e+00 -1.3609e+00 -3.3258e-01 -4.4524e+00 +2.2310e+00 +2.9486e+00 +1.6473e-02 -1.1546e+00 +2.5672e+00
2912 +1.490123577e+04 +1.490123577e+04 +1.469135577e+04 +1.469135577e+04 -3.1761e+00 +4.0785e-01 -2.9802e+00 -3.6277e-01 -1.9307e+00 +2.3497e+00 +2.8120e+00 -8.4166e-02 -9.6544e-01 +2.6164e+00
3073 +9.878959487e+03 +9.878959487e+03 +9.669079487e+03 +9.669079487e+03 -1.3308e+00 +1.7770e+00 -2.9959e+00 +1.0999e+00 -8.7864e-01 +2.2657e+00 +2.3661e+00 +1.7850e-02 -1.1891e+00 +2.6636e+00
3234 +4.356380803e+03 +4.356380803e+03 +4.146500803e+03 +4.146500803e+03 -2.0760e+00 +1.9731e+00 -3.0984e+00 +1.4104e+00 +2.1856e-01 +2.6582e+00 +2.2400e+00 +4.1626e-02 -1.0881e+00 +2.6408e+00
3437 +3.893998970e+03 +3.893998970e+03 +3.684118970e+03 +3.684118970e+03 -1.5855e+00 +2.2166e+00 -2.9515e+00 +1.7823e+00 +1.0769e+00 +2.7492e+00 +2.7336e+00 +8.7516e-03 -1.1079e+00 +2.5762e+00
3497 +2.275237856e+03 +2.275237856e+03 +2.065357856e+03 +2.065357856e+03 -1.6406e+00 +1.9372e+00 -2.6032e+00 +1.5759e+00 +1.1626e+00 +2.8571e+00 +2.2181e+00 +3.8709e-02 -1.1236e+00 +2.5844e+00
3834 +1.480267216e+03 +1.480267216e+03 +1.270387216e+03 +1.270387216e+03 -1.4964e+00 +1.7117e+00 -2.0892e+00 +2.2396e+00 +1.2811e+00 +2.9429e+00 +2.3545e+00 -4.2005e-02 -1.1146e+00 +2.5831e+00
4054 +8.743556160e+02 +8.743556160e+02 +6.644756160e+02 +6.644756160e+02 -1.5084e+00 +1.8157e+00 -1.6948e+00 +1.8635e+00 +1.7305e+00 +3.0137e+00 +2.3021e+00 -9.0310e-02 -1.0990e+00 +2.6056e+00
4940 +6.248517621e+02 +6.248517621e+02 +4.149717621e+02 +4.149717621e+02 -1.5462e+00 +2.0212e+00 -1.7987e+00 +1.9564e+00 +1.9039e+00 +2.6571e+00 +2.3295e+00 -9.0626e-02 -1.1106e+00 +2.6028e+00
% function evaluation | noise-free fitness - Fopt (-9.209000000000e+01) | best noise-free fitness - Fopt | measured fitness | best measured fitness | x1 | x2...
1 +6.167542218e+05 +6.167542218e+05 +6.166621318e+05 +6.166621318e+05 +3.6555e+00 +7.3351e-01 +3.2607e+00 +9.5427e-01 +1.7792e+00 -1.8812e+00 +1.4609e+00 +1.0293e+00 -1.0800e+00 +1.7289e+00
126 +1.601432123e+05 +1.601432123e+05 +1.600511223e+05 +1.600511223e+05 +4.1828e+00 +1.5179e-01 -3.1566e+00 +4.6430e+00 -2.5387e+00 -3.8537e-02 +4.5796e-01 +1.5179e+00 +1.1430e+00 +1.6563e+00
604 +1.291979900e+05 +1.291979900e+05 +1.291059000e+05 +1.291059000e+05 +4.2585e+00 +1.6358e+00 -1.7588e+00 +4.6959e+00 -3.5460e+00 -7.6455e-02 +2.0865e+00 +6.9219e-01 +6.5530e-01 +1.5129e+00
725 +6.132178811e+04 +6.132178811e+04 +6.122969811e+04 +6.122969811e+04 +4.0739e+00 -1.5165e+00 -2.6181e+00 +4.3023e+00 -1.8571e+00 -3.0986e+00 +3.0396e-01 +1.3818e+00 +6.9078e-01 +1.5129e+00
1507 +3.078555008e+04 +3.078555008e+04 +3.069346008e+04 +3.069346008e+04 +2.3569e+00 +3.0301e-01 -4.6385e+00 +4.1720e+00 -4.5180e+00 -1.6074e+00 -2.4957e-01 +6.7545e-01 +3.7327e-01 +1.7115e+00
2124 +1.780241743e+04 +1.780241743e+04 +1.771032743e+04 +1.771032743e+04 +3.4809e+00 +1.9717e+00 -3.6275e+00 +4.9668e+00 -1.8535e+00 -2.7548e+00 +4.1608e-01 +7.0894e-01 +3.3015e-01 +1.6502e+00
2462 +1.340104428e+04 +1.340104428e+04 +1.330895428e+04 +1.330895428e+04 +3.0612e+00 +1.9908e+00 -3.5076e+00 +4.4170e+00 -3.2396e+00 -3.6199e+00 +3.8245e-01 +7.6302e-01 +4.0029e-01 +1.7127e+00
3056 +8.171321200e+03 +8.171321200e+03 +8.079231200e+03 +8.079231200e+03 +3.5891e+00 +1.5509e+00 -3.5528e+00 +4.1693e+00 -1.5076e+00 -3.8707e+00 +2.1724e-01 +8.4445e-01 +3.5355e-01 +1.6636e+00
3213 +6.180329799e+03 +6.180329799e+03 +6.088239799e+03 +6.088239799e+03 +3.7648e+00 +1.3866e+00 -3.2202e+00 +4.2285e+00 -1.3314e+00 -3.9969e+00 +1.1423e-01 +8.7865e-01 +4.2493e-01 +1.6609e+00
4290 +3.943762344e+03 +3.943762344e+03 +3.851672344e+03 +3.851672344e+03 +3.4637e+00 +2.0602e+00 -4.0831e+00 +4.0772e+00 +5.8000e-02 -3.8359e+00 +4.8172e-02 +9.8736e-01 +4.3207e-01 +1.6838e+00
% function evaluation | noise-free fitness - Fopt (-8.789000000000e+01) | best noise-free fitness - Fopt | measured fitness | best measured fitness | x1 | x2...
1 +5.046618373e+06 +5.046618373e+06 +5.046530483e+06 +5.046530483e+06 +7.7870e-01 +1.0236e+00 -1.7017e+00 -1.9264e+00 +3.4284e+00 +2.9519e+00 +1.9190e+00 +4.3570e+00 +1.5782e+00 +4.3365e+00
2 +2.198770210e+06 +2.198770210e+06 +2.198682320e+06 +2.198682320e+06 +4.2954e+00 +3.6965e+00 +4.2484e+00 -4.4984e+00 +2.1890e+00 -1.0935e+00 +4.3536e+00 -1.1112e-01 -5.7101e-01 +4.3110e+00
5 +7.650296869e+05 +7.650296869e+05 +7.649417969e+05 +7.649417969e+05 +3.6165e+00 +8.6296e-01 +3.1156e+00 -4.5380e+00 +3.1000e+00 -3.2201e+00 +4.4682e+00 +6.1283e-01 -1.8539e+00 +3.4162e+00
90 +6.115585976e+05 +6.115585976e+05 +6.114707076e+05 +6.114707076e+05 +4.8021e+00 +1.2522e+00 -3.4023e+00 +3.7640e+00 -2.2327e-01 +2.4045e+00 -1.9155e+00 +1.0203e+00 -3.5473e+00 +2.7918e+00
187 +2.068573638e+05 +2.068573638e+05 +2.067694738e+05 +2.067694738e+05 +1.7994e+00 +2.8881e+00 +4.0368e+00 +1.8024e+00 +1.9045e+00 -2.7584e+00 -4.3381e+00 +1.5830e+00 -2.5106e+00 +3.8548e+00
316 +1.390095346e+05 +1.390095346e+05 +1.389216446e+05 +1.389216446e+05 +4.3596e+00 -1.5795e+00 +3.2924e+00 -5.5354e-01 -1.9740e+00 -3.9550e-01 -2.9102e+00 +1.2412e+00 -1.8369e+00 +3.2708e+00
765 +4.934423560e+04 +4.934423560e+04 +4.925634560e+04 +4.925634560e+04 +4.5461e+00 -3.1114e-01 +3.5873e+00 -8.6215e-01 +1.5786e+00 -1.4386e+00 -2.7899e+00 +1.1746e+00 -2.2683e+00 +3.5606e+00
818 +3.907987387e+04 +3.907987387e+04 +3.899198387e+04 +3.899198387e+04 +4.1760e+00 -1.5072e+00 +1.8403e+00 -1.2663e+00 -2.8580e+00 -2.1178e+00 -3.3781e+00 +7.6252e-01 -2.6554e+00 +3.3283e+00
1029 +1.769177727e+04 +1.769177727e+04 +1.760388727e+04 +1.760388727e+04 +5.0000e+00 -1.5062e+00 -1.0069e+00 +2.5822e+00 +9.0642e-02 -1.0215e+00 -3.9044e+00 +1.6614e+00 -2.5559e+00 +3.4318e+00
1402 +1.579778947e+04 +1.579778947e+04 +1.570989947e+04 +1.570989947e+04 +4.9985e+00 -1.1950e+00 +1.2490e-01 +8.2892e-01 +9.5268e-02 -1.0511e+00 -3.4527e+00 +1.6591e+00 -2.3815e+00 +3.4331e+00
2419 +9.970048568e+03 +9.970048568e+03 +9.882158568e+03 +9.882158568e+03 +4.9327e+00 +1.9429e+00 +1.1977e+00 +8.9741e-01 -2.3133e-01 -1.0276e+00 -2.7049e+00 +1.3250e+00 -2.5737e+00 +3.4798e+00
2623 +6.269810374e+03 +6.269810374e+03 +6.181920374e+03 +6.181920374e+03 +4.7062e+00 -1.1443e+00 +4.5038e-01 +1.3825e+00 -7.9060e-01 -9.5042e-01 -3.0048e+00 +1.3576e+00 -2.5711e+00 +3.4684e+00
3041 +3.971983252e+03 +3.971983252e+03 +3.884093252e+03 +3.884093252e+03 +4.6225e+00 -1.1549e+00 +1.0738e+00 +1.3820e+00 -9.9625e-01 -9.7048e-01 -3.0709e+00 +1.4138e+00 -2.5501e+00 +3.4359e+00
3602 +2.478897441e+03 +2.478897441e+03 +2.391007441e+03 +2.391007441e+03 +4.6594e+00 -1.2026e+00 +1.5926e+00 +2.0213e+00 -2.5830e+00 -3.3670e-01 -3.0848e+00 +1.4383e+00 -2.5610e+00 +3.4380e+00
3818 +1.414634086e+03 +1.414634086e+03 +1.326744086e+03 +1.326744086e+03 +4.6025e+00 -1.1728e+00 +1.1294e+00 +4.4180e-02 -2.5499e+00 -8.8596e-01 -2.8606e+00 +1.5332e+00 -2.5257e+00 +3.4182e+00
4003 +6.264652403e+02 +6.264652403e+02 +5.385752403e+02 +5.385752403e+02 +4.6453e+00 -1.1683e+00 +1.3536e+00 -4.5171e-01 -2.6654e+00 -8.8413e-01 -2.9307e+00 +1.4727e+00 -2.5429e+00 +3.4233e+00
4412 +3.604399130e+02 +3.604399130e+02 +2.725499130e+02 +2.725499130e+02 +4.6729e+00 -1.1459e+00 +1.2037e+00 -1.0438e+00 -2.9722e+00 -7.7075e-01 -3.0096e+00 +1.4737e+00 -2.5526e+00 +3.4265e+00
4605 +2.467153377e+02 +2.467153377e+02 +1.588253377e+02 +1.588253377e+02 +4.6748e+00 -1.1529e+00 +1.3253e+00 -2.0454e+00 -2.6988e+00 -6.9328e-01 -2.9230e+00 +1.4863e+00 -2.5481e+00 +3.4338e+00
4852 +1.471004360e+02 +1.471004360e+02 +5.921043601e+01 +5.921043601e+01 +4.6806e+00 -1.0419e+00 +1.3506e+00 -2.1594e+00 -2.9902e+00 -6.5885e-01 -2.9288e+00 +1.4813e+00 -2.5461e+00 +3.4297e+00
% function evaluation | noise-free fitness - Fopt (3.201900000000e+02) | best noise-free fitness - Fopt | measured fitness | best measured fitness | x1 | x2...
1 +2.044754797e+07 +2.044754797e+07 +2.044786816e+07 +2.044786816e+07 -3.1692e+00 +1.7384e+00 -4.4792e+00 +3.4048e+00 +3.5321e+00 -3.9024e+00 +2.0860e+00 -1.4078e+00 -6.5779e-01 +4.1092e+00
2 +1.431137043e+07 +1.431137043e+07 +1.431169062e+07 +1.431169062e+07 -3.1798e+00 -1.7676e+00 +2.5145e+00 -3.1211e+00 -9.7259e-01 -4.7677e+00 +1.5527e+00 +2.0741e+00 +1.3824e+00 +2.6885e+00
4 +6.392317056e+06 +6.392317056e+06 +6.392637246e+06 +6.392637246e+06 +1.4385e+00 +1.3865e+00 +3.1608e+00 +3.2423e+00 -3.0448e-01 -5.3753e-01 -4.5301e+00 +2.5206e+00 +1.2270e+00 -4.1546e-01
8 +5.843425942e+05 +5.843425942e+05 +5.846627842e+05 +5.846627842e+05 +4.9147e+00 +7.1526e-01 -3.3021e+00 -1.9691e+00 -1.5272e+00 -3.2335e+00 -3.4563e+00 -1.3504e+00 -4.3891e+00 -3.3422e-01
73 +6.222989235e+04 +6.222989235e+04 +6.255008235e+04 +6.255008235e+04 -2.5604e+00 -3.3400e+00 -3.0550e+00 +3.8766e+00 -2.5865e+00 +3.4358e+00 +2.5656e+00 -8.3730e-01 -3.8605e+00 -2.6003e-01
890 +2.921236181e+04 +2.921236181e+04 +2.953255181e+04 +2.953255181e+04 -3.2759e+00 -2.0362e+00 -1.8463e+00 +2.2094e+00 -4.9290e+00 +3.1816e+00 +2.0938e+00 -1.9510e+00 -3.3799e+00 -8.4900e-02
1283 +1.694271799e+04 +1.694271799e+04 +1.726290799e+04 +1.726290799e+04 -2.6700e+00 -3.4666e-01 -3.0316e+00 +2.6958e+00 -2.2984e+00 +3.0006e+00 +3.1967e+00 -1.6560e+00 -3.4598e+00 -9.3872e-02
1719 +1.531023947e+04 +1.531023947e+04 +1.563042947e+04 +1.563042947e+04 -4.6159e+00 +2.0734e+00 -3.5104e+00 +3.5849e+00 -2.1235e+00 +2.9631e+00 +3.1855e+00 -1.8468e+00 -3.7649e+00 -1.2475e-01
1814 +9.301716383e+03 +9.301716383e+03 +9.621906383e+03 +9.621906383e+03 -2.5248e+00 +3.6179e-01 -4.3379e+00 +3.7453e+00 -4.2049e-01 +3.2550e+00 +2.5147e+00 -1.7281e+00 -3.5827e+00 -1.4357e-01
3021 +6.179187694e+03 +6.179187694e+03 +6.499377694e+03 +6.499377694e+03 -3.1786e+00 -8.5634e-01 -2.2331e+00 +2.2760e+00 -2.2059e+00 +4.1182e+00 +2.5706e+00 -1.7668e+00 -3.5123e+00 -2.0297e-01
3124 +3.261899098e+03 +3.261899098e+03 +3.582089098e+03 +3.582089098e+03 -3.7301e+00 -5.1766e-01 -3.2623e+00 +1.6987e+00 -2.3548e+00 +4.0264e+00 +2.8894e+00 -1.7418e+00 -3.6233e+00 -1.9633e-01
3588 +2.190969705e+03 +2.190969705e+03 +2.511159705e+03 +2.511159705e+03 -3.6503e+00 -7.6107e-01 -3.4341e+00 +1.1732e+00 -2.3292e+00 +3.8352e+00 +2.8029e+00 -1.7331e+00 -3.6036e+00 -1.7171e-01
3820 +1.469520911e+03 +1.469520911e+03 +1.789710911e+03 +1.789710911e+03 -3.6811e+00 -8.1242e-01 -3.3727e+00 +5.6794e-01 -2.5763e+00 +3.8228e+00 +2.8020e+00 -1.7458e+00 -3.6180e+00 -1.8212e-01
4206 +9.237310472e+02 +9.237310472e+02 +1.243921047e+03 +1.243921047e+03 -3.6712e+00 -9.4206e-01 -3.5020e+00 -1.1416e-01 -2.9566e+00 +3.6725e+00 +2.7656e+00 -1.7500e+00 -3.6085e+00 -1.7836e-01
4820 +6.210475876e+02 +6.210475876e+02 +9.412375876e+02 +9.412375876e+02 -3.5775e+00 -1.0424e+00 -3.5628e+00 -5.7641e-01 -3.2973e+00 +3.5869e+00 +2.7776e+00 -1.7709e+00 -3.6048e+00 -1.8176e-01
% function evaluation | noise-free fitness - Fopt (-1.042400000000e+02) | best noise-free fitness - Fopt | measured fitness | best measured fitness | x1 | x2...
1 +1.633443599e+07 +1.633443599e+07 +1.633433175e+07 +1.633433175e+07 -3.3268e+00 -4.8434e+00 +1.2075e+00 +3.4119e+00 -3.9940e+00 +3.2016e+00 +1.9189e+00 +3.8805e+00 -2.3200e+00 +3.4794e-01
2 +7.216806156e+06 +7.216806156e+06 +7.216701916e+06 +7.216701916e+06 +7.7825e-01 +6.2503e-01 -3.9783e+00 +4.1804e+00 -4.6493e+00 +3.1023e+00 -2.8477e+00 -8.2025e-01 +3.6055e+00 -7.0681e-01
10 +2.314423151e+06 +2.314423151e+06 +2.314318911e+06 +2.314318911e+06 -3.3768e+00 -2.4122e+00 +5.4396e-01 +2.5838e+00 -3.0588e+00 +3.7020e+00 +1.9432e+00 +6.2872e-01 +4.7001e+00 -1.9236e+00
28 +2.885769291e+05 +2.885769291e+05 +2.884726891e+05 +2.884726891e+05 +5.1516e-01 +3.5948e+00 -2.2388e+00 -3.0415e+00 +1.5594e+00 -3.2530e+00 +8.4858e-01 +2.1976e+00 +2.8548e+00 -3.3820e+00
84 +9.958245898e+04 +9.958245898e+04 +9.947821898e+04 +9.947821898e+04 -3.7588e+00 -3.7640e-01 +2.1202e+00 +2.2422e+00 -5.7814e-01 -4.3289e+00 +3.4028e+00 +2.4200e+00 +3.1574e+00 -3.1807e+00
506 +5.139148046e+04 +5.139148046e+04 +5.128724046e+04 +5.128724046e+04 -1.0833e-01 +2.7357e+00 +2.2827e+00 +5.0000e+00 -4.0091e-01 -3.8717e+00 +7.6881e-01 +3.1418e+00 +2.8664e+00 -2.9940e+00
1366 +3.381760830e+04 +3.381760830e+04 +3.371336830e+04 +3.371336830e+04 +3.6646e+00 +3.7022e+00 +1.3400e-01 -8.1012e-02 +4.4928e+00 -3.7020e+00 +4.2674e+00 +3.3341e+00 +2.8984e+00 -2.9485e+00
1902 +1.460104377e+04 +1.460104377e+04 +1.449680377e+04 +1.449680377e+04 +1.3142e+00 +2.7009e+00 +5.3781e-01 +4.5230e-01 +3.9866e+00 -3.2984e+00 +2.9630e+00 +3.2195e+00 +3.1075e+00 -2.9851e+00
2239 +8.601102733e+03 +8.601102733e+03 +8.496862733e+03 +8.496862733e+03 +8.4280e-01 +2.7983e+00 +2.6955e-01 +4.3139e-01 +1.3161e+00 -3.2193e+00 +2.2387e+00 +3.6707e+00 +2.9726e+00 -2.9550e+00
2639 +2.210632812e+03 +2.210632812e+03 +2.106392812e+03 +2.106392812e+03 +7.1745e-01 +2.7031e+00 -3.1966e-02 +6.4936e-01 -1.6282e-01 -3.3007e+00 +2.6766e+00 +3.5170e+00 +2.9830e+00 -3.0230e+00
3209 +7.207024601e+02 +7.207024601e+02 +6.164624601e+02 +6.164624601e+02 +2.3847e-01 +2.6340e+00 +1.2306e+00 -9.8358e-02 -4.2091e-01 -3.7858e+00 +2.9101e+00 +3.4676e+00 +2.9637e+00 -2.9772e+00
3547 +5.462036020e+02 +5.462036020e+02 +4.419636020e+02 +4.419636020e+02 +4.1423e-01 +2.6356e+00 +2.1877e+00 -4.5641e-01 +3.4735e-01 -3.7721e+00 +2.7471e+00 +3.4972e+00 +2.9780e+00 -2.9915e+00
3822 +3.927939769e+02 +3.927939769e+02 +2.885539769e+02 +2.885539769e+02 +3.7855e-02 +2.2529e+00 +3.0398e+00 -3.4801e-01 -1.2994e-01 -3.8916e+00 +2.7663e+00 +3.4420e+00 +2.9536e+00 -2.9967e+00
4309 +2.504226942e+02 +2.504226942e+02 +1.461826942e+02 +1.461826942e+02 -1.9204e-01 +2.6697e+00 +1.7817e+00 -2.1925e-01 -1.0114e-01 -3.6879e+00 +2.8079e+00 +3.4344e+00 +2.9578e+00 -2.9913e+00
% function evaluation | noise-free fitness - Fopt (-3.570000000000e+01) | best noise-free fitness - Fopt | measured fitness | best measured fitness | x1 | x2...
1 +1.062337987e+06 +1.062337987e+06 +1.062302287e+06 +1.062302287e+06 +1.8721e+00 -2.3447e+00 +4.5754e+00 +2.2253e-01 -7.8647e-01 +2.5905e+00 -4.9773e+00 -1.8327e+00 -7.3972e-01 +1.5706e+00
6 +9.034503688e+05 +9.034503688e+05 +9.034146688e+05 +9.034146688e+05 +7.8639e-01 -4.0873e+00 +5.0466e-01 -4.2705e+00 -4.9184e+00 -3.3883e-01 +3.7439e+00 -3.2961e+00 +1.1884e+00 +1.9168e+00
46 +4.860925738e+05 +4.860925738e+05 +4.860568738e+05 +4.860568738e+05 +1.8808e+00 +9.3463e-01 -3.7051e+00 -2.9783e+00 +1.4931e+00 +4.0155e+00 -2.7623e+00 -1.3150e+00 +5.7760e-02 +2.1939e+00
128 +3.356086751e+05 +3.356086751e+05 +3.355729751e+05 +3.355729751e+05 -2.0930e+00 +2.2322e+00 +3.8476e+00 -3.4516e+00 +4.1358e+00 -2.7192e+00 +9.8270e-01 +5.9457e-01 -1.3494e+00 +2.1469e+00
450 +2.386616631e+05 +2.386616631e+05 +2.386259631e+05 +2.386259631e+05 -1.7539e+00 +2.8164e+00 +2.5395e+00 -2.9560e+00 +5.0000e+00 -9.7895e-01 -8.8024e-01 -4.5281e-01 -9.3918e-01 +2.3222e+00
605 +1.397714424e+05 +1.397714424e+05 +1.397357424e+05 +1.397357424e+05 -2.9549e-01 +7.4836e-01 +1.0440e+00 -2.8423e+00 +3.9889e+00 -5.0000e+00 +4.7213e+00 -2.8904e-01 +0.0000e+00 +2.2937e+00
906 +5.499101595e+04 +5.499101595e+04 +5.495531595e+04 +5.495531595e+04 -2.4688e+00 +1.9364e-01 -2.4822e+00 -3.5837e+00 +3.5731e+00 -2.1155e+00 +1.6571e+00 -1.1651e+00 -5.5465e-01 +2.2139e+00
2226 +3.109407955e+04 +3.109407955e+04 +3.105837955e+04 +3.105837955e+04 -4.6558e+00 +1.0250e+00 -9.0684e-01 -5.0000e+00 +7.8146e-01 -5.0000e+00 +3.2053e+00 -1.0043e+00 -4.2797e-01 +2.3131e+00
2408 +2.258293305e+04 +2.258293305e+04 +2.254723305e+04 +2.254723305e+04 -2.9622e+00 +3.9792e-01 -2.1340e+00 -4.9879e+00 +7.8165e-01 -4.2159e+00 +3.0420e+00 -8.1395e-01 -5.4262e-01 +2.2100e+00
2912 +1.319022031e+04 +1.319022031e+04 +1.315452031e+04 +1.315452031e+04 -4.1492e+00 -3.5893e-01 -2.0428e+00 -5.0000e+00 -2.8247e+00 -3.8468e+00 +3.0407e+00 -6.0728e-01 -5.2231e-01 +2.2226e+00
2916 +9.008003010e+03 +9.008003010e+03 +8.972303010e+03 +8.972303010e+03 -1.9586e+00 -5.7576e-01 -4.0423e-01 -3.0807e+00 -2.9995e+00 -3.8138e+00 +2.3689e+00 -8.4213e-01 -5.2989e-01 +2.1947e+00
3246 +4.301294997e+03 +4.301294997e+03 +4.265594997e+03 +4.265594997e+03 -1.5878e+00 -2.8593e-01 +2.2487e-01 -2.2906e+00 -4.9503e+00 -3.6803e+00 +2.5968e+00 -9.3674e-01 -4.0073e-01 +2.2394e+00
3586 +3.775353473e+03 +3.775353473e+03 +3.739653473e+03 +3.739653473e+03 -2.3443e+00 -3.3939e-01 +2.7461e-01 -2.0933e+00 -2.8401e+00 -3.5830e+00 +2.5983e+00 -8.3405e-01 -3.9023e-01 +2.2381e+00
3833 +2.263716122e+03 +2.263716122e+03 +2.228016122e+03 +2.228016122e+03 -2.9433e+00 -3.1576e-01 +4.7711e-01 -1.1948e+00 -3.5887e+00 -3.6427e+00 +2.5934e+00 -8.3329e-01 -4.2758e-01 +2.2313e+00
4357 +1.476055173e+03 +1.476055173e+03 +1.440355173e+03 +1.440355173e+03 -2.2215e+00 -6.1530e-01 +5.6801e-01 -2.7297e-01 -4.3542e+00 -3.6041e+00 +2.5794e+00 -8.2237e-01 -4.3682e-01 +2.2484e+00
4612 +9.473101445e+02 +9.473101445e+02 +9.116101445e+02 +9.116101445e+02 -4.3327e-01 -6.2227e-01 +8.2512e-01 +7.2887e-01 -4.2415e+00 -3.5594e+00 +2.5850e+00 -8.2639e-01 -4.3196e-01 +2.2562e+00
4851 +5.861253118e+02 +5.861253118e+02 +5.504253118e+02 +5.504253118e+02 -1.1897e+00 -5.1911e-01 +1.0605e+00 +1.4113e+00 -3.9830e+00 -3.5602e+00 +2.6098e+00 -8.3145e-01 -4.4826e-01 +2.2530e+00
% function evaluation | noise-free fitness - Fopt (2.070000000000e+01) | best noise-free fitness - Fopt | measured fitness | best measured fitness | x1 | x2...
1 +1.633504966e+07 +1.633504966e+07 +1.633507036e+07 +1.633507036e+07 -4.1406e+00 -1.9768e-01 -2.7590e-01 -3.7047e+00 +1.2607e-01 -5.3101e-01 -2.5875e+00 -2.8665e+00 +4.5854e+00 -4.3884e+00
2 +1.137660398e+07 +1.137660398e+07 +1.137662468e+07 +1.137662468e+07 +1.3727e+00 +2.3045e+00 +2.4770e+00 -2.5094e+00 +2.5465e+00 -6.9114e-01 -4.9053e+00 -4.6766e+00 +2.4156e+00 +2.5288e+00
3 +3.234607708e+06 +3.234607708e+06 +3.234628408e+06 +3.234628408e+06 +4.3193e+00 +3.6986e+00 +1.7593e+00 +9.3903e-01 -1.3852e+00 -1.5679e+00 -3.3104e+00 -2.1918e+00 +1.6914e+00 -2.0237e+00
18 +1.484706176e+06 +1.484706176e+06 +1.484726876e+06 +1.484726876e+06 +1.1414e+00 -1.3677e+00 -8.3836e-01 +2.4808e+00 -3.3255e+00 -4.4454e+00 -2.1505e+00 -2.6037e+00 +1.8629e+00 +2.0087e-02
24 +6.515058259e+05 +6.515058259e+05 +6.515265259e+05 +6.515265259e+05 -6.7579e-03 -4.1519e+00 -2.5740e+00 -2.6999e+00 -9.7069e-01 +1.5478e+00 -1.2316e+00 +6.6692e-01 +1.8165e+00 +3.1580e-02
115 +4.428212322e+05 +4.428212322e+05 +4.428419322e+05 +4.428419322e+05 +6.9920e-01 -3.2191e+00 -2.6553e-01 +5.2988e-01 -4.0753e+00 +2.4006e+00 -3.5298e+00 +3.1948e+00 +2.3645e+00 -1.5826e-01
250 +9.139681232e+04 +9.139681232e+04 +9.141751232e+04 +9.141751232e+04 +4.3118e-01 +5.0000e+00 +1.6262e+00 +9.2869e-01 -5.0000e+00 +1.7467e+00 -2.0204e+00 +1.5306e+00 +2.5684e+00 -6.0519e-01
1764 +5.035598539e+04 +5.035598539e+04 +5.037668539e+04 +5.037668539e+04 -1.2626e+00 +2.5221e+00 +9.4556e-01 +2.0979e-01 -5.0000e+00 -1.9618e+00 -8.0535e-01 +1.6917e+00 +2.2746e+00 -4.8510e-01
2049 +3.335640321e+04 +3.335640321e+04 +3.337710321e+04 +3.337710321e+04 -1.1529e+00 -8.1760e-02 -2.6249e+00 +1.0988e+00 -3.4850e+00 -1.8795e+00 +1.4348e-02 +1.3850e+00 +2.3764e+00 -5.8248e-01
2544 +2.282231794e+04 +2.282231794e+04 +2.284301794e+04 +2.284301794e+04 -5.4409e-01 -4.6656e-01 -9.0761e-01 +3.1088e+00 -3.8804e+00 -2.4888e+00 -8.8584e-01 +1.7525e+00 +2.2879e+00 -6.5081e-01
3517 +1.538860921e+04 +1.538860921e+04 +1.540930921e+04 +1.540930921e+04 -5.1887e-01 +1.9266e+00 -1.7219e+00 +2.6315e+00 -2.8581e+00 -2.1882e+00 -5.5879e-01 +1.8617e+00 +2.3270e+00 -6.2795e-01
4001 +7.085292394e+03 +7.085292394e+03 +7.105992394e+03 +7.105992394e+03 -1.3234e+00 +2.6556e+00 -2.7152e+00 +3.0767e+00 -3.9472e-01 -2.3957e+00 -5.0242e-01 +1.8270e+00 +2.4740e+00 -6.3182e-01
4072 +5.173800581e+03 +5.173800581e+03 +5.194500581e+03 +5.194500581e+03 -1.3696e+00 +2.6752e+00 -2.5055e+00 +2.5402e+00 -6.2245e-02 -2.1070e+00 -5.2264e-01 +1.7518e+00 +2.3380e+00 -6.2467e-01
4237 +2.881917588e+03 +2.881917588e+03 +2.902617588e+03 +2.902617588e+03 -1.3012e+00 +2.6366e+00 -2.7226e+00 +2.4395e+00 +8.7891e-01 -2.0646e+00 -5.2519e-01 +1.7200e+00 +2.3819e+00 -6.4208e-01
4406 +2.068806338e+03 +2.068806338e+03 +2.089506338e+03 +2.089506338e+03 -2.5125e-01 +2.5134e+00 -2.3176e+00 +3.5973e+00 +1.4053e+00 -2.0710e+00 -5.4018e-01 +1.8162e+00 +2.3896e+00 -6.3288e-01
4417 +1.539822492e+03 +1.539822492e+03 +1.560522492e+03 +1.560522492e+03 +1.2457e-01 +2.6871e+00 -1.6972e+00 +2.9436e+00 +1.5723e+00 -2.1763e+00 -5.3226e-01 +1.8042e+00 +2.3905e+00 -6.3465e-01
4606 +5.805907335e+02 +5.805907335e+02 +6.012907335e+02 +6.012907335e+02 +9.0529e-01 +2.8523e+00 -1.8633e+00 +1.7945e+00 +2.2570e+00 -1.8849e+00 -6.0639e-01 +1.7726e+00 +2.3789e+00 -6.2774e-01
4620 +3.082589920e+02 +3.082589920e+02 +3.289589920e+02 +3.289589920e+02 +7.6022e-01 +2.5855e+00 -1.9104e+00 +1.4109e+00 +2.4543e+00 -2.1023e+00 -7.2907e-01 +1.7769e+00 +2.3865e+00 -6.3231e-01
4811 +2.251983514e+02 +2.251983514e+02 +2.458983514e+02 +2.458983514e+02 +1.1611e+00 +3.1136e+00 -1.8435e+00 +1.6336e+00 +2.6104e+00 -2.0775e+00 -7.2095e-01 +1.7959e+00 +2.3986e+00 -6.2963e-01
4839 +1.563223516e+02 +1.563223516e+02 +1.770223516e+02 +1.770223516e+02 +1.0829e+00 +2.6084e+00 -1.7934e+00 +1.2452e+00 +3.0038e+00 -2.1067e+00 -7.1627e-01 +1.8088e+00 +2.3856e+00 -6.2884e-01
% function evaluation | noise-free fitness - Fopt (3.807000000000e+01) | best noise-free fitness - Fopt | measured fitness | best measured fitness | x1 | x2...
1 +5.226189342e+07 +5.226189342e+07 +5.226193149e+07 +5.226193149e+07 -4.5703e+00 -6.3768e-03 -3.7394e+00 -3.2762e+00 +4.7920e-01 +1.9477e-01 +4.3604e+00 -4.2673e+00 +3.3167e+00 +2.9822e+00
2 +1.322621811e+07 +1.322621811e+07 +1.322625618e+07 +1.322625618e+07 +2.7765e+00 +1.5288e+00 -1.4420e+00 -7.9093e-01 +1.3268e+00 +2.9605e+00 +4.6014e-01 -1.7550e+00 +3.4876e+00 -7.6273e-01
3 +5.809816390e+06 +5.809816390e+06 +5.809854460e+06 +5.809854460e+06 +3.5109e+00 +7.3053e-01 -6.3754e-01 +2.9369e+00 -4.2841e+00 -3.7190e+00 -1.1732e+00 +9.4759e-01 -4.9900e+00 -2.5055e+00
6 +3.109519708e+06 +3.109519708e+06 +3.109557778e+06 +3.109557778e+06 -2.6353e+00 -4.9273e+00 -5.4582e-02 -4.2515e+00 -4.0237e+00 +4.9424e+00 -3.7445e+00 +1.7895e+00 +1.4364e-01 -4.6862e+00
9 +2.137466291e+06 +2.137466291e+06 +2.137504361e+06 +2.137504361e+06 +1.0043e+00 -2.5651e+00 -3.1112e+00 +4.4736e+00 +2.6428e+00 -2.8328e+00 +2.0053e+00 -2.9428e+00 -3.5873e+00 -4.6558e+00
37 +7.946830540e+05 +7.946830540e+05 +7.947211240e+05 +7.947211240e+05 -3.9817e+00 -1.2518e+00 -4.1075e+00 +2.9110e+00 -1.9093e-02 +2.9767e+00 -4.1628e-02 -9.3152e-01 -1.1221e+00 -4.3507e+00
60 +1.978313183e+05 +1.978313183e+05 +1.978693883e+05 +1.978693883e+05 +1.5499e+00 +6.7474e-01 -4.1002e-01 -1.2541e+00 +2.8192e-01 -9.0142e-01 -1.3947e+00 -3.3226e+00 -1.0060e+00 -3.9038e+00
489 +1.420005476e+05 +1.420005476e+05 +1.420386176e+05 +1.420386176e+05 -1.9198e+00 -3.1078e+00 -8.8041e-01 -4.7513e+00 +3.1106e+00 -1.6384e+00 +9.7770e-01 -2.6548e+00 -1.9017e+00 -3.7117e+00
813 +6.867679980e+04 +6.867679980e+04 +6.871486980e+04 +6.871486980e+04 -5.0000e+00 -3.7146e+00 +1.4276e-01 +3.2830e-01 +4.3459e+00 -3.4064e-01 +4.1476e+00 -2.6687e+00 -1.3799e+00 -3.6592e+00
1142 +6.158009973e+04 +6.158009973e+04 +6.161816973e+04 +6.161816973e+04 -1.6103e+00 -5.0000e+00 -2.2437e+00 -9.3109e-01 +1.0306e+00 +5.0065e-01 +3.8239e+00 -3.2519e+00 -8.0305e-01 -3.6604e+00
1515 +3.781231546e+04 +3.781231546e+04 +3.785038546e+04 +3.785038546e+04 +6.1644e-02 +2.0383e-01 -7.5920e-01 +2.3201e+00 +1.9565e-02 +5.3484e-01 +3.7296e+00 -3.4079e+00 -1.0550e+00 -3.6127e+00
1803 +1.368317500e+04 +1.368317500e+04 +1.372124500e+04 +1.372124500e+04 +3.8481e+00 -1.7143e+00 +2.6124e+00 +7.3033e-01 -1.2689e+00 -6.0876e-01 +2.7122e+00 -3.2933e+00 -1.2390e+00 -3.6662e+00
2613 +7.559101181e+03 +7.559101181e+03 +7.597171181e+03 +7.597171181e+03 +1.0985e+00 -1.2034e-01 +3.6312e+00 -5.9416e-02 +7.6339e-01 -7.8057e-01 +2.5582e+00 -3.5778e+00 -1.1710e+00 -3.7067e+00
2837 +6.253017319e+03 +6.253017319e+03 +6.291087319e+03 +6.291087319e+03 +2.2210e+00 +2.6596e+00 +4.3104e+00 +6.3762e-01 +2.3161e+00 -2.1870e+00 +2.4623e+00 -3.5666e+00 -1.2049e+00 -3.7091e+00
2973 +3.310779117e+03 +3.310779117e+03 +3.348849117e+03 +3.348849117e+03 +2.0607e+00 -1.6035e-01 +4.2088e+00 +1.6663e-01 +1.5270e+00 -1.3797e+00 +2.2663e+00 -3.3336e+00 -1.1233e+00 -3.6747e+00
3373 +2.269756070e+03 +2.269756070e+03 +2.307826070e+03 +2.307826070e+03 +1.9150e+00 +2.6537e-01 +4.3469e+00 +5.7354e-01 +1.8368e+00 -1.2090e+00 +2.3977e+00 -3.3298e+00 -1.2194e+00 -3.6713e+00
3617 +1.371436696e+03 +1.371436696e+03 +1.409506696e+03 +1.409506696e+03 +2.4218e+00 +3.2709e-01 +4.7635e+00 +8.4248e-01 +2.3486e+00 -1.4962e+00 +2.3751e+00 -3.3512e+00 -1.1944e+00 -3.6776e+00
3781 +8.933203191e+02 +8.933203191e+02 +9.313903191e+02 +9.313903191e+02 +2.7760e+00 -9.7905e-04 +2.9183e+00 +9.1640e-01 +2.3474e+00 -1.3553e+00 +2.1926e+00 -3.3833e+00 -1.1732e+00 -3.6830e+00
3879 +5.539600819e+02 +5.539600819e+02 +5.920300819e+02 +5.920300819e+02 +2.7022e+00 -8.7430e-03 +2.7567e+00 +9.4373e-01 +2.8443e+00 -1.3127e+00 +2.2068e+00 -3.4116e+00 -1.1806e+00 -3.6793e+00
4418 +3.924433294e+02 +3.924433294e+02 +4.305133294e+02 +4.305133294e+02 +2.7440e+00 +1.8899e-01 +2.1634e+00 +1.1289e+00 +3.1845e+00 -1.2879e+00 +2.2713e+00 -3.4100e+00 -1.1846e+00 -3.6745e+00
4988 +2.460660310e+02 +2.460660310e+02 +2.841360310e+02 +2.841360310e+02 +2.7376e+00 +1.1439e-01 +2.1695e+00 +1.6716e+00 +3.2067e+00 -1.2905e+00 +2.2019e+00 -3.4117e+00 -1.1903e+00 -3.6731e+00
% function evaluation | noise-free fitness - Fopt (-4.542000000000e+01) | best noise-free fitness - Fopt | measured fitness | best measured fitness | x1 | x2...
1 +3.118688504e+06 +3.118688504e+06 +3.118643084e+06 +3.118643084e+06 -3.2673e+00 +4.0630e+00 +4.9324e+00 -1.8312e+00 -4.0708e+00 +7.2387e-01 +2.8483e+00 +1.5671e+00 -2.5927e-01 -5.9448e-02
12 +4.324297967e+05 +4.324297967e+05 +4.323843767e+05 +4.323843767e+05 +1.7779e-01 -6.9849e-01 -3.4853e+00 -2.9700e+00 -9.1959e-04 +3.0128e+00 +1.5273e+00 +9.8442e-01 -2.3326e+00 -1.9123e+00
124 +2.885717719e+05 +2.885717719e+05 +2.885263519e+05 +2.885263519e+05 -4.6929e-01 +7.3691e-01 -1.5664e+00 -3.7469e+00 -4.9105e+00 +4.4866e+00 +1.3557e+00 +4.8309e+00 -1.9872e+00 -1.9710e+00
203 +9.120697360e+04 +9.120697360e+04 +9.116155360e+04 +9.116155360e+04 +3.8305e+00 +1.9976e+00 -1.6267e+00 +1.7151e+00 -8.0042e-01 +5.9689e-01 +8.8361e-01 +3.9460e+00 -2.0225e+00 -1.5270e+00
806 +2.292096759e+04 +2.292096759e+04 +2.287554759e+04 +2.287554759e+04 +0.0000e+00 +3.7027e+00 -1.6777e+00 +2.1243e+00 +7.0143e-01 +5.7215e-01 +3.6270e+00 +3.8018e+00 -1.9303e+00 -1.7395e+00
2259 +8.887505982e+03 +8.887505982e+03 +8.842085982e+03 +8.842085982e+03 +1.1825e-01 +3.6469e+00 -5.7237e-01 +2.1456e+00 +3.8658e+00 +6.9496e-01 +2.7066e+00 +3.7869e+00 -2.1712e+00 -1.6122e+00
2408 +2.504318415e+03 +2.504318415e+03 +2.458898415e+03 +2.458898415e+03 +3.3187e-01 +3.5392e+00 +4.1989e-01 +2.3350e+00 +3.1186e+00 +9.7249e-01 +3.0860e+00 +3.5776e+00 -2.1687e+00 -1.6443e+00
3214 +1.079970809e+03 +1.079970809e+03 +1.034550809e+03 +1.034550809e+03 -4.5808e-01 +4.2791e+00 -1.1154e+00 +2.3097e+00 +2.5464e+00 +1.2551e+00 +3.6282e+00 +3.5145e+00 -2.1605e+00 -1.6507e+00
3366 +7.620981883e+02 +7.620981883e+02 +7.166781883e+02 +7.166781883e+02 +9.9580e-02 +3.6805e+00 -1.4202e+00 +1.9649e+00 +1.5189e+00 +1.1000e+00 +3.4329e+00 +3.6353e+00 -2.1705e+00 -1.6267e+00
3407 +2.872087398e+02 +2.872087398e+02 +2.417887398e+02 +2.417887398e+02 -5.3098e-01 +3.9723e+00 -2.0616e+00 +1.9483e+00 +2.7724e+00 +1.0833e+00 +3.5076e+00 +3.6261e+00 -2.1713e+00 -1.6444e+00
3753 +2.218163013e+02 +2.218163013e+02 +1.763963013e+02 +1.763963013e+02 -2.5184e-01 +3.1556e+00 -2.3576e+00 +1.8620e+00 +2.6283e+00 +1.2235e+00 +3.4063e+00 +3.6250e+00 -2.1473e+00 -1.6402e+00
4205 +1.538623692e+02 +1.538623692e+02 +1.084423692e+02 +1.084423692e+02 -5.2362e-01 +3.7648e+00 -2.2290e+00 +1.8056e+00 +2.0198e+00 +1.1647e+00 +3.4806e+00 +3.6120e+00 -2.1629e+00 -1.6483e+00
4609 +9.787105467e+01 +9.787105467e+01 +5.245105467e+01 +5.245105467e+01 -5.7951e-01 +3.5684e+00 -2.3877e+00 +2.3467e+00 +2.3356e+00 +1.2614e+00 +3.4593e+00 +3.6316e+00 -2.1603e+00 -1.6466e+00
% function evaluation | noise-free fitness - Fopt (6.695000000000e+01) | best noise-free fitness - Fopt | measured fitness | best measured fitness | x1 | x2...
1 +1.196602601e+07 +1.196602601e+07 +1.196609296e+07 +1.196609296e+07 +3.5123e+00 -7.8402e-01 -4.8520e+00 -4.2636e+00 -2.8538e+00 -8.1287e-01 -2.7377e+00 -1.8916e+00 -4.2539e+00 -4.5255e+00
2 +2.127062697e+06 +2.127062697e+06 +2.127129647e+06 +2.127129647e+06 +3.5781e+00 +2.9904e-01 +2.6436e+00 +2.0388e-01 +2.7051e+00 +2.8440e+00 +4.2090e+00 +1.5417e+00 -4.5763e+00 -6.3749e-01
18 +1.053058195e+06 +1.053058195e+06 +1.053125145e+06 +1.053125145e+06 +5.5533e-01 -3.6803e-01 +4.9516e-02 -2.8534e+00 +3.4491e+00 -4.7654e+00 +1.9306e+00 +3.1336e+00 -3.4377e+00 -1.6529e+00
55 +5.294832024e+05 +5.294832024e+05 +5.295501524e+05 +5.295501524e+05 +2.8356e+00 +4.9345e+00 -2.1661e+00 +2.2846e+00 -1.0454e+00 -3.1176e+00 +5.7924e-01 +3.7328e+00 -2.6419e+00 -1.2433e+00
364 +3.651229533e+05 +3.651229533e+05 +3.651899033e+05 +3.651899033e+05 +5.0000e+00 +2.6555e+00 +2.1711e-01 +3.1134e+00 +1.1888e+00 -8.5734e-01 +3.5135e-01 +3.4315e+00 -2.1923e+00 -1.1714e+00
658 +1.709149169e+05 +1.709149169e+05 +1.709818669e+05 +1.709818669e+05 +0.0000e+00 +1.4826e+00 +5.0000e+00 +1.9317e+00 +1.1255e+00 -2.4846e-01 +8.1644e-01 +1.4317e+00 -1.4236e+00 -1.3801e+00
856 +1.412736118e+05 +1.412736118e+05 +1.413405618e+05 +1.413405618e+05 +2.1987e+00 +9.7645e-01 +3.4477e+00 +1.4590e+00 +0.0000e+00 -5.9412e-01 +2.2959e+00 +7.8903e-01 -1.7610e+00 -1.4133e+00
1567 +9.745604607e+04 +9.745604607e+04 +9.752299607e+04 +9.752299607e+04 +2.9807e+00 +1.8859e+00 +1.5029e+00 +1.5169e+00 +2.0735e-01 +2.0557e+00 +1.0141e+00 +1.8542e+00 -1.7959e+00 -1.3858e+00
1712 +3.232951880e+04 +3.232951880e+04 +3.239646880e+04 +3.239646880e+04 +3.0697e+00 -3.5881e-02 +1.4141e+00 +1.3895e+00 +5.1094e-01 +1.7461e+00 +3.4321e+00 +1.4117e+00 -1.8533e+00 -1.4407e+00
2322 +2.184314221e+04 +2.184314221e+04 +2.191009221e+04 +2.191009221e+04 +2.7698e+00 +9.7313e-01 +1.7411e+00 +1.7260e+00 +2.0144e-01 +1.4770e+00 +3.4236e+00 +1.7174e+00 -1.7114e+00 -1.3997e+00
2355 +9.844883785e+03 +9.844883785e+03 +9.911833785e+03 +9.911833785e+03 -1.0538e+00 +5.0842e-01 +1.6199e+00 +9.2868e-01 +9.4496e-01 +3.6821e+00 +3.3275e+00 +1.8525e+00 -1.6532e+00 -1.3933e+00
3017 +6.095201803e+03 +6.095201803e+03 +6.162151803e+03 +6.162151803e+03 -2.6342e-01 +5.2272e-01 +2.1922e+00 +4.4317e-01 +3.9119e-01 +4.1497e+00 +3.6677e+00 +1.9383e+00 -1.7679e+00 -1.3807e+00
3457 +3.235918898e+03 +3.235918898e+03 +3.302868898e+03 +3.302868898e+03 +1.8475e+00 +2.6978e-01 +3.0455e+00 -2.0468e+00 +1.6804e+00 +3.6647e+00 +3.8050e+00 +1.9664e+00 -1.7472e+00 -1.3646e+00
3767 +2.508827664e+03 +2.508827664e+03 +2.575777664e+03 +2.575777664e+03 -1.1019e+00 +5.8985e-01 +2.5583e+00 +4.0747e-01 +1.9227e+00 +3.6631e+00 +3.8028e+00 +1.8549e+00 -1.7568e+00 -1.3534e+00
4004 +8.779267148e+02 +8.779267148e+02 +9.448767148e+02 +9.448767148e+02 +2.7091e+00 +1.8774e-01 +2.8621e+00 -5.4383e-01 +3.1342e+00 +3.5938e+00 +3.8673e+00 +1.8510e+00 -1.7646e+00 -1.3637e+00
4406 +6.258164998e+02 +6.258164998e+02 +6.927664998e+02 +6.927664998e+02 +3.7124e-01 +2.8436e-01 +2.8054e+00 -1.7655e-01 +3.1846e+00 +3.5702e+00 +4.0381e+00 +1.8523e+00 -1.7494e+00 -1.3673e+00
4628 +3.595520720e+02 +3.595520720e+02 +4.265020720e+02 +4.265020720e+02 -1.2230e+00 +2.1761e-01 +2.3335e+00 -1.7003e-05 +3.4618e+00 +3.8374e+00 +3.9850e+00 +1.8562e+00 -1.7488e+00 -1.3691e+00
% function evaluation | noise-free fitness - Fopt (5.832000000000e+01) | best noise-free fitness - Fopt | measured fitness | best measured fitness | x1 | x2...
1 +7.587605781e+06 +7.587605781e+06 +7.587664101e+06 +7.587664101e+06 -4.1840e-01 -3.7764e+00 +1.7504e+00 -4.1282e+00 -9.4299e-01 -4.9219e+00 -2.0721e+00 +3.8979e+00 +3.0791e+00 -1.3483e+00
13 +3.082158181e+06 +3.082158181e+06 +3.082216501e+06 +3.082216501e+06 -3.6541e+00 -1.3897e+00 -2.5113e+00 -4.0155e+00 -9.7300e-01 +6.0730e-01 -3.4785e+00 +4.8859e-01 +9.8809e-01 -2.6949e+00
20 +2.369547156e+06 +2.369547156e+06 +2.369605476e+06 +2.369605476e+06 -1.8301e+00 -8.2686e-02 -2.4424e+00 +3.7487e+00 -3.6740e+00 -3.3183e+00 +2.7430e+00 -2.2720e+00 +4.5229e+00 -3.3543e+00
28 +1.501152136e+06 +1.501152136e+06 +1.501210456e+06 +1.501210456e+06 -1.8260e+00 +1.3811e-01 +4.9751e+00 +3.6383e+00 +1.7993e+00 +4.7967e+00 +2.3610e+00 +4.1779e-01 +6.4309e-01 -4.2487e+00
94 +5.753310018e+05 +5.753310018e+05 +5.753893218e+05 +5.753893218e+05 -3.8381e-01 +7.6770e-01 -3.5254e-01 -6.6758e-01 -1.8100e+00 +8.8727e-01 +3.4501e+00 +4.4287e+00 +1.5781e+00 -3.8297e+00
422 +3.834593468e+05 +3.834593468e+05 +3.835176668e+05 +3.835176668e+05 -4.4368e+00 -1.2018e+00 +5.0000e+00 +3.0487e+00 -1.6391e-01 +3.5611e+00 +1.3543e+00 +4.2221e+00 +3.6044e+00 -4.1328e+00
436 +2.318176278e+05 +2.318176278e+05 +2.318759478e+05 +2.318759478e+05 -3.6587e+00 -2.9013e+00 +8.5452e-01 -3.4785e+00 -2.7787e+00 -2.8064e+00 +3.3243e-02 +7.4469e-01 +2.6364e+00 -4.0240e+00
525 +9.054039305e+04 +9.054039305e+04 +9.059871305e+04 +9.059871305e+04 -3.3026e+00 -4.2600e-01 +0.0000e+00 -3.9894e+00 -1.8824e+00 -5.0000e+00 +1.3396e+00 +3.7239e+00 +2.8605e+00 -4.1663e+00
852 +3.586074245e+04 +3.586074245e+04 +3.591906245e+04 +3.591906245e+04 -5.0000e+00 +0.0000e+00 +9.2882e-01 +0.0000e+00 -5.0000e+00 -4.9425e+00 +1.2557e+00 +2.8649e+00 +2.8834e+00 -3.9316e+00
1506 +2.355783454e+04 +2.355783454e+04 +2.361615454e+04 +2.361615454e+04 -4.1134e+00 +3.3003e-01 -3.1599e-01 +1.3444e-01 -3.1305e+00 -3.2802e+00 +7.3025e-01 +3.3591e+00 +2.4898e+00 -3.9500e+00
2168 +1.464443295e+04 +1.464443295e+04 +1.470275295e+04 +1.470275295e+04 -3.6195e+00 +1.9174e+00 -9.3179e-01 +1.9854e+00 -3.8754e+00 -3.1429e+00 +6.0906e-01 +3.0292e+00 +2.8897e+00 -4.0592e+00
2411 +9.973226106e+03 +9.973226106e+03 +1.003154611e+04 +1.003154611e+04 -3.5531e+00 +1.8127e+00 -2.9107e+00 -2.9177e-01 -5.0000e+00 -4.5795e+00 +1.7524e-01 +3.1458e+00 +2.7496e+00 -4.0381e+00
2472 +3.605358505e+03 +3.605358505e+03 +3.663678505e+03 +3.663678505e+03 -3.8971e+00 +1.4529e+00 -1.7738e+00 -1.0387e+00 -4.6177e+00 -3.6508e+00 +1.8783e-01 +3.0147e+00 +2.6182e+00 -3.9763e+00
2799 +2.482673755e+03 +2.482673755e+03 +2.540993755e+03 +2.540993755e+03 -3.7367e+00 +2.2162e+00 -6.9259e-01 -4.1405e-01 -3.9034e+00 -3.0356e+00 +6.4181e-02 +2.9049e+00 +2.7963e+00 -3.9680e+00
2828 +1.138360052e+03 +1.138360052e+03 +1.196680052e+03 +1.196680052e+03 -3.9058e+00 +2.2433e+00 -7.2942e-01 +3.9050e-01 -3.4063e+00 -3.8836e+00 +1.1725e-01 +3.0132e+00 +2.7083e+00 -3.9875e+00
3296 +9.653109343e+02 +9.653109343e+02 +1.023630934e+03 +1.023630934e+03 -3.8071e+00 +2.3338e+00 -8.4414e-01 -3.2450e-01 -3.9902e+00 -2.8938e+00 +1.2453e-01 +3.0305e+00 +2.7103e+00 -4.0046e+00
3514 +4.956100973e+02 +4.956100973e+02 +5.539300973e+02 +5.539300973e+02 -3.8336e+00 +1.6646e+00 -3.8706e-01 -2.8065e-01 -3.5436e+00 -3.4971e+00 +5.2457e-02 +2.9549e+00 +2.7236e+00 -3.9901e+00
3781 +3.879947978e+02 +3.879947978e+02 +4.463147978e+02 +4.463147978e+02 -3.8547e+00 +1.6272e+00 +2.3905e-02 -2.5207e-02 -3.5279e+00 -3.2430e+00 +5.1723e-02 +2.9805e+00 +2.7412e+00 -3.9850e+00
3878 +2.443603824e+02 +2.443603824e+02 +3.026803824e+02 +3.026803824e+02 -3.8240e+00 +1.7091e+00 -1.0899e-02 +4.0523e-02 -3.5459e+00 -3.2698e+00 +3.3856e-02 +2.9918e+00 +2.7229e+00 -3.9861e+00
4606 +1.544733286e+02 +1.544733286e+02 +2.127933286e+02 +2.127933286e+02 -3.8204e+00 +2.7584e-01 +1.6136e-01 +6.5983e-02 -3.5269e+00 -3.2361e+00 +6.8208e-02 +3.0023e+00 +2.7162e+00 -3.9865e+00
% function evaluation | noise-free fitness - Fopt (1.932700000000e+02) | best noise-free fitness - Fopt | measured fitness | best measured fitness | x1 | x2...
1 +3.447599483e+07 +3.447599483e+07 +3.447618810e+07 +3.447618810e+07 -4.4690e+00 +1.0439e+00 -3.9092e+00 -4.5333e+00 +1.4608e+00 +6.3721e-01 -4.2427e+00 -1.8366e+00 +3.5044e+00 +3.9863e+00
3 +1.420589301e+07 +1.420589301e+07 +1.420608628e+07 +1.420608628e+07 +2.1376e+00 -2.8968e+00 +2.9212e+00 +4.2797e+00 +4.1916e+00 -2.0050e+00 +2.6293e+00 -2.9157e+00 +2.0889e+00 -4.8153e+00
7 +1.871067772e+06 +1.871067772e+06 +1.871261042e+06 +1.871261042e+06 +3.4253e+00 -1.3976e-01 -1.1463e+00 +1.6730e+00 -2.5711e+00 +1.2011e+00 +4.6329e+00 +1.7885e+00 +1.5353e-02 -1.2017e+00
42 +2.639761342e+05 +2.639761342e+05 +2.641694042e+05 +2.641694042e+05 -3.6845e+00 +1.0826e-01 -1.5827e+00 -2.0078e+00 -1.4571e+00 -9.5914e-01 +7.9501e-01 -1.3160e+00 -9.2910e-01 -1.4983e+00
74 +2.227579938e+05 +2.227579938e+05 +2.229512638e+05 +2.229512638e+05 -3.5022e+00 +4.6057e+00 +1.7876e+00 -2.3378e+00 +4.0116e+00 +1.2045e+00 -2.7811e+00 -2.4784e+00 -8.4661e-01 -1.5624e+00
968 +1.205069079e+05 +1.205069079e+05 +1.207001779e+05 +1.207001779e+05 +1.0339e+00 -3.7139e+00 +2.1493e+00 -2.3439e+00 -7.3877e-02 +9.3714e-01 -2.0193e+00 -2.0490e+00 -1.9760e+00 -1.4412e+00
1431 +9.374292750e+04 +9.374292750e+04 +9.393619750e+04 +9.393619750e+04 -1.9806e+00 -7.6090e-01 +2.7194e-01 -1.4194e+00 +3.4128e-01 -7.4246e-01 -2.5809e+00 -3.4736e+00 -1.6834e+00 -1.3126e+00
1561 +5.854997881e+04 +5.854997881e+04 +5.874324881e+04 +5.874324881e+04 -2.0841e+00 -5.2898e-01 +7.9513e-03 -4.6205e-01 +5.4979e-01 -9.4070e-01 -1.9623e+00 -2.3225e+00 -1.7564e+00 -1.3147e+00
2120 +2.731513890e+04 +2.731513890e+04 +2.750840890e+04 +2.750840890e+04 -8.7236e-01 -1.5926e+00 -3.4800e-01 -1.8404e+00 +8.3274e-01 -1.2354e+00 -4.2032e-01 -2.6555e+00 -1.6590e+00 -1.4291e+00
2228 +2.369898380e+04 +2.369898380e+04 +2.389225380e+04 +2.389225380e+04 -2.1456e+00 -1.8378e+00 -1.1222e+00 -1.0316e+00 +8.6293e-01 -3.2542e+00 +8.4690e-02 -2.9429e+00 -1.5937e+00 -1.4258e+00
2702 +9.689079202e+03 +9.689079202e+03 +9.882349202e+03 +9.882349202e+03 -2.4676e+00 -2.3969e+00 +3.1405e-01 -1.0656e+00 +7.8585e-01 -4.7228e+00 -5.6041e-01 -2.6250e+00 -1.5790e+00 -1.4384e+00
3468 +5.010707838e+03 +5.010707838e+03 +5.203977838e+03 +5.203977838e+03 -2.3409e+00 -2.0974e+00 +2.0473e-01 +8.9258e-02 +9.5252e-01 -4.3427e+00 -1.0315e+00 -2.6694e+00 -1.5948e+00 -1.4424e+00
3816 +3.357626615e+03 +3.357626615e+03 +3.550896615e+03 +3.550896615e+03 -2.2256e+00 -2.3536e+00 +1.1363e+00 +1.1061e+00 +1.6196e+00 -4.2273e+00 -1.2170e+00 -2.7835e+00 -1.6196e+00 -1.4443e+00
4210 +2.229266027e+03 +2.229266027e+03 +2.422536027e+03 +2.422536027e+03 -2.0485e+00 -2.3633e+00 +1.0009e+00 +2.4927e+00 +1.7252e+00 -4.1280e+00 -1.1508e+00 -2.6813e+00 -1.6048e+00 -1.4447e+00
4446 +1.154272888e+03 +1.154272888e+03 +1.347542888e+03 +1.347542888e+03 -2.0838e+00 -2.9485e+00 +8.9530e-01 +3.1653e+00 +2.4160e+00 -4.1395e+00 -1.1670e+00 -2.7380e+00 -1.6234e+00 -1.4505e+00
4603 +9.794132829e+02 +9.794132829e+02 +1.172683283e+03 +1.172683283e+03 -1.9768e+00 -2.8454e+00 +8.8756e-01 +2.7523e+00 +2.5282e+00 -4.0971e+00 -1.0852e+00 -2.7448e+00 -1.6262e+00 -1.4514e+00
4705 +5.593148507e+02 +5.593148507e+02 +7.525848507e+02 +7.525848507e+02 -2.0946e+00 -3.0253e+00 +9.3664e-01 +3.3435e+00 +2.6582e+00 -4.0660e+00 -1.1386e+00 -2.7039e+00 -1.6256e+00 -1.4396e+00
4817 +3.219558555e+02 +3.219558555e+02 +5.152258555e+02 +5.152258555e+02 -1.9143e+00 -3.1425e+00 +7.6306e-01 +3.3867e+00 +3.3437e+00 -4.1284e+00 -1.1157e+00 -2.7265e+00 -1.6223e+00 -1.4370e+00
% function evaluation | noise-free fitness - Fopt (-4.190100000000e+02) | best noise-free fitness - Fopt | measured fitness | best measured fitness | x1 | x2...
1 +6.606300890e+07 +6.606300890e+07 +6.606258989e+07 +6.606258989e+07 -2.3819e+00 +3.7670e+00 +4.8748e+00 +2.9221e+00 -1.9672e+00 +1.8340e+00 -4.4909e+00 -2.9250e+00 +7.5223e-01 +4.0668e+00
2 +3.560145696e+06 +3.560145696e+06 +3.559726686e+06 +3.559726686e+06 +2.6543e-01 +4.8594e+00 +2.5572e+00 +1.1424e+00 +6.3101e-01 -4.2887e+00 +5.6843e-01 +4.5441e+00 +2.6568e+00 -2.5116e+00
15 +2.410506646e+06 +2.410506646e+06 +2.410087636e+06 +2.410087636e+06 +4.4470e+00 -4.9384e+00 -4.8094e+00 +3.4054e+00 +3.5928e+00 -2.2470e+00 +4.6809e+00 +2.5351e+00 +3.4709e+00 -3.5757e+00
17 +8.208590507e+05 +8.208590507e+05 +8.204400407e+05 +8.204400407e+05 +1.2145e+00 +1.7678e+00 +3.6631e+00 +2.7114e+00 -3.0191e-01 -2.4829e+00 -4.5276e-02 -3.2729e+00 +1.8557e+00 -3.9675e+00
99 +2.890185613e+05 +2.890185613e+05 +2.885995513e+05 +2.885995513e+05 +3.2621e-01 -3.8825e+00 -2.2412e+00 -3.0787e+00 +3.8554e+00 -3.9683e+00 +1.1052e+00 -1.0731e+00 +1.3028e+00 -4.1418e+00
417 +2.233044242e+05 +2.233044242e+05 +2.228854142e+05 +2.228854142e+05 +2.4214e+00 +1.7344e+00 +2.7643e+00 -3.9381e+00 -3.0191e-01 -3.8896e+00 +7.2605e-01 -6.0787e-01 +5.8730e-01 -3.5746e+00
503 +9.260211228e+04 +9.260211228e+04 +9.218310228e+04 +9.218310228e+04 -2.9205e+00 -2.0543e+00 +4.7223e+00 -5.0000e+00 +5.0000e+00 -5.0000e+00 -2.1554e+00 -5.5878e-01 +5.7210e-01 -3.9706e+00
665 +5.996972937e+04 +5.996972937e+04 +5.955071937e+04 +5.955071937e+04 -3.9826e+00 -3.9167e+00 +2.5287e+00 -2.9512e+00 -2.0360e+00 -4.9930e+00 -2.2395e+00 -5.4102e-01 +7.8380e-01 -3.8118e+00
828 +2.130204259e+04 +2.130204259e+04 +2.088303259e+04 +2.088303259e+04 -7.8088e-01 +1.0268e-01 +3.0378e+00 -2.1535e+00 +0.0000e+00 -3.4696e+00 -2.4065e+00 -9.7330e-02 +8.1229e-01 -3.9206e+00
2051 +6.413638458e+03 +6.413638458e+03 +5.994628458e+03 +5.994628458e+03 +5.9746e-01 +2.4783e-02 +2.5693e+00 -3.6620e+00 -2.5268e+00 -1.6724e+00 -1.3492e+00 +2.9271e-01 +7.4534e-01 -3.8553e+00
2451 +4.136655660e+03 +4.136655660e+03 +3.717645660e+03 +3.717645660e+03 +6.0160e-01 +3.8530e-02 +2.5216e+00 -3.7422e+00 -2.5450e+00 -1.5037e+00 -1.3967e+00 +3.0374e-01 +9.2466e-01 -3.8702e+00
2627 +3.613051583e+03 +3.613051583e+03 +3.194041583e+03 +3.194041583e+03 +2.3789e+00 -2.6020e-02 +2.4985e+00 -2.5483e+00 -2.5160e+00 -1.4431e+00 -1.2602e+00 +8.7677e-02 +8.8501e-01 -3.8908e+00
3266 +1.433961005e+03 +1.433961005e+03 +1.014951005e+03 +1.014951005e+03 +9.0981e-01 +8.2334e-02 +2.7731e+00 -3.5190e+00 -2.6460e+00 -1.5176e+00 -1.6425e+00 +2.2389e-01 +8.4199e-01 -3.9043e+00
4039 +9.670602568e+02 +9.670602568e+02 +5.480502568e+02 +5.480502568e+02 -7.1029e-01 -1.0227e-01 +2.7672e+00 -3.5359e+00 -2.2298e+00 -1.7186e+00 -1.5355e+00 +2.2842e-01 +8.3776e-01 -3.8957e+00
4802 +6.267820966e+02 +6.267820966e+02 +2.077720966e+02 +2.077720966e+02 -3.3269e-01 +2.8727e-02 +1.8722e+00 -3.5263e+00 -2.0140e+00 -1.6797e+00 -1.5388e+00 +2.2111e-01 +8.3112e-01 -3.9045e+00
% function evaluation | noise-free fitness - Fopt (4.076100000000e+02) | best noise-free fitness - Fopt | measured fitness | best measured fitness | x1 | x2...
1 +3.870753099e+07 +3.870753099e+07 +3.870793860e+07 +3.870793860e+07 +4.6222e+00 -2.8965e+00 +2.5195e-01 -2.6643e-01 +7.0831e-01 +7.8779e-01 +2.2420e+00 +2.6505e+00 -6.1834e-01 -3.1468e+00
2 +1.513744802e+07 +1.513744802e+07 +1.513785563e+07 +1.513785563e+07 +3.7915e+00 +1.1719e+00 -2.3184e+00 -4.3095e-01 +2.9057e+00 +1.2925e+00 +1.1420e-01 -7.1007e-01 -4.4128e+00 +4.6539e+00
5 +1.118007049e+06 +1.118007049e+06 +1.118414659e+06 +1.118414659e+06 +4.7608e+00 +3.6393e+00 -3.3108e+00 -1.5050e-01 -2.5436e+00 -4.6487e+00 +4.4598e-01 -4.9103e+00 +2.6037e+00 +3.5819e+00
32 +9.991072575e+05 +9.991072575e+05 +9.995148675e+05 +9.995148675e+05 -1.6413e+00 +4.4544e+00 +7.5880e-01 +2.5661e+00 -2.8907e+00 +1.6741e+00 -2.3552e+00 +1.2169e+00 +4.0659e+00 +3.6429e+00
125 +3.175995406e+05 +3.175995406e+05 +3.180071506e+05 +3.180071506e+05 -2.9076e-01 -4.7804e+00 +3.4090e+00 +1.8338e+00 +4.3829e+00 +3.5596e+00 +1.8849e-01 -2.6123e+00 +2.9796e+00 +3.4481e+00
218 +1.913516472e+05 +1.913516472e+05 +1.917592572e+05 +1.917592572e+05 +2.4622e+00 -4.0767e+00 +3.7506e-01 +2.1085e+00 +7.9900e-01 +6.8693e-01 +8.6501e-01 -2.5862e+00 +4.0133e+00 +3.2197e+00
843 +1.503031779e+05 +1.503031779e+05 +1.507107879e+05 +1.507107879e+05 +2.1135e+00 -5.0000e+00 +1.1388e+00 +1.8219e+00 +1.1936e+00 +1.6732e+00 -1.5004e-01 -2.0693e+00 +3.1461e+00 +3.2798e+00
970 +9.084184715e+04 +9.084184715e+04 +9.124945715e+04 +9.124945715e+04 +2.9697e+00 -3.4628e+00 -4.1964e-01 +1.5517e+00 -1.8841e+00 -3.2945e-01 -2.5042e-01 -2.3119e+00 +3.6471e+00 +2.8040e+00
1140 +6.137969170e+04 +6.137969170e+04 +6.178730170e+04 +6.178730170e+04 +3.6341e+00 -4.5485e+00 +9.4270e-01 +1.4864e+00 -2.6201e+00 +1.0604e-01 -2.4286e+00 -2.8767e+00 +3.6448e+00 +2.9165e+00
1501 +3.895808394e+04 +3.895808394e+04 +3.936569394e+04 +3.936569394e+04 +1.0174e+00 +0.0000e+00 +4.7756e+00 +2.5576e+00 +1.3826e+00 +3.1927e+00 -1.2200e+00 -2.7009e+00 +3.7292e+00 +3.0497e+00
1612 +2.097703973e+04 +2.097703973e+04 +2.138464973e+04 +2.138464973e+04 +3.6091e+00 +9.4373e-01 +5.0000e+00 +2.8904e+00 +8.3911e-01 +3.9918e+00 -2.5410e+00 -2.2306e+00 +3.5212e+00 +3.0565e+00
1831 +1.475812742e+04 +1.475812742e+04 +1.516573742e+04 +1.516573742e+04 +5.0000e+00 -7.6966e-01 +4.4131e+00 +2.0609e+00 +5.0189e-01 +8.2412e-01 -2.0954e+00 -2.4580e+00 +3.5415e+00 +2.9983e+00
2158 +9.955712769e+03 +9.955712769e+03 +1.036332277e+04 +1.036332277e+04 +5.0000e+00 -5.1468e-01 +6.3424e-01 +3.6383e+00 +8.2200e-01 +1.3150e+00 -2.7317e+00 -1.9265e+00 +3.4526e+00 +3.0126e+00
2431 +5.297280334e+03 +5.297280334e+03 +5.704890334e+03 +5.704890334e+03 +5.0000e+00 +8.5478e-01 +2.1752e+00 +4.5193e+00 +5.3206e-01 +1.2576e+00 -2.3411e+00 -1.9319e+00 +3.5059e+00 +3.0011e+00
2862 +1.967624629e+03 +1.967624629e+03 +2.375234629e+03 +2.375234629e+03 +5.0000e+00 -5.1052e-01 +9.8284e-01 +5.0000e+00 +1.5225e+00 +1.5820e+00 -1.9178e+00 -1.9222e+00 +3.5304e+00 +2.9829e+00
3411 +9.083773917e+02 +9.083773917e+02 +1.315987392e+03 +1.315987392e+03 +5.0000e+00 -1.6640e-01 +9.5973e-01 +4.2670e+00 +2.1048e+00 +1.7381e+00 -1.9245e+00 -1.9432e+00 +3.5393e+00 +2.9868e+00
3628 +5.584810464e+02 +5.584810464e+02 +9.660910464e+02 +9.660910464e+02 +5.0000e+00 -6.9340e-01 +7.0124e-01 +4.2636e+00 +2.5154e+00 +1.8160e+00 -1.9157e+00 -1.9966e+00 +3.5523e+00 +2.9896e+00
4058 +3.627528838e+02 +3.627528838e+02 +7.703628838e+02 +7.703628838e+02 +3.7739e+00 -8.7782e-01 +1.5659e+00 +3.6577e+00 +2.7638e+00 +1.9243e+00 -1.9335e+00 -2.0034e+00 +3.5296e+00 +2.9982e+00
4403 +1.909116101e+02 +1.909116101e+02 +5.985216101e+02 +5.985216101e+02 +5.0000e+00 -8.1411e-01 +2.3450e+00 +3.5613e+00 +2.5446e+00 +1.9157e+00 -1.9753e+00 -2.0020e+00 +3.5438e+00 +2.9975e+00
4604 +1.523949809e+02 +1.523949809e+02 +5.600049809e+02 +5.600049809e+02 +5.0000e+00 -9.0115e-01 +2.8339e+00 +3.6349e+00 +2.5321e+00 +1.9030e+00 -1.9738e+00 -2.0079e+00 +3.5466e+00 +2.9971e+00
4804 +9.260526887e+01 +9.260526887e+01 +5.002152689e+02 +5.002152689e+02 +5.0000e+00 -6.9174e-01 +3.1088e+00 +2.7176e+00 +2.5325e+00 +1.9208e+00 -1.9503e+00 -2.0099e+00 +3.5459e+00 +2.9967e+00
% function evaluation | noise-free fitness - Fopt (2.872000000000e+01) | best noise-free fitness - Fopt | measured fitness | best measured fitness | x1 | x2...
1 +2.517118345e+07 +2.517118345e+07 +2.517121217e+07 +2.517121217e+07 -3.2291e+00 +1.8153e+00 -6.5302e-01 +2.1680e+00 +1.1544e+00 -4.7938e+00 +4.7932e-01 +2.4517e+00 +3.1257e+00 +1.3622e+00
3 +2.387363590e+07 +2.387363590e+07 +2.387366462e+07 +2.387366462e+07 -1.3880e+00 +4.7103e+00 -8.0075e-01 -4.2589e+00 -3.0575e+00 -3.7568e-01 +2.2800e+00 -4.1543e+00 -1.0666e+00 +8.4107e-01
5 +8.299398783e+06 +8.299398783e+06 +8.299427503e+06 +8.299427503e+06 +4.9070e+00 +4.3780e+00 +3.7337e+00 -4.7277e+00 -1.0631e+00 +3.2649e+00 +1.6060e+00 +3.4887e+00 -2.5388e-02 -1.1128e+00
16 +3.104757098e+06 +3.104757098e+06 +3.104785818e+06 +3.104785818e+06 -4.8079e+00 -2.6345e+00 -2.1610e+00 -2.2989e+00 +1.5831e+00 +3.0320e+00 +3.5073e+00 -2.3000e+00 +4.5701e+00 -2.8501e+00
33 +1.544265726e+06 +1.544265726e+06 +1.544294446e+06 +1.544294446e+06 +1.5727e+00 +3.2135e+00 -4.8518e+00 -7.1614e-01 +4.3803e+00 +6.4612e-01 -5.2137e-01 -2.4629e+00 +1.1034e+00 -4.4472e+00
36 +8.634668726e+05 +8.634668726e+05 +8.634955926e+05 +8.634955926e+05 +4.9876e+00 -8.3023e-01 -7.7234e-01 -3.8068e-01 -2.1475e+00 -2.1109e-01 +2.0539e+00 +3.7154e+00 +2.8493e+00 -2.9175e+00
136 +5.609358730e+05 +5.609358730e+05 +5.609645930e+05 +5.609645930e+05 -4.5456e+00 -3.1421e-01 -3.2592e+00 -3.7613e+00 +4.9352e-01 +2.8425e+00 -3.0305e+00 +1.1375e+00 +1.8884e+00 -3.0886e+00
277 +2.714377616e+05 +2.714377616e+05 +2.714664816e+05 +2.714664816e+05 -2.9920e+00 +2.5291e+00 -4.9347e+00 +3.1208e+00 -2.5301e+00 -7.9850e-01 -1.8806e+00 -4.3790e-01 +2.1147e+00 -3.7595e+00
303 +1.706761676e+05 +1.706761676e+05 +1.707048876e+05 +1.707048876e+05 -6.5556e-01 +1.3838e+00 -1.5883e+00 -3.4718e+00 -3.6876e+00 +2.6694e+00 -7.3060e-01 +1.0486e+00 +1.3021e+00 -3.6016e+00
949 +1.576791880e+05 +1.576791880e+05 +1.577079080e+05 +1.577079080e+05 -6.8313e-01 +2.0494e+00 -1.0893e+00 -3.7057e+00 -3.3715e+00 +1.5225e+00 -8.7191e-01 +8.9897e-01 +1.5958e+00 -3.4549e+00
1422 +7.052375010e+04 +7.052375010e+04 +7.055247010e+04 +7.055247010e+04 +2.5282e+00 +2.0733e+00 -4.7198e-01 -3.8193e+00 -2.3924e+00 +8.1899e-01 -1.1869e+00 +1.2810e+00 +1.7656e+00 -3.5459e+00
1647 +5.267040044e+04 +5.267040044e+04 +5.269912044e+04 +5.269912044e+04 +2.7621e+00 +2.9738e+00 -4.8936e-01 -3.2677e+00 -2.4426e+00 -9.4168e-02 -1.1175e+00 +1.6698e+00 +1.6501e+00 -3.7518e+00
1774 +3.845917753e+04 +3.845917753e+04 +3.848789753e+04 +3.848789753e+04 +2.9507e+00 +2.7868e+00 -1.1323e-01 -4.7243e+00 -1.5832e+00 +5.6572e-01 +1.1844e-01 +1.4295e+00 +1.7840e+00 -3.6601e+00
2463 +1.195093537e+04 +1.195093537e+04 +1.197965537e+04 +1.197965537e+04 +4.0488e+00 +8.0615e-01 +1.3861e+00 -5.0000e+00 -3.4149e-01 -2.6552e+00 +1.7785e-01 +2.0024e+00 +2.1269e+00 -3.6958e+00
2706 +8.500771516e+03 +8.500771516e+03 +8.529491516e+03 +8.529491516e+03 +2.8015e+00 +2.3995e+00 +1.7434e+00 -4.8910e+00 -4.3417e-03 -1.5456e+00 -5.9035e-02 +1.6152e+00 +1.9479e+00 -3.6673e+00
3032 +5.481391880e+03 +5.481391880e+03 +5.510111880e+03 +5.510111880e+03 +3.2064e+00 +1.8942e+00 +1.5754e+00 -4.9437e+00 -4.9015e-02 -2.0119e+00 -3.0168e-01 +1.8247e+00 +2.0171e+00 -3.6546e+00
3601 +3.940774702e+03 +3.940774702e+03 +3.969494702e+03 +3.969494702e+03 +2.1887e+00 +1.7830e+00 -6.7062e-02 -3.7604e+00 -2.5451e+00 -2.4027e+00 -5.1131e-02 +1.8821e+00 +2.0535e+00 -3.6735e+00
4004 +2.476751277e+03 +2.476751277e+03 +2.505471277e+03 +2.505471277e+03 +2.2182e+00 +2.0565e+00 +1.2665e-01 -3.7015e+00 -1.6678e+00 -2.1216e+00 -2.0827e-01 +1.7969e+00 +2.0085e+00 -3.6675e+00
4201 +1.547267572e+03 +1.547267572e+03 +1.575987572e+03 +1.575987572e+03 +2.0728e+00 +1.6630e+00 +3.0410e-01 -3.1303e-01 -2.2065e+00 -2.0673e+00 -2.4634e-01 +1.7504e+00 +2.0511e+00 -3.6822e+00
4237 +7.398218380e+02 +7.398218380e+02 +7.685418380e+02 +7.685418380e+02 +2.3325e+00 +1.3079e+00 -1.9193e-02 -3.9918e-01 -2.0392e+00 -1.9455e+00 -1.1875e-01 +1.8065e+00 +2.0098e+00 -3.6754e+00
4435 +5.706950625e+02 +5.706950625e+02 +5.994150625e+02 +5.994150625e+02 +2.4000e+00 +1.4086e+00 -7.1380e-04 +4.1624e-01 -1.8165e+00 -1.9159e+00 -1.6030e-01 +1.7971e+00 +2.0125e+00 -3.6773e+00
4625 +3.906291229e+02 +3.906291229e+02 +4.193491229e+02 +4.193491229e+02 +2.4016e+00 +1.1518e+00 -3.0917e-01 +4.7613e-01 -1.7984e+00 -2.2201e+00 -1.2767e-01 +1.8027e+00 +2.0017e+00 -3.6736e+00
