% function evaluation | noise-free fitness - Fopt (-2.098800000000e+02) | best noise-free fitness - Fopt | measured fitness | best measured fitness | x1 | x2...
1 +2.891838615e+07 +2.891838615e+07 +2.891817627e+07 +2.891817627e+07 -8.3444e-01 +7.3644e-01 -2.0564e+00
2 +1.506837759e+07 +1.506837759e+07 +1.506816771e+07 +1.506816771e+07 +4.0965e+00 -4.1466e+00 -3.1569e-01
15 +2.742460413e+06 +2.742460413e+06 +2.742250533e+06 +2.742250533e+06 -4.5780e+00 +3.9405e+00 +2.0345e+00
16 +4.059287540e+05 +4.059287540e+05 +4.057188740e+05 +4.057188740e+05 -1.9812e+00 -4.8491e+00 +2.8829e+00
33 +4.847913460e+04 +4.847913460e+04 +4.826925460e+04 +4.826925460e+04 -3.6856e+00 -4.7089e+00 +3.4108e+00
75 +1.541663785e+04 +1.541663785e+04 +1.520675785e+04 +1.520675785e+04 +3.7390e+00 -3.4596e+00 +3.5460e+00
84 +8.472677252e+03 +8.472677252e+03 +8.262797252e+03 +8.262797252e+03 -3.1594e-01 +2.0487e+00 +3.6363e+00
433 +8.698625350e+02 +8.698625350e+02 +6.599825350e+02 +6.599825350e+02 +3.4119e+00 +0.0000e+00 +3.5287e+00
864 +4.432912125e+01 +4.432912125e+01 -1.655508787e+02 -1.655508787e+02 +3.2110e+00 +5.1321e-01 +3.5608e+00
2496 +2.111506875e+01 +2.111506875e+01 -1.887649312e+02 -1.887649312e+02 +3.8004e+00 +3.5551e-01 +3.5518e+00
3282 +1.327947754e+01 +1.327947754e+01 -1.966005225e+02 -1.966005225e+02 +1.9524e+00 +5.5355e-01 +3.5546e+00
3317 +7.005129444e+00 +7.005129444e+00 -2.028748706e+02 -2.028748706e+02 +3.2283e+00 +4.9400e-01 +3.5551e+00
3543 +6.214069878e+00 +6.214069878e+00 -2.036659301e+02 -2.036659301e+02 +3.4552e+00 +4.4209e-01 +3.5552e+00
4026 +3.533919037e+00 +3.533919037e+00 -2.063460810e+02 -2.063460810e+02 +2.8105e+00 +4.4179e-01 +3.5555e+00
4206 +2.455837203e+00 +2.455837203e+00 -2.074241628e+02 -2.074241628e+02 +2.8860e+00 +4.3889e-01 +3.5544e+00
4613 +8.778273543e-01 +8.778273543e-01 -2.090021726e+02 -2.090021726e+02 +2.0290e+00 +4.5037e-01 +3.5550e+00
4818 +5.638491751e-01 +5.638491751e-01 -2.093161508e+02 -2.093161508e+02 +1.9504e+00 +4.5044e-01 +3.5546e+00
4964 +3.922990227e-01 +3.922990227e-01 -2.094877010e+02 -2.094877010e+02 +1.7495e+00 +4.4823e-01 +3.5547e+00
% function evaluation | noise-free fitness - Fopt (-9.209000000000e+01) | best noise-free fitness - Fopt | measured fitness | best measured fitness | x1 | x2...
1 +1.791868861e+07 +1.791868861e+07 +1.791859652e+07 +1.791859652e+07 +4.7004e+00 +2.5617e+00 +4.3157e+00
2 +3.961630504e+06 +3.961630504e+06 +3.961538414e+06 +3.961538414e+06 -1.7155e+00 -4.4505e+00 -1.8503e+00
5 +1.355896283e+05 +1.355896283e+05 +1.354975383e+05 +1.354975383e+05 -3.9892e+00 -2.3657e+00 +4.1781e-01
6 +1.435998542e+04 +1.435998542e+04 +1.426789542e+04 +1.426789542e+04 +2.8184e-01 +1.0987e+00 +1.9068e-01
77 +1.578835514e+03 +1.578835514e+03 +1.486745514e+03 +1.486745514e+03 -6.6384e-01 +1.5689e+00 +6.9820e-02
427 +1.490590136e+02 +1.490590136e+02 +5.696901359e+01 +5.696901359e+01 -5.4743e-01 +3.0200e+00 +8.8309e-02
670 +9.381035130e+01 +9.381035130e+01 +1.720351297e+00 +1.720351297e+00 +4.8985e+00 +2.8887e+00 +8.8556e-02
2070 +5.542370209e+01 +5.542370209e+01 -3.666629791e+01 -3.666629791e+01 +4.8888e+00 +2.5198e+00 +9.5935e-02
2397 +1.278716119e+01 +1.278716119e+01 -7.930283881e+01 -7.930283881e+01 +4.0744e+00 +2.5959e+00 +9.1600e-02
3062 +9.123953669e+00 +9.123953669e+00 -8.296604633e+01 -8.296604633e+01 +2.8048e+00 +2.5735e+00 +9.1981e-02
3177 +4.749954746e+00 +4.749954746e+00 -8.734004525e+01 -8.734004525e+01 +1.7438e+00 +2.6759e+00 +8.9964e-02
3462 +3.241947858e+00 +3.241947858e+00 -8.884805214e+01 -8.884805214e+01 +2.4708e+00 +2.6181e+00 +9.1213e-02
4043 +2.306552628e+00 +2.306552628e+00 -8.978344737e+01 -8.978344737e+01 +2.2274e+00 +2.6138e+00 +9.0824e-02
4259 +4.556932056e-01 +4.556932056e-01 -9.163430679e+01 -9.163430679e+01 +1.3083e+00 +2.6220e+00 +9.0652e-02
4273 +1.485565471e-01 +1.485565471e-01 -9.194144345e+01 -9.194144345e+01 +8.2385e-01 +2.6286e+00 +9.0704e-02
4469 +6.512751899e-02 +6.512751899e-02 -9.202487248e+01 -9.202487248e+01 +6.3018e-01 +2.6168e+00 +9.0222e-02
4652 +4.739641394e-02 +4.739641394e-02 -9.204260359e+01 -9.204260359e+01 +7.5417e-01 +2.6159e+00 +9.0524e-02
4661 +1.013464227e-02 +1.013464227e-02 -9.207986536e+01 -9.207986536e+01 +7.2603e-01 +2.6231e+00 +9.0308e-02
4784 +8.889652048e-03 +8.889652048e-03 -9.208111035e+01 -9.208111035e+01 +8.0332e-01 +2.6214e+00 +9.0344e-02
4807 +1.554736810e-03 +1.554736810e-03 -9.208844526e+01 -9.208844526e+01 +7.5081e-01 +2.6210e+00 +9.0378e-02
% function evaluation | noise-free fitness - Fopt (-8.789000000000e+01) | best noise-free fitness - Fopt | measured fitness | best measured fitness | x1 | x2...
1 +1.845679570e+07 +1.845679570e+07 +1.845670781e+07 +1.845670781e+07 -8.8156e-01 -2.4068e+00 -3.0412e+00
2 +3.493731597e+06 +3.493731597e+06 +3.493643707e+06 +3.493643707e+06 +7.7450e-01 +6.9012e-01 -5.3369e-01
3 +9.632773605e+05 +9.632773605e+05 +9.631894705e+05 +9.631894705e+05 -4.2099e+00 +3.3105e+00 +2.6273e-01
18 +8.374438495e+04 +8.374438495e+04 +8.365649495e+04 +8.365649495e+04 +9.4921e-01 -1.2592e+00 +1.4955e+00
36 +8.821450888e+02 +8.821450888e+02 +7.942550888e+02 +7.942550888e+02 -2.4269e+00 +4.1871e+00 +1.2721e+00
247 +1.956824886e+02 +1.956824886e+02 +1.077924886e+02 +1.077924886e+02 -8.2497e-01 +3.5099e+00 +1.2626e+00
1398 +8.666539332e+01 +8.666539332e+01 -1.224606685e+00 -1.224606685e+00 -9.7618e-01 +3.4042e+00 +1.2548e+00
1958 +4.454452735e+01 +4.454452735e+01 -4.334547265e+01 -4.334547265e+01 -1.7898e+00 +3.5025e+00 +1.2458e+00
2440 +3.373778629e+00 +3.373778629e+00 -8.451622137e+01 -8.451622137e+01 -5.5987e-01 +3.6462e+00 +1.2479e+00
3515 +1.560706534e+00 +1.560706534e+00 -8.632929347e+01 -8.632929347e+01 -4.7032e-01 +3.6774e+00 +1.2492e+00
3812 +9.122610034e-01 +9.122610034e-01 -8.697773900e+01 -8.697773900e+01 -3.8558e-01 +3.6309e+00 +1.2502e+00
3901 +5.666106651e-02 +5.666106651e-02 -8.783333893e+01 -8.783333893e+01 +4.6297e-01 +3.6477e+00 +1.2496e+00
4542 +2.784395415e-02 +2.784395415e-02 -8.786215605e+01 -8.786215605e+01 +2.5382e-01 +3.6419e+00 +1.2497e+00
4594 +1.209417258e-02 +1.209417258e-02 -8.787790583e+01 -8.787790583e+01 +2.3232e-01 +3.6481e+00 +1.2497e+00
4679 +1.925654030e-03 +1.925654030e-03 -8.788807435e+01 -8.788807435e+01 +2.0326e-01 +3.6449e+00 +1.2496e+00
4806 +9.362214009e-04 +9.362214009e-04 -8.788906378e+01 -8.788906378e+01 +2.7085e-01 +3.6457e+00 +1.2496e+00
% function evaluation | noise-free fitness - Fopt (3.201900000000e+02) | best noise-free fitness - Fopt | measured fitness | best measured fitness | x1 | x2...
1 +1.390301272e+07 +1.390301272e+07 +1.390333291e+07 +1.390333291e+07 +4.8808e+00 +3.1606e+00 -2.3200e+00
2 +6.750517649e+05 +6.750517649e+05 +6.753719549e+05 +6.753719549e+05 -4.8389e+00 -4.2175e+00 +5.3679e-01
4 +4.594709311e+05 +4.594709311e+05 +4.597911211e+05 +4.597911211e+05 -2.2355e+00 -4.6981e+00 +2.0282e+00
9 +2.832839062e+05 +2.832839062e+05 +2.836040962e+05 +2.836040962e+05 -3.4455e+00 +2.8047e+00 +8.8504e-01
10 +1.636969324e+05 +1.636969324e+05 +1.640171224e+05 +1.640171224e+05 -3.3417e+00 -3.0471e+00 +1.8320e+00
15 +5.717051872e+04 +5.717051872e+04 +5.749070872e+04 +5.749070872e+04 +3.6320e+00 +1.9372e+00 +1.2124e+00
20 +3.106157487e+04 +3.106157487e+04 +3.138176487e+04 +3.138176487e+04 -1.8571e+00 +2.7170e+00 +1.3191e+00
21 +3.734539068e+03 +3.734539068e+03 +4.054729068e+03 +4.054729068e+03 +4.2753e+00 -2.4109e+00 +1.4668e+00
152 +2.813427674e+02 +2.813427674e+02 +6.015327674e+02 +6.015327674e+02 +4.2013e+00 -1.8784e+00 +1.4095e+00
1546 +1.971529803e+02 +1.971529803e+02 +5.173429803e+02 +5.173429803e+02 +1.7745e+00 -1.9947e+00 +1.3946e+00
2276 +3.338234514e+01 +3.338234514e+01 +3.535723451e+02 +3.535723451e+02 +1.6891e+00 -2.2317e+00 +1.4068e+00
2570 +4.078422021e+00 +4.078422021e+00 +3.242684220e+02 +3.242684220e+02 +1.5324e+00 -2.3436e+00 +1.4035e+00
3655 +3.495587213e+00 +3.495587213e+00 +3.236855872e+02 +3.236855872e+02 +1.1749e+00 -2.3315e+00 +1.4038e+00
4227 +2.084909602e+00 +2.084909602e+00 +3.222749096e+02 +3.222749096e+02 +1.0731e+00 -2.3576e+00 +1.4032e+00
4461 +9.863841029e-01 +9.863841029e-01 +3.211763841e+02 +3.211763841e+02 +4.7040e-01 -2.3774e+00 +1.4032e+00
4718 +5.899216227e-01 +5.899216227e-01 +3.207799216e+02 +3.207799216e+02 +3.3385e-01 -2.3696e+00 +1.4031e+00
4829 +3.326313914e-01 +3.326313914e-01 +3.205226314e+02 +3.205226314e+02 +8.9827e-02 -2.3617e+00 +1.4034e+00
% function evaluation | noise-free fitness - Fopt (-1.042400000000e+02) | best noise-free fitness - Fopt | measured fitness | best measured fitness | x1 | x2...
1 +2.433537975e+05 +2.433537975e+05 +2.432495575e+05 +2.432495575e+05 +3.6392e+00 +3.3456e+00 +8.9428e-01
16 +6.316336064e+04 +6.316336064e+04 +6.305912064e+04 +6.305912064e+04 +4.7961e-01 +2.4168e+00 +1.4637e+00
66 +2.301816987e+04 +2.301816987e+04 +2.291392987e+04 +2.291392987e+04 -6.0014e-01 +8.9113e-01 +1.2990e+00
211 +1.381133756e+04 +1.381133756e+04 +1.370709756e+04 +1.370709756e+04 -1.7081e+00 -1.8452e-01 +1.3277e+00
381 +3.525561429e+03 +3.525561429e+03 +3.421321429e+03 +3.421321429e+03 +5.0000e+00 -4.6197e+00 +1.3640e+00
519 +5.717022779e+02 +5.717022779e+02 +4.674622779e+02 +4.674622779e+02 +3.7839e+00 -3.2127e+00 +1.3215e+00
875 +3.420343573e+02 +3.420343573e+02 +2.377943573e+02 +2.377943573e+02 +1.8369e+00 -4.3958e+00 +1.3242e+00
1805 +8.165972104e+01 +8.165972104e+01 -2.258027896e+01 -2.258027896e+01 +1.9322e+00 -3.7342e+00 +1.3204e+00
2041 +5.320436151e+01 +5.320436151e+01 -5.103563849e+01 -5.103563849e+01 +1.8558e+00 -3.7671e+00 +1.3193e+00
2667 +3.896272198e+01 +3.896272198e+01 -6.527727802e+01 -6.527727802e+01 +2.1880e+00 -4.0835e+00 +1.3159e+00
2851 +1.975925996e+01 +1.975925996e+01 -8.448074004e+01 -8.448074004e+01 +2.0327e+00 -3.9195e+00 +1.3098e+00
3073 +1.103150518e+01 +1.103150518e+01 -9.320849482e+01 -9.320849482e+01 +2.5235e+00 -3.8949e+00 +1.3157e+00
3464 +9.180481695e+00 +9.180481695e+00 -9.505951831e+01 -9.505951831e+01 +2.2509e+00 -3.8940e+00 +1.3112e+00
3880 +3.833340071e+00 +3.833340071e+00 -1.004066599e+02 -1.004066599e+02 +2.0921e+00 -3.9166e+00 +1.3147e+00
4217 +2.343001990e+00 +2.343001990e+00 -1.018969980e+02 -1.018969980e+02 +1.9613e+00 -3.9138e+00 +1.3132e+00
% function evaluation | noise-free fitness - Fopt (-3.570000000000e+01) | best noise-free fitness - Fopt | measured fitness | best measured fitness | x1 | x2...
1 +4.260787038e+06 +4.260787038e+06 +4.260751338e+06 +4.260751338e+06 -2.7632e+00 -3.5849e+00 +1.2010e+00
5 +1.224949255e+04 +1.224949255e+04 +1.221379255e+04 +1.221379255e+04 +3.8507e+00 +1.8081e+00 +3.3548e+00
22 +1.383519952e+02 +1.383519952e+02 +1.026519952e+02 +1.026519952e+02 +4.5920e+00 +1.7278e+00 +3.2607e+00
2391 +6.797488311e+01 +6.797488311e+01 +3.227488311e+01 +3.227488311e+01 +4.9452e+00 +1.5287e+00 +3.2509e+00
3248 +6.062622396e+01 +6.062622396e+01 +2.492622396e+01 +2.492622396e+01 +4.9376e+00 +1.5604e+00 +3.2515e+00
3533 +3.445787283e+01 +3.445787283e+01 -1.242127170e+00 -1.242127170e+00 +2.9459e+00 +1.5423e+00 +3.2529e+00
3808 +2.426914892e+01 +2.426914892e+01 -1.143085108e+01 -1.143085108e+01 +2.5887e+00 +1.6315e+00 +3.2533e+00
4412 +1.532514798e+01 +1.532514798e+01 -2.037485202e+01 -2.037485202e+01 +1.6522e+00 +1.6557e+00 +3.2515e+00
4448 +9.850741549e+00 +9.850741549e+00 -2.584925845e+01 -2.584925845e+01 +8.3702e-01 +1.6482e+00 +3.2510e+00
4810 +5.508567762e+00 +5.508567762e+00 -3.019143224e+01 -3.019143224e+01 +1.7529e-02 +1.6440e+00 +3.2518e+00
4844 +3.396297737e+00 +3.396297737e+00 -3.230370226e+01 -3.230370226e+01 -4.1061e-01 +1.6436e+00 +3.2512e+00
% function evaluation | noise-free fitness - Fopt (2.070000000000e+01) | best noise-free fitness - Fopt | measured fitness | best measured fitness | x1 | x2...
1 +1.974742321e+06 +1.974742321e+06 +1.974763021e+06 +1.974763021e+06 -1.2911e+00 -3.9379e+00 -7.8488e-01
7 +9.532083385e+05 +9.532083385e+05 +9.532290385e+05 +9.532290385e+05 -2.3914e+00 +3.1407e-01 -3.1058e+00
14 +3.955898868e+05 +3.955898868e+05 +3.956105868e+05 +3.956105868e+05 -2.9569e+00 +3.7034e+00 -1.5642e+00
19 +1.685485042e+05 +1.685485042e+05 +1.685692042e+05 +1.685692042e+05 -4.5047e-01 -4.8357e+00 -2.5131e+00
28 +6.516664598e+04 +6.516664598e+04 +6.518734598e+04 +6.518734598e+04 -1.1095e+00 -2.2030e+00 -1.8706e+00
60 +1.997747760e+04 +1.997747760e+04 +1.999817760e+04 +1.999817760e+04 -3.4036e+00 -2.3200e+00 -2.2588e+00
62 +1.258988918e+04 +1.258988918e+04 +1.261058918e+04 +1.261058918e+04 -4.1297e+00 -7.0296e-01 -2.2302e+00
102 +8.688231950e+03 +8.688231950e+03 +8.708931950e+03 +8.708931950e+03 +3.9657e+00 -3.6701e+00 -2.2065e+00
460 +1.529392665e+03 +1.529392665e+03 +1.550092665e+03 +1.550092665e+03 +3.3355e+00 -1.1949e+00 -2.1543e+00
622 +7.612045973e+02 +7.612045973e+02 +7.819045973e+02 +7.819045973e+02 +4.7262e+00 -2.8769e+00 -2.1175e+00
648 +3.703411922e+02 +3.703411922e+02 +3.910411922e+02 +3.910411922e+02 +3.2996e+00 -1.6265e+00 -2.1117e+00
1331 +1.492061199e+02 +1.492061199e+02 +1.699061199e+02 +1.699061199e+02 +1.9796e+00 -1.7593e+00 -2.1178e+00
2626 +9.009310249e+01 +9.009310249e+01 +1.107931025e+02 +1.107931025e+02 +1.9762e+00 -1.8245e+00 -2.1207e+00
2834 +4.537785757e+01 +4.537785757e+01 +6.607785757e+01 +6.607785757e+01 +1.1577e+00 -1.8942e+00 -2.1277e+00
3034 +3.455992945e+01 +3.455992945e+01 +5.525992945e+01 +5.525992945e+01 +1.2618e+00 -1.9446e+00 -2.1223e+00
3260 +2.378928770e+01 +2.378928770e+01 +4.448928770e+01 +4.448928770e+01 +9.6737e-01 -1.9796e+00 -2.1261e+00
3775 +1.315080273e+01 +1.315080273e+01 +3.385080273e+01 +3.385080273e+01 +7.6773e-02 -1.9953e+00 -2.1242e+00
3889 +9.980118777e+00 +9.980118777e+00 +3.068011878e+01 +3.068011878e+01 -5.0425e-01 -1.9908e+00 -2.1255e+00
4219 +6.285020277e+00 +6.285020277e+00 +2.698502028e+01 +2.698502028e+01 -1.2545e+00 -2.0472e+00 -2.1255e+00
4302 +3.254174856e+00 +3.254174856e+00 +2.395417486e+01 +2.395417486e+01 -1.6227e+00 -2.0088e+00 -2.1247e+00
4419 +2.241135675e+00 +2.241135675e+00 +2.294113567e+01 +2.294113567e+01 -1.8489e+00 -2.0306e+00 -2.1248e+00
4627 +1.581010575e+00 +1.581010575e+00 +2.228101057e+01 +2.228101057e+01 -2.3647e+00 -2.0301e+00 -2.1244e+00
4704 +4.515122845e-01 +4.515122845e-01 +2.115151228e+01 +2.115151228e+01 -2.8474e+00 -2.0279e+00 -2.1247e+00
4813 +3.597252285e-01 +3.597252285e-01 +2.105972523e+01 +2.105972523e+01 -2.9278e+00 -2.0266e+00 -2.1251e+00
4817 +1.998075880e-01 +1.998075880e-01 +2.089980759e+01 +2.089980759e+01 -3.5917e+00 -2.0375e+00 -2.1250e+00
4838 +1.465427957e-01 +1.465427957e-01 +2.084654280e+01 +2.084654280e+01 -3.1426e+00 -2.0326e+00 -2.1248e+00
4840 +3.935960555e-02 +3.935960555e-02 +2.073935961e+01 +2.073935961e+01 -3.3812e+00 -2.0269e+00 -2.1246e+00
% function evaluation | noise-free fitness - Fopt (3.807000000000e+01) | best noise-free fitness - Fopt | measured fitness | best measured fitness | x1 | x2...
1 +4.922239561e+04 +4.922239561e+04 +4.926046561e+04 +4.926046561e+04 +3.7690e+00 +3.0763e+00 +1.9105e+00
15 +2.215442299e+04 +2.215442299e+04 +2.219249299e+04 +2.219249299e+04 -1.9394e+00 +3.1667e+00 +1.8338e+00
56 +1.526538369e+04 +1.526538369e+04 +1.530345369e+04 +1.530345369e+04 +4.5185e+00 +4.6625e+00 +1.6740e+00
83 +9.210569664e+03 +9.210569664e+03 +9.248639664e+03 +9.248639664e+03 -3.3421e-01 +8.8481e-01 +1.7949e+00
281 +4.650474399e+03 +4.650474399e+03 +4.688544399e+03 +4.688544399e+03 -5.0000e+00 +3.8318e-01 +1.6304e+00
1029 +3.767699318e+03 +3.767699318e+03 +3.805769318e+03 +3.805769318e+03 +3.2580e-01 +6.9911e-01 +1.7677e+00
1171 +9.191462148e+02 +9.191462148e+02 +9.572162148e+02 +9.572162148e+02 -2.5103e-01 +9.5695e-01 +1.6739e+00
1238 +2.733300051e+02 +2.733300051e+02 +3.114000051e+02 +3.114000051e+02 -1.2033e+00 +5.0881e-01 +1.6911e+00
2344 +1.332988396e+02 +1.332988396e+02 +1.713688396e+02 +1.713688396e+02 -1.2192e-01 +1.1570e+00 +1.6992e+00
2634 +7.087085244e+01 +7.087085244e+01 +1.089408524e+02 +1.089408524e+02 +6.1622e-01 +6.5347e-01 +1.6981e+00
3082 +8.886196108e+00 +8.886196108e+00 +4.695619611e+01 +4.695619611e+01 +3.2331e-01 +8.7206e-01 +1.7016e+00
3716 +6.005959461e+00 +6.005959461e+00 +4.407595946e+01 +4.407595946e+01 +6.1110e-01 +8.2886e-01 +1.7019e+00
4231 +3.359143763e+00 +3.359143763e+00 +4.142914376e+01 +4.142914376e+01 +1.2439e+00 +8.5506e-01 +1.7024e+00
4436 +2.478457608e+00 +2.478457608e+00 +4.054845761e+01 +4.054845761e+01 +1.3872e+00 +8.3906e-01 +1.7039e+00
4738 +1.473620874e+00 +1.473620874e+00 +3.954362087e+01 +3.954362087e+01 +1.6046e+00 +8.4708e-01 +1.7035e+00
4801 +9.837018877e-01 +9.837018877e-01 +3.905370189e+01 +3.905370189e+01 +1.7359e+00 +8.4756e-01 +1.7032e+00
% function evaluation | noise-free fitness - Fopt (-4.542000000000e+01) | best noise-free fitness - Fopt | measured fitness | best measured fitness | x1 | x2...
1 +3.520016973e+07 +3.520016973e+07 +3.520012431e+07 +3.520012431e+07 +1.4278e+00 +3.1429e+00 +3.0645e+00
2 +1.962975581e+07 +1.962975581e+07 +1.962971039e+07 +1.962971039e+07 -1.5373e+00 -4.4855e+00 +1.5879e+00
3 +3.204383744e+05 +3.204383744e+05 +3.203929544e+05 +3.203929544e+05 +2.5998e+00 +3.7645e+00 -3.4263e+00
20 +2.004684017e+05 +2.004684017e+05 +2.004229817e+05 +2.004229817e+05 -2.0716e+00 -2.5179e+00 -2.3782e+00
22 +1.107894621e+05 +1.107894621e+05 +1.107440421e+05 +1.107440421e+05 +1.2159e+00 +1.2356e+00 -3.1613e+00
28 +3.001381781e+04 +3.001381781e+04 +2.996839781e+04 +2.996839781e+04 -1.0342e+00 +4.0339e+00 -2.9561e+00
87 +8.808298591e+03 +8.808298591e+03 +8.762878591e+03 +8.762878591e+03 +3.2687e-01 +2.8587e+00 -2.8674e+00
147 +6.131978772e+03 +6.131978772e+03 +6.086558772e+03 +6.086558772e+03 +4.6193e+00 -1.4561e+00 -2.7854e+00
205 +3.372886163e+03 +3.372886163e+03 +3.327466163e+03 +3.327466163e+03 +5.0000e+00 +1.4460e+00 -2.8727e+00
397 +2.510273290e+03 +2.510273290e+03 +2.464853290e+03 +2.464853290e+03 +3.2315e-01 -9.8395e-01 -2.7994e+00
715 +2.120330023e+02 +2.120330023e+02 +1.666130023e+02 +1.666130023e+02 -1.7820e+00 +0.0000e+00 -2.8508e+00
732 +1.394036402e+01 +1.394036402e+01 -3.147963598e+01 -3.147963598e+01 +3.0406e+00 +2.0930e-01 -2.8370e+00
3195 +7.133317360e+00 +7.133317360e+00 -3.828668264e+01 -3.828668264e+01 +3.0338e+00 +1.5288e-02 -2.8388e+00
3378 +6.202680478e+00 +6.202680478e+00 -3.921731952e+01 -3.921731952e+01 +3.0227e+00 +9.6345e-02 -2.8353e+00
3615 +2.718720909e+00 +2.718720909e+00 -4.270127909e+01 -4.270127909e+01 +3.1534e+00 +1.2922e-01 -2.8389e+00
3646 +2.383614505e+00 +2.383614505e+00 -4.303638550e+01 -4.303638550e+01 +2.3436e+00 +1.2338e-01 -2.8386e+00
3700 +1.048588968e+00 +1.048588968e+00 -4.437141103e+01 -4.437141103e+01 +2.9779e+00 +1.0748e-01 -2.8386e+00
3721 +9.173934052e-01 +9.173934052e-01 -4.450260659e+01 -4.450260659e+01 +2.9595e+00 +1.2170e-01 -2.8371e+00
4010 +1.695774922e-01 +1.695774922e-01 -4.525042251e+01 -4.525042251e+01 +2.8973e+00 +1.0327e-01 -2.8378e+00
4285 +8.517308064e-02 +8.517308064e-02 -4.533482692e+01 -4.533482692e+01 +2.9309e+00 +1.0111e-01 -2.8376e+00
4846 +4.587012463e-02 +4.587012463e-02 -4.537412988e+01 -4.537412988e+01 +2.9981e+00 +9.8178e-02 -2.8376e+00
4942 +3.014560752e-02 +3.014560752e-02 -4.538985439e+01 -4.538985439e+01 +3.0619e+00 +9.9136e-02 -2.8377e+00
% function evaluation | noise-free fitness - Fopt (6.695000000000e+01) | best noise-free fitness - Fopt | measured fitness | best measured fitness | x1 | x2...
1 +2.866305129e+06 +2.866305129e+06 +2.866372079e+06 +2.866372079e+06 +1.8540e+00 -2.7447e+00 -2.9035e+00
3 +4.772726189e+05 +4.772726189e+05 +4.773395689e+05 +4.773395689e+05 +4.4979e+00 +3.9751e+00 -7.0113e-01
7 +3.154727433e+03 +3.154727433e+03 +3.221677433e+03 +3.221677433e+03 -2.2390e+00 +2.8978e+00 -1.3763e+00
534 +1.148912101e+03 +1.148912101e+03 +1.215862101e+03 +1.215862101e+03 -2.2365e+00 +1.4444e+00 -1.3771e+00
1297 +9.996965994e+02 +9.996965994e+02 +1.066646599e+03 +1.066646599e+03 -3.7083e+00 +6.9029e-01 -1.3692e+00
1833 +3.179532886e+02 +3.179532886e+02 +3.849032886e+02 +3.849032886e+02 -2.1224e+00 +7.9375e-01 -1.3474e+00
2444 +8.472648197e+01 +8.472648197e+01 +1.516764820e+02 +1.516764820e+02 -9.3305e-01 +1.1424e+00 -1.3397e+00
2447 +1.788092896e+01 +1.788092896e+01 +8.483092896e+01 +8.483092896e+01 -2.7559e+00 +1.4131e+00 -1.3412e+00
2919 +1.159944339e+01 +1.159944339e+01 +7.854944339e+01 +7.854944339e+01 -2.9627e+00 +1.3975e+00 -1.3473e+00
3127 +9.904090235e+00 +9.904090235e+00 +7.685409023e+01 +7.685409023e+01 -3.5154e+00 +1.4174e+00 -1.3456e+00
4125 +6.218962813e+00 +6.218962813e+00 +7.316896281e+01 +7.316896281e+01 -2.9667e+00 +1.3726e+00 -1.3440e+00
4801 +3.881942644e+00 +3.881942644e+00 +7.083194264e+01 +7.083194264e+01 -2.4238e+00 +1.3807e+00 -1.3445e+00
% function evaluation | noise-free fitness - Fopt (5.832000000000e+01) | best noise-free fitness - Fopt | measured fitness | best measured fitness | x1 | x2...
1 +2.770200729e+06 +2.770200729e+06 +2.770259049e+06 +2.770259049e+06 -4.4104e+00 -4.8626e+00 -2.0216e-01
2 +6.147879139e+05 +6.147879139e+05 +6.148462339e+05 +6.148462339e+05 -1.8856e+00 -5.8668e-01 +2.1864e+00
11 +4.633887323e+04 +4.633887323e+04 +4.639719323e+04 +4.639719323e+04 +3.6060e+00 -3.3248e-01 +1.1414e+00
14 +1.630369179e+04 +1.630369179e+04 +1.636201179e+04 +1.636201179e+04 -1.8171e-01 +3.4610e-01 +1.3842e+00
119 +4.575894451e+03 +4.575894451e+03 +4.634214451e+03 +4.634214451e+03 +3.5977e+00 -1.4611e+00 +1.2924e+00
152 +2.784033505e+03 +2.784033505e+03 +2.842353505e+03 +2.842353505e+03 -2.5235e+00 -1.5158e+00 +1.3272e+00
439 +1.688191410e+03 +1.688191410e+03 +1.746511410e+03 +1.746511410e+03 -5.0000e+00 -2.5874e+00 +1.2976e+00
675 +8.584869244e+02 +8.584869244e+02 +9.168069244e+02 +9.168069244e+02 +1.9510e+00 -2.5323e+00 +1.3113e+00
1143 +5.387243614e+02 +5.387243614e+02 +5.970443614e+02 +5.970443614e+02 +8.0244e-01 -3.4148e+00 +1.3067e+00
1177 +2.706198831e+02 +2.706198831e+02 +3.289398831e+02 +3.289398831e+02 +2.3362e+00 -3.2664e+00 +1.3136e+00
1409 +1.956655559e+01 +1.956655559e+01 +7.788655559e+01 +7.788655559e+01 +3.4866e+00 -3.1748e+00 +1.3316e+00
3104 +1.517420552e+01 +1.517420552e+01 +7.349420552e+01 +7.349420552e+01 +4.0749e+00 -3.1760e+00 +1.3302e+00
3500 +7.568829865e+00 +7.568829865e+00 +6.588882986e+01 +6.588882986e+01 +3.0663e+00 -3.2201e+00 +1.3281e+00
3563 +2.605378847e+00 +2.605378847e+00 +6.092537885e+01 +6.092537885e+01 +3.0017e+00 -3.2520e+00 +1.3297e+00
3595 +1.287041858e+00 +1.287041858e+00 +5.960704186e+01 +5.960704186e+01 +3.0883e+00 -3.3232e+00 +1.3301e+00
3758 +9.932245144e-01 +9.932245144e-01 +5.931322451e+01 +5.931322451e+01 +3.2522e+00 -3.2896e+00 +1.3287e+00
3978 +3.134290843e-01 +3.134290843e-01 +5.863342908e+01 +5.863342908e+01 +3.2803e+00 -3.2906e+00 +1.3293e+00
4406 +2.316872800e-01 +2.316872800e-01 +5.855168728e+01 +5.855168728e+01 +3.2627e+00 -3.2918e+00 +1.3296e+00
4770 +1.316788714e-01 +1.316788714e-01 +5.845167887e+01 +5.845167887e+01 +3.4709e+00 -3.2908e+00 +1.3298e+00
4802 +6.044173381e-02 +6.044173381e-02 +5.838044173e+01 +5.838044173e+01 +3.5849e+00 -3.2910e+00 +1.3295e+00
4867 +2.849895277e-02 +2.849895277e-02 +5.834849895e+01 +5.834849895e+01 +3.5741e+00 -3.2948e+00 +1.3297e+00
% function evaluation | noise-free fitness - Fopt (1.932700000000e+02) | best noise-free fitness - Fopt | measured fitness | best measured fitness | x1 | x2...
1 +1.920198412e+06 +1.920198412e+06 +1.920391682e+06 +1.920391682e+06 +1.2768e+00 -3.7226e+00 +3.4580e+00
26 +9.047226901e+05 +9.047226901e+05 +9.049159601e+05 +9.049159601e+05 -4.5890e+00 -1.4129e+00 +3.1413e+00
34 +1.148241292e+05 +1.148241292e+05 +1.150173992e+05 +1.150173992e+05 +3.3145e-01 -2.6440e+00 +2.5014e+00
35 +9.650976861e+04 +9.650976861e+04 +9.670303861e+04 +9.670303861e+04 -3.1142e+00 -2.5656e+00 +1.8632e+00
47 +7.528488925e+03 +7.528488925e+03 +7.721758925e+03 +7.721758925e+03 -2.0426e+00 -1.4674e+00 +2.0965e+00
214 +4.717088854e+03 +4.717088854e+03 +4.910358854e+03 +4.910358854e+03 +3.1734e-01 -1.2303e+00 +2.1731e+00
286 +9.708510581e+02 +9.708510581e+02 +1.164121058e+03 +1.164121058e+03 -5.1330e-01 -3.7859e+00 +2.1944e+00
886 +4.849099035e+02 +4.849099035e+02 +6.781799035e+02 +6.781799035e+02 -1.9590e+00 -2.9982e+00 +2.1502e+00
1327 +1.555687069e+02 +1.555687069e+02 +3.488387069e+02 +3.488387069e+02 -2.9891e+00 -2.9676e+00 +2.1681e+00
2014 +8.977060979e+01 +8.977060979e+01 +2.830406098e+02 +2.830406098e+02 -4.7661e+00 -3.5429e+00 +2.1710e+00
2101 +5.963659608e+01 +5.963659608e+01 +2.529065961e+02 +2.529065961e+02 -3.2782e+00 -3.4999e+00 +2.1707e+00
3187 +2.303685059e+01 +2.303685059e+01 +2.163068506e+02 +2.163068506e+02 -2.2101e+00 -3.4097e+00 +2.1697e+00
3686 +1.510004402e+01 +1.510004402e+01 +2.083700440e+02 +2.083700440e+02 -1.7975e+00 -3.3287e+00 +2.1684e+00
3828 +8.626550869e+00 +8.626550869e+00 +2.018965509e+02 +2.018965509e+02 -6.8924e-01 -3.3765e+00 +2.1691e+00
4077 +5.606181957e+00 +5.606181957e+00 +1.988761820e+02 +1.988761820e+02 -7.8319e-02 -3.3663e+00 +2.1695e+00
4316 +2.459733366e+00 +2.459733366e+00 +1.957297334e+02 +1.957297334e+02 +1.0932e+00 -3.3644e+00 +2.1698e+00
4412 +1.130538865e+00 +1.130538865e+00 +1.944005389e+02 +1.944005389e+02 +1.7459e+00 -3.3414e+00 +2.1698e+00
4414 +9.431807244e-01 +9.431807244e-01 +1.942131807e+02 +1.942131807e+02 +2.0278e+00 -3.3555e+00 +2.1679e+00
4466 +6.256009712e-01 +6.256009712e-01 +1.938956010e+02 +1.938956010e+02 +1.6279e+00 -3.3451e+00 +2.1682e+00
4600 +3.024436423e-01 +3.024436423e-01 +1.935724436e+02 +1.935724436e+02 +1.6508e+00 -3.3493e+00 +2.1690e+00
4612 +1.573846530e-01 +1.573846530e-01 +1.934273847e+02 +1.934273847e+02 +1.8689e+00 -3.3444e+00 +2.1691e+00
4644 +4.626241197e-02 +4.626241197e-02 +1.933162624e+02 +1.933162624e+02 +1.8392e+00 -3.3415e+00 +2.1688e+00
4811 +1.435834463e-02 +1.435834463e-02 +1.932843583e+02 +1.932843583e+02 +1.9902e+00 -3.3384e+00 +2.1689e+00
4955 +9.687680782e-03 +9.687680782e-03 +1.932796877e+02 +1.932796877e+02 +1.9457e+00 -3.3402e+00 +2.1688e+00
% function evaluation | noise-free fitness - Fopt (-4.190100000000e+02) | best noise-free fitness - Fopt | measured fitness | best measured fitness | x1 | x2...
1 +2.031607604e+06 +2.031607604e+06 +2.031188594e+06 +2.031188594e+06 -1.0630e-03 +8.1523e-01 -1.2248e+00
2 +7.633986724e+05 +7.633986724e+05 +7.629796624e+05 +7.629796624e+05 +1.3978e+00 -3.8039e+00 -1.7498e+00
9 +5.522937196e+05 +5.522937196e+05 +5.518747096e+05 +5.518747096e+05 +2.0801e-01 -1.9843e+00 -3.4501e+00
16 +3.779985012e+05 +3.779985012e+05 +3.775794912e+05 +3.775794912e+05 +3.0780e+00 -8.1006e-01 -2.1015e+00
23 +8.139682023e+04 +8.139682023e+04 +8.097781023e+04 +8.097781023e+04 -4.9444e+00 -3.2608e-01 -2.9282e+00
40 +3.806427121e+04 +3.806427121e+04 +3.764526121e+04 +3.764526121e+04 -4.1674e+00 -2.1792e+00 -2.5575e+00
83 +5.772654373e+03 +5.772654373e+03 +5.353644373e+03 +5.353644373e+03 -3.3644e+00 +2.5453e+00 -2.7443e+00
121 +3.398399106e+03 +3.398399106e+03 +2.979389106e+03 +2.979389106e+03 -2.1191e+00 +2.6909e+00 -2.6102e+00
468 +1.075225973e+03 +1.075225973e+03 +6.562159730e+02 +6.562159730e+02 -8.5739e-01 +2.6632e+00 -2.6296e+00
944 +5.770441455e+01 +5.770441455e+01 -3.613055855e+02 -3.613055855e+02 +6.7429e-02 +3.1010e+00 -2.6685e+00
1020 +2.449112068e+01 +2.449112068e+01 -3.945188793e+02 -3.945188793e+02 -1.4786e-01 +3.0838e+00 -2.6591e+00
3289 +7.566263986e+00 +7.566263986e+00 -4.114437360e+02 -4.114437360e+02 -6.7919e-01 +2.9987e+00 -2.6625e+00
4157 +3.614880728e+00 +3.614880728e+00 -4.153951193e+02 -4.153951193e+02 -1.4713e+00 +3.0119e+00 -2.6617e+00
4316 +2.179455618e+00 +2.179455618e+00 -4.168305444e+02 -4.168305444e+02 -1.7639e+00 +3.0089e+00 -2.6622e+00
4649 +5.160544686e-01 +5.160544686e-01 -4.184939455e+02 -4.184939455e+02 -2.6140e+00 +3.0088e+00 -2.6625e+00
4805 +1.939267262e-01 +1.939267262e-01 -4.188160733e+02 -4.188160733e+02 -2.8837e+00 +3.0102e+00 -2.6625e+00
4872 +1.513277514e-01 +1.513277514e-01 -4.188586722e+02 -4.188586722e+02 -2.9185e+00 +3.0074e+00 -2.6625e+00
% function evaluation | noise-free fitness - Fopt (4.076100000000e+02) | best noise-free fitness - Fopt | measured fitness | best measured fitness | x1 | x2...
1 +6.244092680e+06 +6.244092680e+06 +6.244500290e+06 +6.244500290e+06 -1.5170e+00 -5.1534e-01 +1.2652e+00
5 +3.392406381e+06 +3.392406381e+06 +3.392813991e+06 +3.392813991e+06 -1.7242e+00 +4.7524e+00 +2.1214e+00
15 +2.401229047e+06 +2.401229047e+06 +2.401636657e+06 +2.401636657e+06 +3.3256e+00 +3.2216e+00 +2.4431e+00
17 +9.685868581e+04 +9.685868581e+04 +9.726629581e+04 +9.726629581e+04 +1.9130e+00 -3.1021e+00 +4.1486e+00
33 +5.476922720e+04 +5.476922720e+04 +5.517683720e+04 +5.517683720e+04 +3.2701e+00 +3.7313e+00 +3.8345e+00
34 +1.672212744e+04 +1.672212744e+04 +1.712973744e+04 +1.712973744e+04 -2.9772e+00 -9.1069e-01 +3.9410e+00
98 +1.276184763e+04 +1.276184763e+04 +1.316945763e+04 +1.316945763e+04 +3.1987e+00 -2.5418e-01 +3.9078e+00
234 +1.793967737e+03 +1.793967737e+03 +2.201577737e+03 +2.201577737e+03 -1.3612e+00 -2.9672e+00 +3.8084e+00
469 +1.045174455e+03 +1.045174455e+03 +1.452784455e+03 +1.452784455e+03 -1.3403e+00 -2.5501e+00 +3.8235e+00
725 +3.591634129e+02 +3.591634129e+02 +7.667734129e+02 +7.667734129e+02 -7.3074e-01 -3.8452e+00 +3.8569e+00
1578 +8.021796597e+00 +8.021796597e+00 +4.156317966e+02 +4.156317966e+02 -1.0878e+00 -3.3874e+00 +3.8485e+00
2825 +1.990963264e+00 +1.990963264e+00 +4.096009633e+02 +4.096009633e+02 -1.0976e+00 -3.3506e+00 +3.8475e+00
3599 +6.703632996e-01 +6.703632996e-01 +4.082803633e+02 +4.082803633e+02 -1.1114e+00 -3.3221e+00 +3.8465e+00
3888 +5.022808788e-01 +5.022808788e-01 +4.081122809e+02 +4.081122809e+02 -1.0267e+00 -3.3272e+00 +3.8466e+00
4042 +3.618062495e-01 +3.618062495e-01 +4.079718062e+02 +4.079718062e+02 -1.0517e+00 -3.3351e+00 +3.8465e+00
4614 +2.253734649e-01 +2.253734649e-01 +4.078353735e+02 +4.078353735e+02 -4.8691e-01 -3.3360e+00 +3.8460e+00
4619 +6.219628374e-02 +6.219628374e-02 +4.076721963e+02 +4.076721963e+02 -3.0999e-01 -3.3375e+00 +3.8466e+00
4641 +3.955139290e-02 +3.955139290e-02 +4.076495514e+02 +4.076495514e+02 -4.8731e-01 -3.3351e+00 +3.8462e+00
4797 +1.722166416e-02 +1.722166416e-02 +4.076272217e+02 +4.076272217e+02 -3.6710e-01 -3.3350e+00 +3.8463e+00
4855 +1.261782961e-02 +1.261782961e-02 +4.076226178e+02 +4.076226178e+02 -4.6057e-01 -3.3398e+00 +3.8463e+00
4948 +5.025132078e-03 +5.025132078e-03 +4.076150251e+02 +4.076150251e+02 -4.1196e-01 -3.3364e+00 +3.8464e+00
4965 +3.571035297e-03 +3.571035297e-03 +4.076135710e+02 +4.076135710e+02 -4.2354e-01 -3.3403e+00 +3.8464e+00
% function evaluation | noise-free fitness - Fopt (2.872000000000e+01) | best noise-free fitness - Fopt | measured fitness | best measured fitness | x1 | x2...
1 +1.812950024e+07 +1.812950024e+07 +1.812952896e+07 +1.812952896e+07 -1.6497e+00 -7.6872e-01 +6.5233e-01
5 +2.206096490e+06 +2.206096490e+06 +2.206125210e+06 +2.206125210e+06 -1.6242e+00 +8.3538e-01 -2.0025e+00
7 +1.559358798e+06 +1.559358798e+06 +1.559387518e+06 +1.559387518e+06 -2.3148e+00 +2.8109e+00 -4.7611e+00
10 +4.420923883e+05 +4.420923883e+05 +4.421211083e+05 +4.421211083e+05 -1.1354e+00 +4.0096e+00 -4.2757e+00
35 +1.314995988e+04 +1.314995988e+04 +1.317867988e+04 +1.317867988e+04 -2.5422e-01 -3.9566e+00 -3.4927e+00
72 +9.215656351e+03 +9.215656351e+03 +9.244376351e+03 +9.244376351e+03 -3.5262e+00 -4.2515e+00 -3.5101e+00
418 +3.866745455e+03 +3.866745455e+03 +3.895465455e+03 +3.895465455e+03 -2.3218e+00 -5.0000e+00 -3.5941e+00
448 +1.035355944e+03 +1.035355944e+03 +1.064075944e+03 +1.064075944e+03 -5.0000e+00 -3.8395e+00 -3.6198e+00
636 +8.137755693e+02 +8.137755693e+02 +8.424955693e+02 +8.424955693e+02 -5.0000e+00 -3.7368e+00 -3.6173e+00
836 +5.560980629e+02 +5.560980629e+02 +5.848180629e+02 +5.848180629e+02 -5.0000e+00 -2.7318e+00 -3.5765e+00
1163 +1.566816355e+02 +1.566816355e+02 +1.854016355e+02 +1.854016355e+02 -9.0169e-01 -3.1780e+00 -3.6089e+00
1620 +6.803651058e+01 +6.803651058e+01 +9.675651058e+01 +9.675651058e+01 -2.5719e+00 -2.8721e+00 -3.5943e+00
1721 +1.156750319e+01 +1.156750319e+01 +4.028750319e+01 +4.028750319e+01 -1.6223e+00 -3.0358e+00 -3.5968e+00
1830 +7.349145838e+00 +7.349145838e+00 +3.606914584e+01 +3.606914584e+01 +3.5573e-01 -3.0079e+00 -3.5979e+00
3036 +5.446835396e+00 +5.446835396e+00 +3.416683540e+01 +3.416683540e+01 +2.1933e-01 -3.0240e+00 -3.5972e+00
3395 +3.762700160e+00 +3.762700160e+00 +3.248270016e+01 +3.248270016e+01 +3.0969e-01 -3.0535e+00 -3.5956e+00
3412 +1.752707794e+00 +1.752707794e+00 +3.047270779e+01 +3.047270779e+01 +2.0998e-01 -3.0962e+00 -3.5970e+00
3722 +7.588730702e-01 +7.588730702e-01 +2.947887307e+01 +2.947887307e+01 +1.3555e+00 -3.1034e+00 -3.5974e+00
4014 +3.311629102e-01 +3.311629102e-01 +2.905116291e+01 +2.905116291e+01 +1.5553e+00 -3.1019e+00 -3.5967e+00
4306 +1.237890897e-01 +1.237890897e-01 +2.884378909e+01 +2.884378909e+01 +1.6035e+00 -3.0943e+00 -3.5968e+00
4412 +9.683019873e-02 +9.683019873e-02 +2.881683020e+01 +2.881683020e+01 +1.5904e+00 -3.0918e+00 -3.5967e+00
4512 +3.859944227e-02 +3.859944227e-02 +2.875859944e+01 +2.875859944e+01 +1.4770e+00 -3.0871e+00 -3.5970e+00
4612 +2.465557749e-02 +2.465557749e-02 +2.874465558e+01 +2.874465558e+01 +1.5384e+00 -3.0872e+00 -3.5968e+00
4683 +2.275626470e-03 +2.275626470e-03 +2.872227563e+01 +2.872227563e+01 +1.4370e+00 -3.0842e+00 -3.5968e+00
4897 +6.352513523e-04 +6.352513523e-04 +2.872063525e+01 +2.872063525e+01 +1.4099e+00 -3.0845e+00 -3.5968e+00
4907 +5.473499190e-04 +5.473499190e-04 +2.872054735e+01 +2.872054735e+01 +1.4044e+00 -3.0843e+00 -3.5968e+00
