% function evaluation | noise-free fitness - Fopt (-2.098800000000e+02) | best noise-free fitness - Fopt | measured fitness | best measured fitness | x1 | x2...
1 +3.852172043e+07 +3.852172043e+07 +3.852151055e+07 +3.852151055e+07 -4.8080e+00 +1.9526e-01 -3.2567e-01 +5.8831e-01 +6.0602e-01 +2.4558e+00 -1.4645e+00 -1.4306e+00 +3.4620e+00 -4.7855e+00 +2.1664e-01 -2.9879e-01 -3.5870e+00 +2.2242e+00 -2.5800e+00 +2.3597e+00 +2.1412e+00 -2.4771e+00 +3.1406e+00 -1.5339e+00
3 +2.252122203e+07 +2.252122203e+07 +2.252101215e+07 +2.252101215e+07 +2.8131e+00 +1.7150e+00 -4.4725e+00 -1.3586e+00 -1.6623e+00 +4.9392e+00 -1.0033e+00 -1.2468e+00 -3.9996e+00 -5.3349e-01 -1.2697e+00 -4.3050e+00 +4.4428e+00 -1.8902e+00 +2.9371e+00 +4.2586e+00 -1.2484e+00 -2.8518e+00 +4.1293e-01 +4.3698e+00
4 +1.317363121e+07 +1.317363121e+07 +1.317342133e+07 +1.317342133e+07 -3.0992e+00 -2.6877e+00 -4.0635e+00 -2.1651e+00 -2.1908e+00 +3.8511e+00 -2.4085e+00 -4.3503e+00 +3.1877e+00 -2.3447e+00 -1.2445e+00 +2.7528e+00 -3.3681e+00 -7.2622e-01 -1.3765e+00 +3.5193e+00 -1.7468e+00 +4.6848e+00 -1.3382e-01 +4.2691e+00
6 +6.810560484e+06 +6.810560484e+06 +6.810350604e+06 +6.810350604e+06 +1.9659e+00 +2.3175e-01 -2.8421e+00 -1.7308e+00 -3.8256e+00 +3.4015e+00 +3.2729e+00 -3.0483e+00 -2.3873e+00 +4.9321e+00 +2.8398e-01 -2.7246e+00 -4.6780e+00 -4.3529e+00 +2.8758e+00 +3.1664e+00 +1.6274e+00 +3.9818e+00 -2.9503e+00 +2.1297e+00
15 +4.105867852e+06 +4.105867852e+06 +4.105657972e+06 +4.105657972e+06 +3.6207e+00 +2.6075e+00 -3.3699e+00 +8.3669e-01 +2.8785e+00 +1.1191e+00 -3.1074e+00 +3.8410e+00 -3.6948e+00 +3.9737e+00 -8.7580e-01 +2.7129e+00 -1.7644e+00 -7.5943e-01 +4.8614e-01 -4.1974e+00 -3.5703e+00 +4.4855e+00 -3.8758e+00 +3.2971e+00
16 +1.904198957e+06 +1.904198957e+06 +1.903989077e+06 +1.903989077e+06 +1.5217e+00 +1.6623e+00 +3.8281e+00 -3.7454e+00 -3.6082e+00 +1.0792e+00 -3.0435e-01 +4.9711e+00 +1.3521e+00 +6.0563e-01 +6.2887e-01 -4.7751e+00 +3.8782e+00 -4.0337e+00 -2.1087e+00 -2.1302e+00 -3.5140e+00 +1.5401e+00 -2.6269e+00 +9.6396e-01
424 +1.576600061e+06 +1.576600061e+06 +1.576390181e+06 +1.576390181e+06 -2.3028e+00 +1.2712e+00 +4.1365e+00 -5.0000e+00 -4.6517e+00 -1.0736e-01 -2.5299e+00 +4.9914e+00 +8.9902e-01 +3.7832e-01 -4.5435e+00 -4.8853e+00 +4.6260e+00 -4.0714e+00 +8.8278e-01 -5.0000e+00 -5.0000e+00 +3.0762e+00 -1.8687e+00 +1.1600e+00
481 +8.560381835e+05 +8.560381835e+05 +8.558283035e+05 +8.558283035e+05 +2.7163e+00 -3.6223e-01 +3.1793e+00 -3.0315e+00 -3.5368e+00 +0.0000e+00 -1.2193e-01 +4.4664e+00 +1.3925e+00 +1.6455e-02 -3.4502e-01 -1.8308e+00 +5.0000e+00 -1.5365e-01 -2.1050e+00 -2.6986e+00 -3.2111e+00 +1.9072e+00 -2.7806e+00 +1.3901e+00
811 +6.161134160e+05 +6.161134160e+05 +6.159035360e+05 +6.159035360e+05 +1.6203e+00 -1.5527e+00 +2.0570e+00 -4.5694e+00 -6.9640e-01 +3.8007e+00 -1.2597e+00 +4.7242e+00 -4.7044e+00 +3.8828e+00 -1.1925e+00 -3.1261e+00 +4.0135e+00 +1.1679e+00 +9.3288e-01 -4.6763e+00 -2.8356e+00 +3.3206e+00 -2.1849e+00 +1.5068e+00
859 +3.809981152e+05 +3.809981152e+05 +3.807882352e+05 +3.807882352e+05 +1.4834e+00 +4.1801e-01 +5.0000e+00 -3.0690e+00 -2.1415e+00 +2.6108e+00 -9.6932e-01 +3.8857e+00 -3.5998e+00 +3.8174e+00 +2.5066e+00 +0.0000e+00 +2.5828e+00 -1.2566e+00 -3.7185e+00 -3.1817e+00 -3.3855e+00 +3.8633e+00 -2.3791e+00 +1.6652e+00
1146 +1.467527178e+05 +1.467527178e+05 +1.465428378e+05 +1.465428378e+05 +4.0688e-01 +8.2175e-01 +3.5697e+00 -3.7139e+00 -5.0000e+00 +4.5394e+00 -8.2831e-01 +3.7517e+00 +1.6269e+00 +2.2933e+00 -2.9376e-01 -8.4848e-01 +1.9725e+00 -1.5460e+00 -2.2168e+00 -3.1422e+00 -2.9641e+00 +3.4431e+00 -2.3320e+00 +1.7663e+00
2312 +9.339655946e+04 +9.339655946e+04 +9.318667946e+04 +9.318667946e+04 +1.1151e+00 +4.7934e-01 +3.6745e+00 -2.5564e+00 -5.0000e+00 +4.5020e+00 -1.3102e+00 +3.6242e+00 +1.9915e+00 +2.8802e+00 -1.4044e+00 -1.2743e+00 +3.2472e+00 -1.6638e+00 -2.0417e+00 -3.2311e+00 -3.3310e+00 +2.9033e+00 -2.3778e+00 +2.0327e+00
2605 +5.198060326e+04 +5.198060326e+04 +5.177072326e+04 +5.177072326e+04 +1.2590e+00 -1.9800e-02 +3.7708e+00 -2.6502e+00 -4.3899e+00 +4.5247e+00 -9.8410e-01 +3.2544e+00 +1.1673e+00 +2.6871e+00 +1.9808e-01 -1.1633e+00 +3.2705e+00 -1.1974e+00 -2.3089e+00 -3.7758e+00 -3.1400e+00 +3.1199e+00 -2.4717e+00 +1.8540e+00
2980 +3.512244202e+04 +3.512244202e+04 +3.491256202e+04 +3.491256202e+04 +5.4829e-02 +2.0890e-01 +4.1269e+00 -7.6528e-02 -4.9632e+00 +4.8725e+00 -1.0717e+00 +3.1538e+00 +1.2446e+00 +2.6891e+00 +4.5444e-01 -1.4844e-01 +3.1863e+00 -1.2264e+00 -1.2047e+00 -3.6918e+00 -3.0721e+00 +3.2814e+00 -2.3510e+00 +1.9490e+00
3404 +2.116701945e+04 +2.116701945e+04 +2.095713945e+04 +2.095713945e+04 +1.5384e+00 +2.2360e+00 +3.3089e+00 -4.1385e+00 -3.8157e+00 +4.4627e+00 -2.7352e-01 +3.8421e+00 +4.0119e-01 +2.7743e+00 +4.3462e-01 +1.1235e+00 +4.0354e+00 -1.0948e+00 -2.0372e+00 -3.3863e+00 -3.0789e+00 +3.0870e+00 -2.3693e+00 +1.9248e+00
3502 +1.007436541e+04 +1.007436541e+04 +9.864485414e+03 +9.864485414e+03 +1.3071e+00 -1.7596e-01 +3.6882e+00 -2.4200e+00 -3.7117e+00 +4.6005e+00 +4.0184e-01 +2.9779e+00 -1.1968e-01 +2.5780e+00 +3.5488e-01 +2.3290e+00 +4.0082e+00 -1.2387e+00 -1.2849e+00 -3.7062e+00 -2.9619e+00 +3.0669e+00 -2.4324e+00 +1.9381e+00
3682 +9.922634139e+03 +9.922634139e+03 +9.712754139e+03 +9.712754139e+03 +1.1392e+00 -3.9789e-01 +3.9976e+00 -5.1418e-01 -3.6783e+00 +4.5262e+00 -1.1975e+00 +2.9986e+00 -3.2306e-01 +3.0250e+00 +6.6129e-01 +2.1977e+00 +3.9828e+00 -1.4554e+00 -1.3364e+00 -3.6841e+00 -3.0167e+00 +3.1196e+00 -2.4533e+00 +1.9012e+00
4113 +5.832075092e+03 +5.832075092e+03 +5.622195092e+03 +5.622195092e+03 +1.0210e+00 -4.5417e-01 +3.9226e+00 -5.6263e-01 -3.7718e+00 +4.5679e+00 -4.6700e-01 +2.9650e+00 -4.3939e-01 +2.2277e+00 +2.2134e-01 +1.3386e+00 +3.8755e+00 -1.4203e+00 -1.4771e+00 -3.8358e+00 -3.0722e+00 +3.1407e+00 -2.4112e+00 +1.9262e+00
4472 +3.837643008e+03 +3.837643008e+03 +3.627763008e+03 +3.627763008e+03 +9.9087e-01 -5.5472e-01 +3.8317e+00 -1.5557e+00 -3.7882e+00 +4.5822e+00 +1.1119e-01 +2.9794e+00 -6.7650e-01 +2.1114e+00 +4.9973e-01 +1.5935e+00 +3.8530e+00 -1.4940e+00 -1.5071e+00 -3.7948e+00 -3.0834e+00 +3.0932e+00 -2.4029e+00 +1.9255e+00
% function evaluation | noise-free fitness - Fopt (-9.209000000000e+01) | best noise-free fitness - Fopt | measured fitness | best measured fitness | x1 | x2...
1 +2.340747362e+07 +2.340747362e+07 +2.340738153e+07 +2.340738153e+07 -3.0486e+00 +2.3713e+00 -4.6833e+00 -2.8364e+00 +3.7796e-01 +4.1252e+00 -4.0284e+00 -1.8336e+00 -1.3253e+00 -3.8594e+00 +2.2092e+00 -4.8040e+00 +3.0780e+00 -4.6460e-01 +1.0730e+00 -3.6532e-01 +2.5336e+00 +1.2321e+00 +2.1061e-01 +2.5673e+00
4 +7.011184648e+06 +7.011184648e+06 +7.011092558e+06 +7.011092558e+06 -1.7817e+00 +1.6832e+00 +4.1460e+00 +9.0899e-02 +3.9832e+00 +4.8316e+00 +2.4284e+00 +4.9814e+00 +2.6286e+00 -2.1294e+00 -1.7354e+00 +4.3736e+00 +3.0492e+00 +1.8122e+00 +2.1932e+00 -4.6171e+00 +2.0585e-02 +2.0659e+00 +1.2257e+00 -2.8426e+00
18 +5.887309220e+06 +5.887309220e+06 +5.887217130e+06 +5.887217130e+06 +1.6722e-01 +8.2040e-01 +4.9518e+00 -4.6188e+00 +2.5683e+00 +4.9732e+00 -2.0785e+00 +3.6451e+00 +2.9214e+00 -1.7545e+00 -5.4324e-01 -2.7501e+00 -2.4141e+00 -2.6535e+00 +4.5390e-01 +1.6649e+00 -9.1409e-01 +2.4480e-01 +3.7265e+00 -1.6729e+00
51 +3.321473704e+06 +3.321473704e+06 +3.321381614e+06 +3.321381614e+06 -3.9566e+00 -4.9012e+00 +4.2247e+00 -3.1638e+00 -2.5987e+00 +1.7934e+00 +7.7350e-02 +1.4489e+00 -2.9483e-01 +4.6700e+00 +1.5465e+00 +4.5514e+00 +1.0301e+00 -2.2991e+00 -2.1797e+00 -1.2305e+00 -2.3085e+00 +9.5846e-01 +1.3035e+00 -1.4239e+00
165 +2.142189432e+06 +2.142189432e+06 +2.142097342e+06 +2.142097342e+06 -1.4933e+00 +2.4491e+00 -1.0315e+00 -2.8109e+00 -3.7288e+00 +1.0544e+00 -1.2205e+00 +2.6211e+00 +6.1821e-02 -3.6863e+00 +5.4928e-01 +9.1385e-01 +1.4208e+00 -2.4336e+00 -2.0407e+00 +1.2187e+00 -1.4762e+00 +4.5987e+00 +1.2657e+00 -1.1832e+00
258 +1.536790492e+06 +1.536790492e+06 +1.536698402e+06 +1.536698402e+06 +3.2988e-01 -5.0000e+00 +5.1369e-01 -5.0000e+00 -3.1500e+00 -2.3858e+00 -1.4490e+00 -1.1547e+00 +3.3722e+00 -8.8643e-01 +3.8266e+00 +4.8388e-02 -1.1715e+00 -4.1639e+00 +5.0000e+00 +1.9988e+00 -1.7494e+00 +5.0000e+00 +1.9745e+00 -1.0901e+00
611 +6.954928836e+05 +6.954928836e+05 +6.954007936e+05 +6.954007936e+05 -9.9011e-01 -6.5113e-01 +0.0000e+00 -7.9826e-01 -3.6623e+00 -1.5698e+00 +4.7812e+00 -1.9386e-01 -9.7762e-01 -2.6928e+00 +8.8720e-01 -3.2647e+00 -2.2716e+00 +1.4440e-01 +4.1037e+00 +2.2473e+00 -2.9645e+00 +2.5498e+00 +1.7631e+00 -1.7316e+00
862 +4.946219719e+05 +4.946219719e+05 +4.945298819e+05 +4.945298819e+05 -2.1634e+00 -5.5469e-01 +6.2921e-01 +1.4708e+00 -5.0000e+00 -2.5797e+00 +5.0000e+00 +3.9731e-01 -4.8879e+00 -3.3106e+00 +3.1349e+00 -5.0000e+00 -3.5252e+00 -2.3279e+00 +4.5371e+00 +1.1718e+00 -5.0000e+00 +2.9445e+00 +1.8244e+00 -1.2084e+00
1262 +2.889694019e+05 +2.889694019e+05 +2.888773119e+05 +2.888773119e+05 -1.3077e+00 -1.6477e-01 +7.7855e-01 +2.6502e+00 -5.0000e+00 -1.9301e+00 +3.0999e+00 +4.1527e-01 -3.4319e+00 -2.7762e+00 +2.6948e+00 -3.9074e+00 +4.7251e-01 +1.4596e+00 +4.1007e+00 +1.2979e+00 -4.5189e+00 +4.0058e+00 +1.3905e+00 -1.2432e+00
1755 +1.875628935e+05 +1.875628935e+05 +1.874708035e+05 +1.874708035e+05 -1.9509e+00 +1.9697e+00 -1.9528e+00 +4.0132e+00 -5.0000e+00 -2.2658e+00 +2.7083e+00 +3.7493e+00 -2.3883e+00 -2.3170e+00 +2.9710e+00 -2.6497e+00 -2.7257e+00 +8.7325e-01 +4.5367e+00 +1.3992e+00 -4.3133e+00 +3.1693e+00 +1.6049e+00 -1.2064e+00
1967 +9.898015924e+04 +9.898015924e+04 +9.888806924e+04 +9.888806924e+04 -3.2690e+00 +0.0000e+00 -2.7942e+00 +2.4364e+00 -5.0000e+00 -2.4792e+00 +3.5245e+00 +2.3159e-01 -3.8896e+00 -1.8968e+00 +2.9686e+00 -4.5637e+00 -2.6601e+00 +4.8791e-01 +3.7082e+00 +1.5003e+00 -4.2536e+00 +3.6895e+00 +1.7450e+00 -1.4459e+00
2618 +4.204913990e+04 +4.204913990e+04 +4.195704990e+04 +4.195704990e+04 -2.0054e+00 -8.9515e-01 -2.1197e+00 +1.9228e+00 -4.1593e+00 -2.8039e+00 +2.9529e+00 -6.0996e-01 -4.8707e+00 -1.4384e+00 +2.4540e+00 -3.2679e+00 -1.8014e+00 +4.2783e-01 +3.5384e+00 +1.0032e+00 -4.0301e+00 +3.7024e+00 +1.8470e+00 -1.3971e+00
2934 +3.967726632e+04 +3.967726632e+04 +3.958517632e+04 +3.958517632e+04 -1.6338e+00 +9.9754e-01 -3.4219e+00 +2.2677e+00 -4.0927e+00 -2.9033e+00 +2.6981e+00 -2.3330e-01 -4.0803e+00 -1.1026e+00 +2.5768e+00 -3.6582e+00 -2.7702e+00 +6.1651e-01 +3.4491e+00 +6.4600e-01 -3.9617e+00 +3.6960e+00 +1.7622e+00 -1.2995e+00
3421 +2.404455564e+04 +2.404455564e+04 +2.395246564e+04 +2.395246564e+04 -2.4687e+00 +1.0869e+00 -3.1470e+00 +1.9275e+00 -3.6505e+00 -2.6976e+00 +1.9986e+00 -3.8069e-01 -3.9573e+00 -1.1167e+00 +2.5614e+00 -2.5299e+00 -1.7444e+00 +6.5955e-01 +3.5577e+00 +6.4987e-01 -3.9514e+00 +3.7444e+00 +1.7663e+00 -1.3885e+00
3979 +1.549981416e+04 +1.549981416e+04 +1.540772416e+04 +1.540772416e+04 -2.8087e+00 +1.5171e-02 -2.8836e+00 +1.9555e+00 -3.8238e+00 -1.9833e+00 +1.9218e+00 -1.9850e+00 -1.5142e+00 -1.1807e+00 +2.9812e+00 -1.6468e+00 -2.0762e+00 +4.6355e-01 +3.7067e+00 +6.1355e-01 -3.9543e+00 +3.7745e+00 +1.8267e+00 -1.3649e+00
4212 +9.851219280e+03 +9.851219280e+03 +9.759129280e+03 +9.759129280e+03 -3.3745e+00 +5.0685e-01 -3.2406e+00 +1.9660e+00 -3.7072e+00 -2.0234e+00 +1.9219e+00 -1.1344e+00 -6.6512e-01 -1.0233e+00 +3.0406e+00 -1.5855e+00 -2.0905e+00 +7.1078e-01 +3.7166e+00 +6.4744e-01 -3.9226e+00 +3.7212e+00 +1.8448e+00 -1.3435e+00
4801 +6.239917063e+03 +6.239917063e+03 +6.147827063e+03 +6.147827063e+03 -3.3221e+00 +8.5668e-01 -3.2173e+00 +1.9792e+00 -3.8553e+00 -2.1959e+00 +1.9592e+00 +2.2164e-01 -5.0734e-01 -8.6500e-01 +3.3641e+00 -1.7295e+00 -2.0413e+00 +6.8512e-01 +3.7042e+00 +6.7032e-01 -3.8841e+00 +3.6820e+00 +1.8245e+00 -1.3640e+00
% function evaluation | noise-free fitness - Fopt (-8.789000000000e+01) | best noise-free fitness - Fopt | measured fitness | best measured fitness | x1 | x2...
1 +2.574740297e+07 +2.574740297e+07 +2.574731508e+07 +2.574731508e+07 -1.9125e+00 -1.4683e+00 +2.7620e+00 -3.1142e-01 -2.8005e+00 -2.8467e+00 -4.9891e+00 +2.3976e+00 -1.2462e+00 -3.7959e+00 -1.5129e+00 +2.8748e+00 -1.4156e+00 -3.7285e-01 -1.6491e-01 +4.1696e+00 -1.8216e+00 +2.0535e+00 -1.6288e+00 -1.8338e+00
2 +1.073646433e+07 +1.073646433e+07 +1.073637644e+07 +1.073637644e+07 +3.0423e+00 +2.3548e+00 -4.9764e+00 -6.9872e-02 +2.6174e+00 -4.6451e+00 -2.5589e+00 -7.8583e-01 +8.1493e-01 +3.4319e+00 +1.0790e+00 -4.2074e+00 +1.3137e+00 -6.1568e-01 +4.6189e+00 -3.7465e+00 -9.7042e-01 +1.8437e+00 -3.9885e+00 +7.5887e-01
5 +5.727443314e+06 +5.727443314e+06 +5.727355424e+06 +5.727355424e+06 +3.2254e+00 +2.6144e+00 +2.7169e+00 -4.6178e+00 +7.6403e-01 -1.4082e+00 -3.4580e-01 +1.4484e+00 +4.2262e+00 -4.3238e+00 -4.0314e-01 -1.1903e+00 -4.0443e+00 -3.1054e+00 +9.6169e-02 -3.4150e+00 +2.9136e-01 +2.2947e+00 +1.9661e+00 +2.2325e+00
15 +3.054119141e+06 +3.054119141e+06 +3.054031251e+06 +3.054031251e+06 +3.2330e+00 -9.5724e-01 -1.6643e+00 -1.5082e+00 -1.7908e+00 -2.0742e+00 -4.1418e+00 -2.2840e+00 -1.5097e+00 +2.8215e+00 -5.0455e-01 -3.3776e+00 -2.1049e+00 +4.7356e+00 -2.8068e+00 +4.9787e-01 -2.5581e+00 +4.4313e+00 -1.1276e+00 +1.8508e+00
155 +1.741108701e+06 +1.741108701e+06 +1.741020811e+06 +1.741020811e+06 -4.2542e+00 -2.0685e-01 -3.2196e+00 -4.4099e+00 -7.2377e-01 +4.7610e+00 +1.2257e+00 +2.2812e+00 +3.8621e+00 -1.5511e+00 -2.3463e+00 -1.3357e+00 -3.8194e+00 +9.3381e-01 +4.4090e+00 +8.7940e-01 -1.2295e+00 +2.3333e+00 -1.3404e+00 +3.1959e+00
370 +6.306120539e+05 +6.306120539e+05 +6.305241639e+05 +6.305241639e+05 -1.0396e+00 -5.0000e+00 +5.3020e-01 -5.0000e+00 -1.1740e+00 +8.1453e-01 +4.8522e+00 -8.9250e-01 -1.0331e+00 -1.2475e+00 -1.1078e+00 -2.0715e+00 +4.7087e+00 +2.2263e+00 -3.6344e-01 -4.4131e+00 +5.2241e-02 +2.7571e+00 -1.2292e+00 +2.9777e+00
1026 +3.237813949e+05 +3.237813949e+05 +3.236935049e+05 +3.236935049e+05 +5.0000e+00 -1.7510e+00 +5.0000e+00 -5.0000e+00 +1.5047e+00 -5.0000e+00 -3.8798e+00 -2.8452e+00 -4.4781e-01 +5.0000e+00 +2.2942e+00 -1.2428e+00 +3.5247e+00 +2.2056e+00 -2.3627e+00 -2.5351e+00 -3.1796e-01 +2.7143e+00 -1.0251e+00 +2.7433e+00
1482 +2.179782267e+05 +2.179782267e+05 +2.178903367e+05 +2.178903367e+05 +3.9602e+00 -3.8026e+00 +0.0000e+00 -4.4241e+00 +5.6225e-01 -5.0000e+00 -5.0000e+00 -3.2662e+00 +4.7619e+00 +4.7255e+00 +2.6716e+00 +1.2401e+00 +4.7259e-01 +1.8983e+00 -7.3843e-01 -1.0082e+00 -1.0494e+00 +3.8397e+00 -1.0123e+00 +2.9990e+00
1601 +1.349505455e+05 +1.349505455e+05 +1.348626555e+05 +1.348626555e+05 +3.5654e+00 -2.7589e+00 -1.6512e+00 -3.3036e+00 +2.1737e+00 -5.0000e+00 -5.0000e+00 -3.7397e+00 +4.6584e+00 +4.4757e+00 +1.8294e+00 -5.4078e-01 +2.3971e+00 +1.1270e+00 -7.8437e-01 -1.2644e+00 -4.9596e-01 +3.8373e+00 -1.0212e+00 +3.1979e+00
1846 +5.034967113e+04 +5.034967113e+04 +5.026178113e+04 +5.026178113e+04 +4.6151e+00 -3.3720e+00 -1.4933e+00 -3.0500e+00 +2.2906e+00 -5.0000e+00 -5.0000e+00 -4.4748e+00 +1.9103e+00 +4.3845e+00 +2.9561e+00 -1.3430e+00 +2.5333e+00 +1.4862e+00 -8.9321e-01 -1.7229e+00 -3.8055e-01 +3.2042e+00 -9.6178e-01 +3.1674e+00
2602 +3.710099204e+04 +3.710099204e+04 +3.701310204e+04 +3.701310204e+04 +5.0000e+00 -3.5776e+00 -1.3074e+00 -3.2287e+00 +2.1462e+00 -3.3275e+00 +2.2602e+00 -3.5559e+00 +1.8948e+00 +4.2237e+00 +3.0005e+00 -1.8448e+00 +2.6947e+00 +1.0094e+00 -1.4193e+00 -1.7380e+00 -3.6217e-01 +3.1856e+00 -9.1549e-01 +3.0130e+00
3013 +1.683766000e+04 +1.683766000e+04 +1.674977000e+04 +1.674977000e+04 +4.9983e+00 -3.8022e+00 -2.6942e+00 -2.8313e+00 +2.6416e+00 -3.6431e+00 -2.1921e+00 -3.1218e+00 +1.6829e+00 +4.1684e+00 +2.8417e+00 -1.8911e+00 +2.7171e+00 +8.6381e-01 -9.0077e-01 -1.5396e+00 -6.1560e-01 +3.3202e+00 -9.8653e-01 +3.0188e+00
3413 +1.211991135e+04 +1.211991135e+04 +1.203202135e+04 +1.203202135e+04 +4.9960e+00 -3.8610e+00 -2.7999e+00 -2.7322e+00 +2.7410e+00 -2.9818e+00 -2.2064e+00 -2.6077e+00 +1.6849e+00 +4.1560e+00 +2.8474e+00 -2.0261e+00 +2.7562e+00 +9.3339e-01 -8.4050e-01 -1.5212e+00 -4.4813e-01 +3.3853e+00 -1.0125e+00 +3.0168e+00
3704 +9.691767134e+03 +9.691767134e+03 +9.603877134e+03 +9.603877134e+03 +5.0000e+00 -3.8844e+00 -3.3367e+00 -2.5926e+00 +3.3212e+00 -1.8654e+00 -3.3783e+00 -2.2124e+00 -3.1823e-01 +4.0950e+00 +2.8527e+00 -2.3653e+00 +2.6613e+00 +9.2267e-01 -9.5919e-01 -1.5107e+00 -3.9526e-01 +3.2549e+00 -9.7995e-01 +3.0124e+00
4233 +5.963000693e+03 +5.963000693e+03 +5.875110693e+03 +5.875110693e+03 +5.0000e+00 -3.8701e+00 -3.2175e+00 -2.6260e+00 +2.6559e+00 -1.2851e+00 -2.7352e+00 -2.2960e+00 -7.9263e-01 +4.2284e+00 +3.1099e+00 -2.3082e+00 +2.5459e+00 +9.0054e-01 -7.6222e-01 -1.5624e+00 -4.6914e-01 +3.3234e+00 -9.8139e-01 +3.0080e+00
% function evaluation | noise-free fitness - Fopt (3.201900000000e+02) | best noise-free fitness - Fopt | measured fitness | best measured fitness | x1 | x2...
1 +3.356136601e+07 +3.356136601e+07 +3.356168620e+07 +3.356168620e+07 +7.9429e-01 +5.4723e-01 +3.7648e+00 +1.2696e+00 +2.8610e+00 +1.8259e+00 +2.7691e+00 +1.3697e+00 +4.5529e+00 -4.2219e+00 +3.9354e+00 -4.3510e+00 +2.1351e+00 +3.4325e+00 -2.0588e-01 -3.9942e+00 +3.5673e+00 -1.1255e+00 -1.4377e+00 -3.4189e+00
3 +1.596843625e+07 +1.596843625e+07 +1.596875644e+07 +1.596875644e+07 +8.6119e-01 +4.1931e+00 -4.5750e+00 -3.7849e+00 -2.4368e+00 +2.4430e+00 +4.8725e+00 +2.4380e+00 +2.3186e+00 +2.7412e+00 -4.4627e+00 -1.5149e+00 -1.7632e+00 +4.9962e+00 +3.4401e+00 -2.2855e+00 +6.8491e-01 +6.0751e-01 +7.7067e-01 +4.7792e+00
4 +1.223766751e+07 +1.223766751e+07 +1.223798770e+07 +1.223798770e+07 -6.4651e-01 +4.2014e+00 -3.2589e+00 +7.3744e-01 +1.7746e+00 -3.3536e+00 +4.8057e+00 +2.4288e+00 +3.8860e+00 +2.0267e+00 +2.4855e+00 +1.4805e+00 -1.6911e+00 +4.6650e+00 -3.5532e+00 +2.1620e+00 +5.8482e-01 -3.7793e+00 +4.8101e-02 +3.0531e+00
7 +8.793406022e+06 +8.793406022e+06 +8.793726212e+06 +8.793726212e+06 -1.6729e-01 -1.7975e-01 +2.8119e+00 -8.6896e-02 +2.0723e+00 +2.3275e+00 -2.7366e+00 -4.1139e+00 +4.0470e+00 +2.0435e+00 +4.7071e-01 -2.2980e+00 -3.9374e+00 -4.6095e+00 +6.6822e-01 +4.6321e+00 -3.2581e-02 -2.3881e+00 +3.5491e+00 -6.9181e-01
20 +2.379742369e+06 +2.379742369e+06 +2.380062559e+06 +2.380062559e+06 +5.8722e-01 +2.6676e+00 +1.3914e+00 +3.5770e+00 +2.4574e+00 +4.4001e+00 -9.3557e-01 +3.2918e+00 -2.6982e-01 -3.7389e+00 +4.3218e-01 -1.9571e-02 -1.2203e-01 -4.8688e+00 +4.4402e+00 -1.7724e+00 +8.7354e-01 +9.2647e-01 +2.4302e+00 +1.6498e+00
398 +1.468819952e+06 +1.468819952e+06 +1.469140142e+06 +1.469140142e+06 +2.1109e+00 +2.8362e-01 -3.1702e+00 -5.0000e+00 -7.6703e-01 -9.7744e-01 +2.9660e+00 +3.1756e+00 -3.5867e+00 +5.0000e+00 -2.5113e+00 -2.0524e+00 -2.6310e+00 -2.0882e+00 +1.4678e+00 -1.4804e+00 +2.7802e+00 +7.1356e-01 +3.4679e+00 +1.1975e+00
543 +7.693976386e+05 +7.693976386e+05 +7.697178286e+05 +7.697178286e+05 -1.3814e+00 +0.0000e+00 +1.6166e+00 -9.4295e-01 -5.0000e+00 -2.3676e+00 +4.6450e+00 +2.7122e+00 -7.8333e-01 +4.0063e+00 -2.9026e+00 +3.2501e+00 -3.5115e+00 -3.5234e+00 +1.0872e+00 -3.3674e-01 +4.1089e+00 +1.0681e+00 +2.4010e+00 +1.0673e+00
936 +5.237904296e+05 +5.237904296e+05 +5.241106196e+05 +5.241106196e+05 -3.8565e+00 -7.1445e-01 +4.9752e+00 +5.0000e+00 -4.5249e+00 -1.7101e+00 +2.4754e+00 +1.8580e+00 +2.5691e+00 +3.4913e+00 -1.9442e+00 +2.6862e+00 +2.3097e+00 -4.2624e+00 +2.7351e+00 +1.9283e+00 +3.9239e+00 +1.0989e+00 +3.4112e+00 +1.2341e+00
1010 +3.568060455e+05 +3.568060455e+05 +3.571262355e+05 +3.571262355e+05 -5.0000e+00 -7.4607e-01 +7.5783e-01 +5.0000e+00 -5.0000e+00 -2.0488e+00 +3.0271e+00 +9.7966e-01 +1.1030e+00 +3.4457e+00 -2.4958e+00 +2.0298e+00 +2.1590e+00 -3.0406e+00 +7.8740e-01 +3.2369e+00 +3.7795e+00 +7.3630e-01 +3.3628e+00 +1.2477e+00
1286 +2.357366157e+05 +2.357366157e+05 +2.360568057e+05 +2.360568057e+05 -1.1401e+00 -1.7704e+00 +4.7716e+00 +4.5767e+00 -4.7538e+00 -3.3812e+00 -8.5136e-01 +1.7813e+00 +5.0000e+00 +3.3114e+00 +3.5836e-01 +5.5143e-01 +3.9414e+00 -1.7264e+00 +1.0644e+00 +2.6936e+00 +3.0370e+00 +5.8918e-01 +2.7845e+00 +1.5944e+00
1867 +1.382970137e+05 +1.382970137e+05 +1.386172037e+05 +1.386172037e+05 -1.7877e+00 -2.4699e+00 +4.5129e+00 +3.2583e+00 -4.3499e+00 -4.3062e-02 -1.0029e-01 +1.8144e+00 +3.5435e+00 +3.3509e+00 +5.0824e-01 +7.0772e-01 +2.5049e+00 -1.9981e+00 +1.5908e+00 +1.9961e+00 +3.1954e+00 +5.8498e-01 +2.7893e+00 +1.2509e+00
2616 +9.181864391e+04 +9.181864391e+04 +9.213883391e+04 +9.213883391e+04 -2.4769e+00 -1.4919e+00 +4.2595e+00 +2.9837e+00 -4.3156e+00 +1.5643e-01 +1.3153e+00 +2.0304e+00 +2.7272e+00 +3.0926e+00 -3.5762e-01 +2.8412e-01 +0.0000e+00 -1.7932e+00 +9.7559e-01 +2.1770e+00 +3.4648e+00 +6.4514e-01 +2.8127e+00 +1.2375e+00
3014 +6.024910949e+04 +6.024910949e+04 +6.056929949e+04 +6.056929949e+04 -1.0582e+00 -4.2451e+00 +4.2814e+00 +1.8675e+00 -3.9265e+00 -1.2453e+00 +2.0802e+00 +1.9188e+00 +2.3734e+00 +3.4289e+00 +4.8623e-01 +1.6576e+00 +1.6522e+00 -2.7324e+00 +1.3756e+00 +2.8020e+00 +3.5855e+00 +8.3947e-01 +2.6330e+00 +1.3131e+00
3367 +3.816863001e+04 +3.816863001e+04 +3.848882001e+04 +3.848882001e+04 -3.8323e+00 -2.5519e+00 +4.2195e+00 +2.0674e+00 -4.0350e+00 -6.0905e-01 -1.8824e+00 +1.7267e+00 +1.8098e+00 +3.1302e+00 +1.2693e+00 +2.2731e+00 +7.4356e-01 -2.1887e+00 +8.6148e-01 +2.7162e+00 +3.5884e+00 +6.9774e-01 +2.5650e+00 +1.3577e+00
4249 +2.454208100e+04 +2.454208100e+04 +2.486227100e+04 +2.486227100e+04 -3.6295e+00 -2.8419e+00 +4.0228e+00 +2.1252e+00 -3.9959e+00 -9.2078e-01 +7.1829e-01 +1.7017e+00 +1.7761e+00 +3.1362e+00 +6.1475e-01 +2.2153e+00 +4.5710e-01 -1.7524e+00 +1.3825e+00 +2.5476e+00 +3.6076e+00 +7.1705e-01 +2.6014e+00 +1.3403e+00
% function evaluation | noise-free fitness - Fopt (-1.042400000000e+02) | best noise-free fitness - Fopt | measured fitness | best measured fitness | x1 | x2...
1 +3.534392801e+07 +3.534392801e+07 +3.534382377e+07 +3.534382377e+07 +3.2340e+00 +1.3455e+00 +1.4048e+00 +4.5050e+00 -3.1715e+00 +3.8109e+00 -4.6296e+00 +6.7533e-01 -4.4883e+00 -3.4607e+00 +5.3264e-01 +2.1630e-01 -1.9042e+00 +1.7258e+00 -1.9004e+00 +2.8210e+00 +4.5924e+00 +4.1010e+00 -4.9216e+00 -1.2978e+00
2 +3.988895714e+06 +3.988895714e+06 +3.988791474e+06 +3.988791474e+06 +2.1866e+00 +4.9194e+00 +5.7711e-01 +2.8360e+00 -2.8225e+00 +2.7399e+00 +4.7850e+00 +1.0285e+00 -1.6328e+00 +2.3354e+00 +3.4222e+00 +2.5134e+00 +2.7743e+00 +1.7533e+00 -2.5367e+00 +9.1237e-01 +2.8595e+00 -4.4391e+00 +1.5189e+00 -4.3216e+00
33 +3.097169674e+06 +3.097169674e+06 +3.097065434e+06 +3.097065434e+06 +5.3167e-01 +3.4994e+00 -1.8358e+00 +1.5917e+00 +7.9572e-01 +4.7140e+00 -2.6329e+00 -3.8671e+00 -2.9698e+00 +1.4413e-01 +7.0756e-01 -4.4617e+00 +3.3272e+00 -3.1750e+00 +2.6197e+00 -3.1646e+00 +3.2266e+00 +4.2654e-01 +1.2231e+00 -3.3839e+00
113 +1.818386309e+06 +1.818386309e+06 +1.818282069e+06 +1.818282069e+06 +4.3379e+00 +5.7408e-01 -2.6552e+00 +4.5365e+00 -1.9098e+00 +4.6897e+00 -4.7483e+00 +9.4033e-01 -2.5500e+00 -4.5472e+00 -4.0978e+00 -1.6378e+00 +9.0895e-01 -1.5182e+00 +6.8181e-01 +7.8309e-01 +2.8883e+00 -2.8525e+00 +4.6266e-01 -4.4146e+00
402 +1.182820462e+06 +1.182820462e+06 +1.182716222e+06 +1.182716222e+06 +3.0501e+00 -6.5640e-01 -7.7375e-01 +4.0906e+00 +1.8759e-01 +2.9334e+00 +1.9042e+00 -5.0834e-01 -1.8233e+00 -5.0000e+00 -3.2742e+00 +1.1025e+00 -4.2523e-01 -9.6317e-01 +4.0318e+00 -2.1792e+00 +4.4121e+00 -2.0939e+00 +1.8250e+00 -3.8553e+00
626 +2.885533432e+05 +2.885533432e+05 +2.884491032e+05 +2.884491032e+05 +2.7612e+00 +1.3353e+00 -3.1096e+00 +2.9798e+00 +1.1461e+00 +2.7896e+00 +2.6998e+00 -1.2564e+00 -4.4305e-01 -5.0000e+00 +1.3867e+00 +0.0000e+00 -9.3739e-01 -1.9177e+00 +2.3187e+00 -3.5669e+00 +4.5888e+00 -2.8050e+00 +0.0000e+00 -4.0202e+00
1517 +2.460878482e+05 +2.460878482e+05 +2.459836082e+05 +2.459836082e+05 +2.5379e+00 -4.1627e-01 -3.7238e+00 +3.3084e+00 +3.0869e+00 +5.5126e-01 +1.5785e+00 -1.4091e+00 -2.7948e+00 -3.4002e+00 +1.2332e+00 -8.4848e-01 -2.2675e+00 -2.5538e+00 +2.4088e+00 -4.3559e+00 +4.1535e+00 -2.5524e+00 +6.7363e-01 -4.2511e+00
2005 +1.145681778e+05 +1.145681778e+05 +1.144639378e+05 +1.144639378e+05 +4.0143e+00 +4.0070e+00 -2.9444e+00 +3.9367e+00 +0.0000e+00 -1.2992e+00 +3.0183e+00 -3.2962e+00 -1.0709e+00 -5.0000e+00 -1.1672e+00 +6.2106e-01 -2.6151e+00 -2.0602e+00 +2.7769e+00 -3.7000e+00 +3.4481e+00 -2.7011e+00 +2.6200e-01 -3.8692e+00
2148 +9.782592287e+04 +9.782592287e+04 +9.772168287e+04 +9.772168287e+04 +3.4089e+00 -9.6895e-04 -2.2101e+00 +1.8808e+00 +0.0000e+00 -3.4526e+00 +2.2168e+00 -3.0290e-01 -3.4200e-01 -5.0000e+00 -1.0525e+00 -1.3762e+00 -3.3081e+00 -1.5097e+00 +3.4192e+00 -3.9798e+00 +4.1961e+00 -2.7553e+00 +4.4747e-01 -3.7785e+00
2668 +5.755247370e+04 +5.755247370e+04 +5.744823370e+04 +5.744823370e+04 +3.2882e+00 -1.0724e+00 +2.7893e+00 +3.2094e+00 +5.0000e+00 +1.4903e+00 +3.1237e+00 -3.7544e+00 -7.2261e-01 -5.0000e+00 -3.4527e+00 +3.0740e+00 -2.2986e+00 -1.7218e+00 +3.2213e+00 -3.7546e+00 +4.1109e+00 -2.6499e+00 +7.3487e-01 -4.0052e+00
2862 +3.680958072e+04 +3.680958072e+04 +3.670534072e+04 +3.670534072e+04 +3.1459e+00 -8.0822e-01 +2.1732e+00 +2.1969e+00 +5.0000e+00 +1.6113e+00 +3.6794e+00 -1.7702e+00 -9.2344e-01 -5.0000e+00 -8.2360e-01 +2.3713e+00 -3.8014e+00 -9.3201e-01 +3.2850e+00 -3.7639e+00 +4.0109e+00 -2.5881e+00 +4.6457e-01 -3.8665e+00
3262 +2.469363101e+04 +2.469363101e+04 +2.458939101e+04 +2.458939101e+04 +3.4384e+00 +2.1400e-01 +2.5450e-01 +2.2203e+00 +4.3933e+00 +4.0390e-01 +3.8686e+00 -1.6213e+00 +4.7019e-01 -5.0000e+00 -3.8795e-01 +2.1913e+00 -3.0783e+00 -1.4242e+00 +3.0093e+00 -3.7302e+00 +3.9700e+00 -2.4614e+00 +4.4354e-01 -3.9239e+00
3737 +1.533719677e+04 +1.533719677e+04 +1.523295677e+04 +1.523295677e+04 +3.6007e+00 -4.3960e-01 +7.4361e-01 +2.3236e+00 +2.4711e+00 +1.6764e+00 +3.4286e+00 +1.6224e-01 -4.0849e-01 -5.0000e+00 -4.0372e-02 +2.6683e+00 -2.2722e+00 -1.0564e+00 +3.5048e+00 -3.7078e+00 +4.0955e+00 -2.5383e+00 +5.1863e-01 -3.9328e+00
4115 +9.751747076e+03 +9.751747076e+03 +9.647507076e+03 +9.647507076e+03 +3.6551e+00 +2.5049e-01 -4.8405e-01 +2.5139e+00 +2.4730e+00 +7.9871e-01 +3.8331e+00 +1.7743e+00 +1.1139e-01 -5.0000e+00 -2.8142e-01 +2.8921e+00 -2.6768e+00 -1.3147e+00 +3.3580e+00 -3.6708e+00 +4.0199e+00 -2.5467e+00 +5.1308e-01 -3.9146e+00
4806 +6.227749917e+03 +6.227749917e+03 +6.123509917e+03 +6.123509917e+03 +3.2200e+00 +4.6635e-01 -7.1973e-01 +2.3201e+00 +2.7356e+00 +5.0401e-01 +4.0047e+00 +2.2959e+00 +1.6562e+00 -5.0000e+00 -2.0376e-01 +2.5390e+00 -2.5250e+00 -1.3980e+00 +3.4807e+00 -3.6692e+00 +4.0131e+00 -2.5358e+00 +5.1567e-01 -3.9283e+00
% function evaluation | noise-free fitness - Fopt (-3.570000000000e+01) | best noise-free fitness - Fopt | measured fitness | best measured fitness | x1 | x2...
1 +1.823800718e+07 +1.823800718e+07 +1.823797148e+07 +1.823797148e+07 -2.8487e-01 +4.1280e+00 +4.7832e+00 -2.5034e+00 +1.8922e+00 +2.2588e+00 -7.1708e-01 -3.7414e+00 -3.0048e+00 -3.5054e+00 +3.6560e+00 +4.2275e+00 +1.0176e+00 +4.0079e-01 -1.3284e+00 -4.5691e+00 +3.6207e+00 -2.8707e+00 +1.2332e+00 -1.2571e+00
4 +9.228132028e+06 +9.228132028e+06 +9.228096328e+06 +9.228096328e+06 -6.6903e-02 -2.0137e+00 -1.2051e+00 -3.2221e+00 +2.5791e+00 -1.6295e+00 +4.6587e+00 +1.5101e+00 -2.8339e+00 +2.0837e+00 -3.5096e+00 +6.3544e-01 -2.0279e+00 -5.4602e-01 -2.1437e-01 +3.7662e+00 +4.7241e+00 +2.4235e+00 -1.0125e+00 +1.9685e-01
5 +5.480610129e+06 +5.480610129e+06 +5.480574429e+06 +5.480574429e+06 -4.2295e-01 +4.2129e+00 -4.5998e+00 -4.1310e+00 +1.5542e+00 +2.7119e+00 -6.4958e-01 -2.6319e+00 -1.1030e+00 -3.0233e+00 -4.2042e+00 -2.8525e+00 -4.7001e+00 +2.5355e+00 -3.7268e+00 +9.5286e-01 -2.5459e+00 -3.2470e+00 -4.5858e+00 +6.7521e-01
49 +3.538532590e+06 +3.538532590e+06 +3.538496890e+06 +3.538496890e+06 -4.0049e+00 +1.8389e+00 -1.0954e+00 -2.2885e+00 +4.2779e+00 -2.7484e+00 -2.3827e+00 -9.2099e-01 -1.3975e+00 +4.0478e+00 +3.3685e+00 +1.7876e-02 -4.2105e+00 -9.0345e-01 -4.7675e+00 +4.0564e+00 +1.6978e+00 -2.4429e+00 -2.2058e+00 +1.2420e+00
93 +2.399393797e+06 +2.399393797e+06 +2.399358097e+06 +2.399358097e+06 +4.8146e+00 -2.9722e+00 +2.3388e+00 +1.6455e+00 -2.6153e+00 +3.8729e+00 -3.8827e+00 +3.6839e+00 -9.5776e-01 +1.9386e-01 -4.6426e+00 -2.3240e+00 -2.7913e+00 -6.8262e-02 +1.4173e+00 +1.2610e+00 +1.8928e+00 -2.9827e+00 -4.7295e+00 +1.6959e+00
450 +1.393057946e+06 +1.393057946e+06 +1.393022246e+06 +1.393022246e+06 +2.8574e+00 -5.0000e+00 +6.6368e-01 -1.1552e+00 +1.7624e+00 +1.3356e+00 -3.5368e+00 -6.9388e-01 -3.2615e+00 +3.6537e+00 -2.4578e+00 -1.9614e+00 -6.0474e-01 +3.3118e+00 +1.6462e+00 +2.0822e+00 +1.0484e+00 -1.2440e+00 -2.5142e+00 +6.1864e-01
493 +7.844397523e+05 +7.844397523e+05 +7.844040523e+05 +7.844040523e+05 +5.0000e+00 -2.2854e+00 -5.0000e+00 -5.5613e-01 +4.3841e+00 +0.0000e+00 -4.8829e+00 +0.0000e+00 -4.1971e+00 +8.5948e-01 -1.5105e+00 -2.1055e-01 -2.1011e+00 -1.6929e+00 +1.8193e+00 +1.0179e+00 +0.0000e+00 -1.3324e+00 -3.0179e+00 +6.7179e-01
1214 +4.415168485e+05 +4.415168485e+05 +4.414811485e+05 +4.414811485e+05 +5.0000e+00 -4.1457e+00 -4.1927e+00 -1.2711e+00 +4.6064e+00 +3.0420e+00 -5.0000e+00 +1.9449e+00 -4.1913e+00 +1.5106e+00 -4.9226e-01 -9.8625e-01 -1.8853e+00 -1.2320e+00 +6.3214e-01 +9.9228e-01 +9.2293e-01 -1.7922e+00 -3.3132e+00 +9.6922e-01
1435 +3.778226743e+05 +3.778226743e+05 +3.777869743e+05 +3.777869743e+05 +5.0000e+00 -4.4361e+00 -2.8035e+00 -1.3672e+00 +2.0892e+00 +0.0000e+00 -5.0000e+00 +2.5212e+00 -3.5228e+00 -2.8265e+00 +1.1569e+00 -1.1295e+00 -2.8188e+00 -6.9696e-01 +2.5693e+00 +7.5898e-01 +2.1031e+00 -1.7930e+00 -3.2631e+00 +7.0750e-01
2393 +1.899471440e+05 +1.899471440e+05 +1.899114440e+05 +1.899114440e+05 +4.8506e+00 -4.5854e+00 -1.8416e+00 -1.6746e+00 +2.6726e+00 +4.5444e+00 -2.8646e+00 +3.4568e+00 -3.4836e+00 -1.2523e-02 -4.7612e+00 -1.4091e+00 -1.6724e+00 -2.1850e+00 +2.4092e+00 +2.6209e-01 +2.0528e+00 -1.4474e+00 -3.1201e+00 +9.7548e-01
2631 +1.527674373e+05 +1.527674373e+05 +1.527317373e+05 +1.527317373e+05 +4.9736e+00 +2.6641e-01 -8.8315e-01 -9.1166e-01 +3.4859e+00 +3.4952e+00 -4.4431e+00 +2.8874e+00 -3.6861e+00 -3.8603e+00 -2.6188e+00 -1.8246e+00 +8.2556e-01 -4.5348e+00 +2.7197e+00 -8.6698e-02 +1.7643e+00 -1.7222e+00 -3.2784e+00 +7.2634e-01
2855 +6.934593554e+04 +6.934593554e+04 +6.931023554e+04 +6.931023554e+04 +5.0000e+00 -1.1925e+00 -3.3418e+00 -6.7856e-01 +3.0724e+00 +2.1995e+00 -3.0334e+00 +2.3931e+00 -2.8928e+00 +6.9755e-01 -4.6732e+00 -1.5408e+00 -5.0655e-01 -3.5539e+00 +2.9729e+00 +7.2371e-01 +1.8045e+00 -1.8046e+00 -3.5462e+00 +9.0925e-01
3127 +6.206808663e+04 +6.206808663e+04 +6.203238663e+04 +6.203238663e+04 +4.9799e+00 -2.4027e+00 -2.2706e+00 -9.6148e-01 +2.8214e+00 +2.0872e+00 -3.1088e+00 +3.7275e+00 -2.5606e+00 +9.6093e-01 -4.3926e+00 -1.9453e+00 -3.1756e-01 -3.1744e+00 +3.1145e+00 +1.0055e+00 +1.7744e+00 -1.7006e+00 -3.5508e+00 +9.5696e-01
3514 +3.336236829e+04 +3.336236829e+04 +3.332666829e+04 +3.332666829e+04 +4.9871e+00 -2.3005e+00 -1.3887e+00 -9.7170e-01 +1.7870e+00 +1.8791e+00 -3.7098e+00 +4.0434e+00 -2.3224e+00 +1.9866e+00 -4.0257e+00 -2.2887e+00 +4.7934e-01 -3.9780e+00 +2.6700e+00 +7.5126e-01 +1.8903e+00 -1.6419e+00 -3.4562e+00 +8.6017e-01
3664 +2.457152168e+04 +2.457152168e+04 +2.453582168e+04 +2.453582168e+04 +4.9879e+00 -2.2609e+00 -1.3376e+00 -1.0086e+00 +1.5268e+00 +1.5257e+00 -3.6777e+00 +4.9375e+00 -2.2010e+00 +2.1800e+00 -4.7637e+00 -2.3249e+00 +1.0667e+00 -3.9061e+00 +2.5515e+00 +6.2518e-01 +1.9706e+00 -1.5813e+00 -3.4004e+00 +9.3211e-01
4157 +1.578984269e+04 +1.578984269e+04 +1.575414269e+04 +1.575414269e+04 +4.9776e+00 -1.9244e+00 -2.0005e+00 -1.3357e+00 +1.5344e+00 +1.9918e+00 -3.5876e+00 +7.0033e-01 -1.5873e+00 +1.3851e+00 -3.4031e+00 -2.4508e+00 +1.2537e+00 -3.8835e+00 +2.7491e+00 +7.6937e-01 +1.8192e+00 -1.5870e+00 -3.4225e+00 +9.9221e-01
4481 +9.781425761e+03 +9.781425761e+03 +9.745725761e+03 +9.745725761e+03 +4.9795e+00 -1.6855e+00 -1.8464e+00 -1.4001e+00 +2.0136e+00 +2.0263e+00 -3.5008e+00 -1.7568e-01 -2.3914e+00 +1.0058e+00 -3.1324e+00 -2.4170e+00 +1.6402e+00 -3.6893e+00 +2.8154e+00 +6.8008e-01 +1.8449e+00 -1.5692e+00 -3.4056e+00 +9.4191e-01
% function evaluation | noise-free fitness - Fopt (2.070000000000e+01) | best noise-free fitness - Fopt | measured fitness | best measured fitness | x1 | x2...
1 +3.520590842e+07 +3.520590842e+07 +3.520592912e+07 +3.520592912e+07 +3.6274e+00 +2.9848e+00 -3.6706e+00 +3.7008e+00 +3.1198e+00 +4.3909e-01 +2.4801e+00 -4.6400e+00 -4.1650e+00 -3.6667e+00 -1.1834e+00 +3.1020e+00 +2.7101e+00 -2.9554e+00 -2.5169e+00 -3.7377e+00 -3.6712e+00 +2.0099e+00 -4.9101e-01 -2.8968e+00
3 +2.188575050e+07 +2.188575050e+07 +2.188577120e+07 +2.188577120e+07 +1.6639e+00 +4.6332e+00 +3.6227e+00 -1.6017e+00 +1.5414e+00 -2.0941e+00 -1.4228e+00 +3.2553e-01 -1.5813e+00 -1.4993e+00 +2.9209e+00 +3.4277e+00 +1.6890e+00 +3.5950e+00 +4.8055e+00 -3.9185e+00 -3.3908e+00 +4.2600e+00 -4.6324e+00 +3.9321e+00
7 +1.346232330e+07 +1.346232330e+07 +1.346234400e+07 +1.346234400e+07 -4.6166e+00 +2.7661e+00 -4.5648e+00 +1.9549e+00 +2.5865e+00 +4.8522e+00 +1.8582e+00 -2.2861e+00 -2.2253e+00 -2.7242e+00 -8.9693e-01 -7.2213e-01 -1.2589e+00 +3.5290e-01 -3.7010e+00 -7.8399e-01 +4.3810e+00 -2.6083e+00 +4.4276e+00 +4.5833e+00
8 +7.604493972e+06 +7.604493972e+06 +7.604514672e+06 +7.604514672e+06 -1.6522e+00 +2.7213e+00 -3.2376e+00 +3.4145e+00 +1.5052e+00 +4.7690e+00 +4.1053e+00 -1.1854e+00 +1.5242e-01 +3.1787e+00 +4.2710e+00 +3.9660e+00 +3.4893e+00 +3.6306e+00 +7.3660e-01 +1.8689e+00 +1.9511e+00 +1.3330e+00 +4.4242e+00 +3.3301e+00
18 +3.596006602e+06 +3.596006602e+06 +3.596027302e+06 +3.596027302e+06 +4.9346e-01 +9.5084e-01 -1.7386e+00 +4.4503e+00 -4.5066e+00 -1.6015e+00 +1.5903e-01 -4.3758e+00 -9.4192e-01 -4.9723e+00 -2.3166e+00 -3.6786e+00 -1.8126e+00 -4.3958e+00 -2.3425e+00 +4.4993e+00 +1.3388e+00 +7.4992e-01 +2.4602e+00 +2.0828e+00
78 +2.070084429e+06 +2.070084429e+06 +2.070105129e+06 +2.070105129e+06 -3.2502e+00 +2.4969e+00 +4.6071e+00 +5.5030e-01 +4.8830e+00 -8.4201e-01 +2.6501e+00 +9.8696e-01 +3.2486e-01 -1.4432e+00 -2.5397e+00 +3.4407e+00 +1.1149e+00 +3.4502e+00 -2.5358e+00 -1.2717e+00 +2.3895e+00 +2.4088e+00 -1.1412e-01 +3.6474e+00
422 +1.310675981e+06 +1.310675981e+06 +1.310696681e+06 +1.310696681e+06 -2.0132e-01 +4.0060e-02 +5.0000e+00 -5.0000e+00 -1.5356e+00 -7.1114e-02 +3.4614e+00 +3.8300e-01 -3.5393e+00 +1.1531e+00 -5.0000e+00 +4.3817e+00 +0.0000e+00 +2.4621e+00 +0.0000e+00 -2.3141e+00 +2.0567e+00 +2.3218e+00 +2.2078e-01 +2.2368e+00
613 +6.939167659e+05 +6.939167659e+05 +6.939374659e+05 +6.939374659e+05 +5.3799e-01 -2.2956e+00 +3.9109e+00 -3.9565e+00 -1.4462e+00 -4.3609e+00 -3.0376e+00 +1.0520e-01 +1.2637e+00 +4.8536e+00 -3.3619e+00 +1.0094e+00 +2.8035e+00 -3.5789e+00 -1.1361e+00 -2.0700e+00 +1.2622e+00 +1.0876e+00 +6.6223e-01 +3.4014e+00
762 +5.741203841e+05 +5.741203841e+05 +5.741410841e+05 +5.741410841e+05 -1.7204e-01 -7.9500e-01 +3.3317e+00 -1.5053e+00 +5.0000e+00 -1.2021e+00 -2.5016e+00 -1.9266e+00 -1.8237e+00 +2.0161e+00 -1.3542e+00 +7.2046e-01 +1.7718e+00 -1.4554e+00 +7.2093e-01 -1.7736e+00 +1.8011e+00 +1.4146e+00 +6.2892e-01 +2.1139e+00
1007 +3.638278426e+05 +3.638278426e+05 +3.638485426e+05 +3.638485426e+05 +4.9278e-01 +5.3978e-01 +1.0472e+00 -1.2611e+00 +4.0187e+00 -1.2661e+00 -3.7505e+00 -3.8050e+00 -3.7776e+00 -7.8851e-01 -2.3340e+00 -2.0405e+00 +6.4059e-01 -2.3512e+00 -1.8940e+00 -1.3237e+00 +1.1841e+00 +1.8439e+00 +9.4135e-01 +2.9879e+00
1186 +2.385478150e+05 +2.385478150e+05 +2.385685150e+05 +2.385685150e+05 -1.7272e+00 +8.6321e-01 +1.6225e+00 +2.0143e-01 -1.9357e+00 -7.6686e-01 -5.0000e+00 -3.5862e+00 -1.1786e+00 -3.0959e+00 -4.3210e+00 -8.0559e-01 +4.3010e+00 -3.3993e+00 -6.8849e-01 -8.0985e-01 +2.7638e+00 +1.5592e+00 +1.2869e+00 +2.6948e+00
1450 +1.319688580e+05 +1.319688580e+05 +1.319895580e+05 +1.319895580e+05 -4.2237e+00 -1.5914e+00 +1.7933e+00 +6.0296e-01 -6.6650e-01 -2.7123e+00 -5.0000e+00 -4.8703e+00 +6.0392e-01 -4.8656e+00 -5.0000e+00 +3.4540e-01 +1.2504e+00 -2.6112e+00 -1.0235e+00 -1.2414e+00 +3.0087e+00 +1.2698e+00 +7.4906e-01 +2.8534e+00
2419 +9.864914533e+04 +9.864914533e+04 +9.866984533e+04 +9.866984533e+04 -5.0000e+00 -7.9827e-01 +1.4390e+00 +1.1500e+00 -8.1025e-01 -3.2708e+00 -4.9784e+00 -4.8654e+00 +1.5736e+00 -3.4263e+00 -4.8634e+00 -1.1369e-01 +4.1690e-01 -3.1391e+00 -4.3806e-01 -1.0825e+00 +2.6225e+00 +1.3689e+00 +8.9690e-01 +2.5999e+00
2521 +6.122645949e+04 +6.122645949e+04 +6.124715949e+04 +6.124715949e+04 -4.1159e+00 -1.4673e+00 +2.1190e+00 +1.0069e+00 -1.5627e+00 -1.0468e+00 -4.1198e+00 -3.0754e+00 -2.4657e+00 -4.5373e+00 -4.7051e+00 -2.7762e-02 +5.7152e-01 -3.4364e+00 -7.2645e-01 -6.4128e-01 +2.3130e+00 +1.3416e+00 +9.3564e-01 +2.7979e+00
3460 +3.807130644e+04 +3.807130644e+04 +3.809200644e+04 +3.809200644e+04 -3.8608e+00 -1.6609e+00 +1.6894e+00 +4.1558e-01 -1.1320e+00 -9.4119e-01 -4.6159e+00 -4.9776e+00 +1.6660e+00 -4.7245e+00 -4.4857e+00 +3.0418e-01 +1.3684e+00 -3.2255e+00 -2.4313e-01 -1.0369e+00 +2.2396e+00 +1.4152e+00 +8.3757e-01 +2.7906e+00
3876 +2.431176604e+04 +2.431176604e+04 +2.433246604e+04 +2.433246604e+04 -1.8932e+00 -1.7242e+00 +1.5443e+00 +2.5181e-01 -1.7242e+00 -5.9694e-01 -4.5782e+00 -2.6180e+00 +2.0551e+00 -3.3976e+00 -4.2271e+00 +2.5991e-01 +1.2088e+00 -3.1882e+00 -1.4084e-01 -8.7203e-01 +2.3312e+00 +1.3238e+00 +8.1839e-01 +2.8181e+00
4403 +1.448906262e+04 +1.448906262e+04 +1.450976262e+04 +1.450976262e+04 -1.2032e+00 -1.8534e+00 +1.5800e+00 +2.6266e-01 -1.7902e+00 -2.1934e+00 -4.5997e+00 +2.7599e-01 +2.2280e+00 -3.2094e+00 -3.4100e+00 -8.5093e-02 +1.0922e+00 -3.1649e+00 -4.5508e-02 -9.4809e-01 +2.3732e+00 +1.4335e+00 +8.1503e-01 +2.8090e+00
4612 +9.237701108e+03 +9.237701108e+03 +9.258401108e+03 +9.258401108e+03 -1.6551e+00 -1.8851e+00 +1.7367e+00 +1.3114e-01 -1.8548e+00 -1.4221e+00 -4.6171e+00 +6.5392e-01 +1.9454e+00 -3.1275e+00 -2.3683e+00 -1.5944e-01 +1.2367e+00 -3.1419e+00 -1.5528e-01 -1.0625e+00 +2.3243e+00 +1.3846e+00 +8.1133e-01 +2.8041e+00
% function evaluation | noise-free fitness - Fopt (3.807000000000e+01) | best noise-free fitness - Fopt | measured fitness | best measured fitness | x1 | x2...
1 +3.759106975e+07 +3.759106975e+07 +3.759110782e+07 +3.759110782e+07 +1.6017e+00 +2.8372e+00 -1.2242e+00 -2.1283e+00 -7.8108e-01 -3.1562e+00 +4.0357e+00 -3.6448e+00 -1.6621e+00 +3.7162e+00 -2.7472e-01 +3.8603e+00 +4.2698e+00 -1.6776e+00 -4.2136e+00 -7.9684e-01 +1.4527e-01 -1.1288e-01 +2.0612e+00 -3.3247e+00
2 +3.627965351e+06 +3.627965351e+06 +3.628003421e+06 +3.628003421e+06 -3.0977e+00 +1.9633e+00 +3.9035e+00 +2.5951e+00 +3.8253e+00 -3.4649e+00 +4.5543e+00 +1.3247e+00 -2.1320e+00 +3.1919e+00 +3.1524e+00 -1.4514e+00 -4.2160e+00 +3.8043e-01 -3.7922e+00 -3.7114e+00 -2.1010e+00 -1.9498e+00 -2.3583e+00 +2.6443e+00
9 +2.468983698e+06 +2.468983698e+06 +2.469021768e+06 +2.469021768e+06 +2.7236e-01 +4.1271e+00 -3.6528e+00 -1.8104e+00 +2.6809e+00 +1.5274e+00 +3.5197e+00 -2.8962e+00 -3.2140e+00 -1.3879e+00 -1.9215e+00 +1.7376e+00 +3.1734e-01 -2.0842e+00 +2.8152e+00 +8.4817e-01 +2.1146e+00 -3.8774e+00 -1.5149e+00 +1.5149e+00
76 +1.579356768e+06 +1.579356768e+06 +1.579394838e+06 +1.579394838e+06 +1.8676e+00 +4.8009e+00 -2.2318e+00 +4.5259e+00 +4.3319e+00 +1.2060e+00 -1.3407e+00 -3.9578e+00 -3.9214e-01 -4.7734e+00 +4.7153e+00 +2.5488e+00 +2.4639e+00 +2.7214e+00 -4.1283e+00 -4.1687e-01 -1.2926e+00 -3.3245e+00 -1.9320e+00 +1.7014e+00
942 +6.290209802e+05 +6.290209802e+05 +6.290590502e+05 +6.290590502e+05 +3.3981e+00 +1.0166e+00 +4.6533e+00 -7.0323e-01 -5.0000e+00 -2.8135e+00 -2.3818e+00 -4.7905e+00 -4.6786e+00 +2.9137e+00 +4.0888e+00 +1.7902e+00 -1.4556e+00 +4.2332e+00 -1.7910e+00 +3.2262e+00 -1.0834e-01 -2.9307e+00 -1.4005e+00 +2.1621e+00
1100 +2.822307291e+05 +2.822307291e+05 +2.822687991e+05 +2.822687991e+05 +4.4684e+00 -1.9945e-01 +2.6172e+00 +1.0025e+00 -5.0000e+00 -1.6051e+00 -8.4873e-01 -5.6402e-01 -4.5919e+00 -1.0626e+00 +2.9886e+00 +1.0325e+00 -1.8426e+00 +8.8445e-01 -1.5551e+00 +2.1581e+00 -1.9164e+00 -3.5529e+00 -8.9561e-01 +2.1687e+00
1323 +1.243942024e+05 +1.243942024e+05 +1.244322724e+05 +1.244322724e+05 +2.5880e+00 -9.2328e-01 +2.7603e+00 +2.8313e-01 -2.2777e+00 -1.3874e+00 -1.9581e+00 -2.3673e+00 -4.4071e+00 -9.6028e-01 +2.0444e+00 +2.0584e+00 -1.3125e+00 +1.6020e+00 +3.8913e-01 +2.1435e+00 -9.8224e-01 -3.2160e+00 -1.2969e+00 +2.2610e+00
2694 +6.854263261e+04 +6.854263261e+04 +6.858070261e+04 +6.858070261e+04 +3.9329e+00 +3.5336e+00 +2.6525e+00 +1.0683e+00 -7.2588e-01 -8.5563e-01 -2.0695e+00 -1.5765e+00 -4.5324e+00 -1.5531e+00 +1.4846e+00 -4.6846e-01 -2.6919e+00 +1.5114e+00 +4.7311e-01 +2.1180e+00 -1.2867e+00 -3.1715e+00 -1.2425e+00 +2.3442e+00
2885 +5.680101165e+04 +5.680101165e+04 +5.683908165e+04 +5.683908165e+04 +4.1020e+00 +5.4693e-01 +3.8465e+00 +8.3948e-01 -5.0000e+00 -1.2941e+00 -1.9800e+00 -1.6644e+00 -4.4971e+00 +2.5082e-01 +2.6515e+00 -2.8825e+00 -1.7224e+00 +1.7894e+00 +7.4126e-01 +2.5501e+00 -1.2579e+00 -3.2712e+00 -1.0375e+00 +2.2665e+00
3349 +3.713212767e+04 +3.713212767e+04 +3.717019767e+04 +3.717019767e+04 +4.0785e+00 +1.6785e+00 +2.1252e+00 -6.9844e-01 +1.5974e+00 -7.2055e-01 -2.6722e+00 -1.5564e+00 -4.5107e+00 -4.2457e-01 +3.0808e+00 -2.4906e+00 -8.2249e-01 +1.7557e+00 -2.0275e-01 +2.6592e+00 -1.1657e+00 -3.3181e+00 -1.2422e+00 +2.2788e+00
3412 +2.464573336e+04 +2.464573336e+04 +2.468380336e+04 +2.468380336e+04 +4.5825e+00 +2.0387e+00 +2.5705e+00 -7.4163e-01 -2.1499e-01 -9.1888e-01 -1.9592e+00 -2.3544e+00 -4.6678e+00 -1.6826e+00 +3.3305e+00 -3.6911e+00 -1.4639e+00 +1.9927e+00 +1.9632e-01 +2.3678e+00 -1.4364e+00 -3.1805e+00 -1.2346e+00 +2.2269e+00
3704 +1.482047545e+04 +1.482047545e+04 +1.485854545e+04 +1.485854545e+04 +4.4396e+00 +2.0432e+00 +2.0080e+00 -8.6722e-01 -1.4225e+00 -3.1047e-01 -1.5179e+00 -2.2505e+00 -4.7107e+00 -2.4007e+00 +3.5808e+00 -2.8420e+00 -1.0391e+00 +1.1761e+00 +9.0901e-02 +2.2201e+00 -1.1109e+00 -3.1746e+00 -1.2375e+00 +2.3084e+00
4005 +9.368457756e+03 +9.368457756e+03 +9.406527756e+03 +9.406527756e+03 +4.5467e+00 +2.1063e+00 +2.6750e+00 -1.1658e-01 -1.2957e+00 -3.6935e-01 -1.9729e+00 -2.1476e+00 -4.7313e+00 -2.4178e+00 +3.8584e+00 -3.1748e+00 -1.0658e+00 +1.0977e+00 +6.4706e-03 +2.1679e+00 -1.2628e+00 -3.1945e+00 -1.2071e+00 +2.3011e+00
% function evaluation | noise-free fitness - Fopt (-4.542000000000e+01) | best noise-free fitness - Fopt | measured fitness | best measured fitness | x1 | x2...
1 +2.509158839e+07 +2.509158839e+07 +2.509154297e+07 +2.509154297e+07 +4.7779e+00 +2.0669e+00 +2.6993e+00 -5.8041e-01 +3.7251e+00 +4.7300e-01 -4.0279e-01 +3.6267e+00 -4.2812e-01 -1.6018e+00 +3.5150e+00 -3.0278e+00 +9.4682e-01 -3.5428e+00 -4.6765e+00 -8.9113e-01 -4.5374e+00 -3.9445e+00 +8.4693e-01 -3.1320e-01
5 +1.121218435e+07 +1.121218435e+07 +1.121213893e+07 +1.121213893e+07 +4.1169e+00 -2.2748e+00 -1.8963e+00 -4.5081e+00 +2.6309e-01 +9.6002e-01 -2.7443e-01 -3.1354e+00 +2.8342e+00 -2.6326e+00 +4.6230e+00 +7.9452e-02 +7.9364e-01 +4.5815e+00 -2.6676e-01 +6.3542e-01 -4.9322e+00 -2.1708e+00 -4.2160e+00 +1.4110e+00
47 +2.672164138e+06 +2.672164138e+06 +2.672118718e+06 +2.672118718e+06 +1.2164e+00 -1.5983e+00 +2.6848e+00 -3.7463e+00 +1.1418e+00 +3.1205e+00 +8.4694e-01 +4.4963e+00 +1.7704e+00 -1.5612e+00 -2.7434e+00 +2.7378e+00 +5.0999e-01 -2.2172e+00 -4.4293e-02 -9.2165e-01 +2.7982e-01 -3.1792e+00 -4.3758e-01 +4.7405e+00
207 +2.314229838e+06 +2.314229838e+06 +2.314184418e+06 +2.314184418e+06 +4.0195e+00 +2.8443e+00 +1.5053e+00 -5.0000e+00 +3.1768e+00 +2.5366e+00 +4.2021e+00 +4.1786e+00 +3.4510e+00 -7.8038e-01 +1.9090e+00 +4.4625e+00 -1.4106e+00 -1.3169e+00 +1.2680e+00 -2.8127e+00 +1.3451e-01 -4.4400e+00 -9.9803e-01 +4.3775e+00
295 +1.251438416e+06 +1.251438416e+06 +1.251392996e+06 +1.251392996e+06 -3.1551e+00 -1.0517e+00 +3.8750e+00 +1.0568e+00 +1.1144e+00 +3.3346e+00 +8.4719e-01 +1.6957e+00 +1.5203e+00 -3.1641e-01 +5.8143e-01 -4.3461e+00 +1.2856e-01 -3.9391e+00 -2.4550e-02 +2.9002e+00 +1.5684e+00 -4.3426e+00 -2.1731e+00 +4.3206e+00
574 +8.380905815e+05 +8.380905815e+05 +8.380451615e+05 +8.380451615e+05 +4.4824e+00 +1.1285e+00 +9.5514e-02 -5.0000e+00 +4.9321e+00 +4.6573e-01 +5.0000e+00 +5.0000e+00 +2.7133e+00 -5.0000e+00 -5.0000e+00 +3.3830e+00 -2.5158e+00 -5.0000e+00 -4.7672e-01 +2.0790e+00 +0.0000e+00 -5.0000e+00 -2.3775e+00 +4.4425e+00
892 +3.814897555e+05 +3.814897555e+05 +3.814443355e+05 +3.814443355e+05 +4.9836e+00 -1.1451e+00 +9.2110e-01 -5.0000e+00 +4.4156e+00 +5.0000e+00 +4.1917e+00 +1.3959e+00 -3.9366e-01 -1.4017e+00 +0.0000e+00 +3.7129e+00 +0.0000e+00 -4.8896e+00 -7.5338e-01 +8.5089e-01 -6.0565e-01 -5.0000e+00 -2.3193e+00 +3.9193e+00
1518 +1.900844388e+05 +1.900844388e+05 +1.900390188e+05 +1.900390188e+05 +7.5869e-01 -4.6913e+00 +0.0000e+00 -4.2137e+00 -5.0000e+00 +2.1245e+00 +6.4542e-01 -2.7535e+00 +1.4704e+00 -2.5372e+00 -2.0480e+00 +2.0007e+00 +1.9316e-01 -4.2656e+00 -4.7230e-01 +1.8244e+00 -4.1076e-01 -4.4972e+00 -2.1965e+00 +3.8388e+00
1637 +1.429112273e+05 +1.429112273e+05 +1.428658073e+05 +1.428658073e+05 +0.0000e+00 -2.3422e+00 -1.6719e-01 -4.4348e+00 -4.0881e+00 +2.2905e+00 +7.9122e-01 +0.0000e+00 +1.2435e+00 -7.9410e-01 -1.3436e+00 +3.5505e+00 +6.4183e-01 -4.4259e+00 -7.2732e-01 +2.2509e+00 -6.7126e-01 -3.6335e+00 -2.2709e+00 +3.8677e+00
2237 +8.925959663e+04 +8.925959663e+04 +8.921417663e+04 +8.921417663e+04 +1.3291e+00 -2.1790e+00 -2.4872e+00 -4.6601e+00 -4.2038e+00 +2.3467e+00 -7.4087e-01 -1.7634e+00 +1.7255e-01 +7.5104e-02 -1.0734e+00 +1.4134e+00 +3.7196e-01 -4.5935e+00 -6.8440e-01 +5.4280e-01 -1.1308e+00 -3.7763e+00 -2.3239e+00 +4.0481e+00
2638 +4.730263625e+04 +4.730263625e+04 +4.725721625e+04 +4.725721625e+04 -1.9313e+00 +2.3594e+00 -1.2469e+00 -4.0453e+00 -3.2673e+00 +1.8830e+00 +2.3034e+00 -2.1898e+00 +3.6925e-01 -1.7012e+00 +6.6629e-01 +3.1772e+00 -3.2860e-01 -4.2526e+00 -4.5363e-01 +6.6647e-01 -8.0070e-01 -3.8847e+00 -2.4496e+00 +3.9952e+00
2823 +3.658986675e+04 +3.658986675e+04 +3.654444675e+04 +3.654444675e+04 -2.3721e+00 +2.1073e+00 -1.7244e+00 -2.8049e+00 -5.0000e+00 +2.5115e+00 +2.0932e+00 -1.5638e+00 -9.3810e-01 -3.8454e+00 +1.4703e+00 +2.9850e+00 +5.7334e-01 -4.2485e+00 -5.4971e-01 +1.3929e+00 -5.4856e-01 -3.8899e+00 -2.3059e+00 +3.9284e+00
3153 +2.221025819e+04 +2.221025819e+04 +2.216483819e+04 +2.216483819e+04 -1.4429e+00 +3.1189e+00 -1.3186e+00 -3.5807e+00 -1.2970e+00 +1.7662e+00 +2.5101e+00 -2.6272e+00 -1.6675e+00 -3.1706e+00 +1.2000e+00 +1.8555e+00 +1.4000e-01 -4.0047e+00 -2.9124e-01 +1.1265e+00 -7.7397e-01 -3.9345e+00 -2.2294e+00 +3.9862e+00
3505 +1.383629380e+04 +1.383629380e+04 +1.379087380e+04 +1.379087380e+04 -1.2285e+00 +6.8113e-01 -1.3701e+00 -3.5069e+00 -1.9094e+00 +2.5459e+00 -2.0117e+00 -2.7437e+00 -3.0151e+00 -1.8640e+00 +1.5532e+00 +2.7348e+00 +4.3106e-01 -3.8987e+00 -3.0526e-01 +1.0950e+00 -8.8393e-01 -3.9589e+00 -2.2882e+00 +3.9556e+00
4009 +9.665748040e+03 +9.665748040e+03 +9.620328040e+03 +9.620328040e+03 -1.7213e+00 -2.5376e-01 -1.0930e+00 -3.5027e+00 -3.9471e-01 +2.3989e+00 +1.5848e+00 -2.4458e+00 -3.3281e+00 -2.4407e+00 +1.3245e+00 +2.8505e+00 +5.8262e-01 -3.6242e+00 -3.0832e-01 +1.1190e+00 -9.1786e-01 -3.9275e+00 -2.2843e+00 +3.9273e+00
4662 +6.301986781e+03 +6.301986781e+03 +6.256566781e+03 +6.256566781e+03 -1.6061e+00 +3.5072e-01 -7.7318e-01 -3.5321e+00 +2.7172e-01 +1.6677e+00 +1.7243e+00 -2.2046e+00 -1.9446e+00 -2.3347e+00 +1.3500e+00 +2.8427e+00 +5.1641e-01 -3.3576e+00 -3.2878e-01 +1.1428e+00 -8.7801e-01 -3.8791e+00 -2.3037e+00 +3.9478e+00
% function evaluation | noise-free fitness - Fopt (6.695000000000e+01) | best noise-free fitness - Fopt | measured fitness | best measured fitness | x1 | x2...
1 +2.909442361e+07 +2.909442361e+07 +2.909449056e+07 +2.909449056e+07 +3.4714e+00 +3.8229e+00 -4.5417e-01 -2.1161e+00 -3.7365e+00 -1.6506e+00 +5.4776e-01 -4.0084e+00 +1.3306e+00 +2.5905e+00 -2.6798e+00 -2.3007e+00 +2.0852e+00 -4.5666e+00 +3.7714e-01 +2.7686e+00 -1.0001e+00 -4.5532e+00 +1.6131e-02 -2.0411e+00
7 +9.923385700e+06 +9.923385700e+06 +9.923452650e+06 +9.923452650e+06 +8.8099e-01 -4.3837e-02 -7.5371e-01 -6.5575e-03 -4.9593e+00 -2.3057e+00 +4.9484e+00 -4.0577e+00 -8.3232e-01 -3.9081e+00 -1.0049e+00 +3.1123e+00 -6.1534e-01 -3.2191e+00 +5.0167e-01 -4.5972e+00 -1.9353e+00 -2.3721e+00 -3.5793e+00 +3.6703e+00
12 +3.251846084e+06 +3.251846084e+06 +3.251913034e+06 +3.251913034e+06 +3.4723e+00 -7.7696e-02 -2.7707e+00 +3.0901e+00 +2.5813e+00 -1.4210e+00 +2.9035e+00 -1.0218e+00 +5.7579e-01 -2.2927e-01 -3.4403e+00 -2.8464e+00 -5.7168e-01 +4.6043e+00 -2.8169e+00 +2.9131e+00 -3.3685e-01 -1.2388e+00 +5.1421e-01 +4.6214e+00
250 +1.688096148e+06 +1.688096148e+06 +1.688163098e+06 +1.688163098e+06 -4.0211e+00 +1.4853e+00 +2.7940e+00 +5.0000e+00 +1.5064e+00 -5.0000e+00 -2.1876e+00 -7.7586e-02 +4.6326e+00 +3.2218e+00 -2.0774e-02 -2.4327e-01 -4.3127e+00 -1.6592e+00 -5.0000e+00 +2.6885e-01 -1.0316e+00 -4.8710e-01 +1.2965e+00 +2.9231e+00
287 +1.338294528e+06 +1.338294528e+06 +1.338361478e+06 +1.338361478e+06 +3.6891e+00 +1.4146e+00 +4.4613e+00 -1.2964e+00 +3.1172e+00 -2.3603e+00 +4.4293e-01 -2.3843e+00 -1.3630e+00 +5.0000e+00 +4.6250e-01 +6.2458e-01 -5.0000e+00 +3.2803e-01 -7.1724e-01 +2.4792e+00 -1.1104e+00 -1.8703e+00 -4.7458e-01 +3.7396e+00
814 +9.087911298e+05 +9.087911298e+05 +9.088580798e+05 +9.088580798e+05 +1.3920e+00 +3.0987e+00 +2.9531e+00 +2.0211e+00 +3.2286e+00 +1.2452e+00 -3.3844e+00 -3.3052e+00 -4.2182e-01 +1.7087e+00 +2.9114e+00 -4.0351e-01 +0.0000e+00 -1.9407e+00 -4.4056e+00 +1.4081e+00 -5.6209e-01 -7.1561e-01 +4.5346e-02 +3.7619e+00
1036 +2.707824677e+05 +2.707824677e+05 +2.708494177e+05 +2.708494177e+05 +2.7078e+00 -2.4837e+00 +3.7282e+00 -7.8680e-01 +3.4158e+00 -2.0447e+00 -2.3702e+00 -4.6667e+00 -2.2296e+00 -7.3086e-01 +4.3742e+00 +3.6620e+00 +3.0232e+00 -1.9015e+00 -2.3748e+00 +0.0000e+00 -1.1131e+00 -2.8230e+00 +2.7474e-01 +3.3270e+00
1295 +2.480557079e+05 +2.480557079e+05 +2.481226579e+05 +2.481226579e+05 +3.4217e+00 -3.5398e+00 +1.5221e+00 -1.6441e+00 +5.0000e+00 -8.7121e-01 -2.0009e+00 -4.8738e+00 -8.7535e-01 -7.0623e-01 +4.9134e+00 +1.1023e+00 +1.8753e+00 -2.3023e+00 -4.1676e+00 +1.1228e+00 -1.5476e+00 -1.9522e+00 +9.0006e-02 +3.2379e+00
2010 +1.404902705e+05 +1.404902705e+05 +1.405572205e+05 +1.405572205e+05 +3.6767e+00 -3.9928e+00 +1.5887e+00 -3.0967e+00 +1.7533e+00 +4.1141e-01 -2.4052e+00 -3.6347e+00 -2.2971e-01 -9.1166e-01 +5.0000e+00 +3.5603e-01 +2.7369e+00 -2.2738e+00 -3.6682e+00 +7.3889e-01 -1.3008e+00 -2.5597e+00 +4.0588e-01 +3.4134e+00
3220 +6.129149251e+04 +6.129149251e+04 +6.135844251e+04 +6.135844251e+04 +3.1635e+00 -3.0934e+00 +1.4132e+00 -3.9162e+00 +1.9932e+00 -2.3823e+00 -2.4869e+00 -3.3364e+00 -4.0058e-01 -1.6595e+00 +2.3069e+00 +1.1224e+00 +2.7177e+00 -1.8355e+00 -3.9783e+00 +7.5478e-01 -8.8198e-01 -2.4034e+00 +2.9398e-01 +3.4012e+00
3709 +3.876912814e+04 +3.876912814e+04 +3.883607814e+04 +3.883607814e+04 +3.0707e+00 -3.0410e+00 +1.9160e+00 -4.4029e+00 +1.8874e+00 -3.6082e+00 -2.2546e+00 -3.0896e+00 -3.4823e-01 -2.2097e+00 +2.3469e-01 +1.1670e+00 +2.8401e+00 -1.7590e+00 -4.3252e+00 +7.6946e-01 -7.5798e-01 -2.4547e+00 +3.6563e-01 +3.3570e+00
3963 +2.330342578e+04 +2.330342578e+04 +2.337037578e+04 +2.337037578e+04 +2.9386e+00 -2.7682e+00 +1.5824e+00 -4.5566e+00 +2.0657e+00 -1.9871e+00 -2.0202e+00 -1.1397e+00 -2.1965e-01 -1.0101e+00 -9.0363e-01 +3.9118e-01 +2.3695e+00 -1.6992e+00 -3.8539e+00 +9.2922e-01 -7.4879e-01 -2.4533e+00 +3.5846e-01 +3.3646e+00
4210 +1.507384795e+04 +1.507384795e+04 +1.514079795e+04 +1.514079795e+04 +3.4245e+00 -2.7351e+00 +1.5846e+00 -3.3313e+00 +2.1069e+00 -1.3284e+00 -2.1796e+00 -5.4995e-01 -1.4343e-01 -1.2624e+00 -3.0478e+00 +2.3952e-01 +2.4293e+00 -1.5417e+00 -3.7039e+00 +8.7920e-01 -7.5702e-01 -2.4708e+00 +3.9613e-01 +3.3561e+00
4411 +9.204806845e+03 +9.204806845e+03 +9.271756845e+03 +9.271756845e+03 +3.3207e+00 -2.7375e+00 +1.6090e+00 -2.3622e+00 +2.1007e+00 -1.3200e+00 -2.1933e+00 +3.8207e-01 -3.0850e-01 -2.6503e+00 -3.5381e+00 +6.1459e-01 +2.6438e+00 -1.8073e+00 -3.8501e+00 +8.3234e-01 -1.0425e+00 -2.4394e+00 +3.9414e-01 +3.3589e+00
4826 +6.087835835e+03 +6.087835835e+03 +6.154785835e+03 +6.154785835e+03 +3.4464e+00 -2.7154e+00 +1.6053e+00 -2.4790e+00 +2.1000e+00 -1.2370e+00 -2.1946e+00 +6.6941e-01 -1.8218e-02 -1.4363e+00 -3.3117e+00 +6.3131e-01 +2.5690e+00 -1.7151e+00 -3.8752e+00 +8.3812e-01 -8.9381e-01 -2.3868e+00 +3.6506e-01 +3.3705e+00
% function evaluation | noise-free fitness - Fopt (5.832000000000e+01) | best noise-free fitness - Fopt | measured fitness | best measured fitness | x1 | x2...
1 +2.754943917e+07 +2.754943917e+07 +2.754949749e+07 +2.754949749e+07 +2.9416e+00 +1.6626e+00 +2.7519e+00 -1.9087e+00 +4.5194e+00 -3.0710e+00 +2.2139e+00 +1.9258e+00 +3.9942e+00 -4.5142e-01 -2.7070e+00 -2.9008e+00 +1.5103e+00 +3.1899e-01 +2.7673e+00 -3.9204e-01 -4.2630e+00 -2.2357e+00 -4.0356e+00 +2.1161e+00
2 +2.116691518e+07 +2.116691518e+07 +2.116697350e+07 +2.116697350e+07 +4.6154e-01 -2.0853e+00 -1.2522e+00 -3.2484e+00 +1.0614e+00 +1.8337e+00 +3.6956e+00 -2.5197e+00 -3.2852e+00 +2.6142e+00 +4.3665e+00 -1.1371e+00 -2.9768e+00 -8.9398e-01 +3.3374e+00 +1.7232e+00 +3.8226e+00 -4.6939e+00 +3.2829e+00 +1.0412e+00
7 +4.558320217e+06 +4.558320217e+06 +4.558378537e+06 +4.558378537e+06 +3.6996e+00 -2.7793e-01 +3.7354e+00 +2.7742e-01 -1.6359e+00 -2.9936e+00 -3.2788e+00 +2.6130e+00 -7.7214e-01 +4.5605e+00 +4.7741e+00 +3.9659e+00 -4.4755e+00 +4.9164e+00 +7.3485e-01 -1.8851e-01 +6.2181e-01 +9.0282e-01 +3.3620e+00 +1.9803e+00
132 +2.204708655e+06 +2.204708655e+06 +2.204766975e+06 +2.204766975e+06 -1.0116e+00 +2.3647e+00 +1.2814e+00 -4.0241e+00 +1.4706e+00 -9.4200e-01 +6.3329e-01 -2.5103e+00 +3.6067e+00 -2.2774e+00 +2.7052e+00 -7.6098e-01 -6.9693e-01 +1.5095e+00 +1.7430e-01 -7.4255e-01 -1.1903e+00 +2.4414e+00 +2.7014e+00 +7.5192e-01
338 +1.195243904e+06 +1.195243904e+06 +1.195302224e+06 +1.195302224e+06 +1.5264e+00 +6.2771e-01 -4.9353e+00 -3.9062e+00 +3.6932e+00 +1.3234e+00 +3.0780e+00 -5.0000e+00 +1.1127e+00 -4.8501e+00 -1.7777e+00 -1.2438e+00 -3.0055e+00 +1.3620e+00 -8.9352e-01 -1.4478e+00 -1.6331e+00 +2.4340e+00 +3.4543e+00 +2.0325e+00
646 +7.237974829e+05 +7.237974829e+05 +7.238558029e+05 +7.238558029e+05 -6.6204e-01 -1.5320e+00 -1.4689e+00 -5.0000e+00 -4.1161e-02 +0.0000e+00 +4.8974e+00 -3.4124e+00 -6.0137e-01 +0.0000e+00 +3.4261e+00 -1.1849e+00 -3.4373e+00 +1.9231e+00 -1.6015e+00 -1.4287e+00 -2.8330e+00 +2.0460e+00 +2.7783e+00 +1.7520e+00
954 +5.692392114e+05 +5.692392114e+05 +5.692975314e+05 +5.692975314e+05 -1.3462e+00 +0.0000e+00 +3.3539e-01 -5.0000e+00 +9.0933e-01 -1.3601e-01 +5.0000e+00 -2.4996e+00 -9.9206e-01 -1.0560e+00 -2.7808e+00 -2.8467e-01 -3.6426e+00 +4.9414e-01 +1.7286e-01 -3.9162e+00 -2.7228e+00 +3.7118e+00 +2.6586e+00 +1.7961e+00
1628 +3.377558096e+05 +3.377558096e+05 +3.378141296e+05 +3.378141296e+05 +4.0966e+00 +8.9331e-01 +2.3879e+00 -5.0000e+00 +2.7628e+00 +9.5765e-01 +4.9888e+00 -3.3187e+00 +1.4850e-02 +1.8979e-01 +2.1661e+00 +1.6732e+00 -9.1162e-01 -2.0835e-02 -4.7417e-01 -2.1878e+00 -3.1653e+00 +3.1439e+00 +3.0835e+00 +1.5897e+00
1893 +2.381320084e+05 +2.381320084e+05 +2.381903284e+05 +2.381903284e+05 +4.9330e+00 +0.0000e+00 +1.6324e+00 -4.9904e+00 +3.2701e+00 +2.3100e+00 +4.8818e+00 -1.1715e+00 +1.8324e-01 +3.8461e-01 +2.3333e+00 +1.3312e+00 -1.6649e+00 -2.4902e-02 -2.2164e+00 -2.9751e+00 -2.9776e+00 +2.9462e+00 +3.0611e+00 +1.5756e+00
2407 +1.509032641e+05 +1.509032641e+05 +1.509615841e+05 +1.509615841e+05 +1.5165e+00 +4.9118e-01 +2.3896e+00 -4.9920e+00 +4.3549e+00 +4.7375e+00 +4.8316e+00 -9.4536e-01 +1.7444e+00 -9.2288e-01 +2.4359e+00 +1.1616e+00 -1.0824e+00 -1.9376e+00 -2.7091e+00 -2.6507e+00 -3.2590e+00 +2.7524e+00 +2.9527e+00 +1.6295e+00
2648 +8.105593032e+04 +8.105593032e+04 +8.111425032e+04 +8.111425032e+04 +4.1059e+00 +1.4937e+00 +3.9931e+00 -4.8892e+00 +7.6438e-02 +3.3422e+00 +4.5049e+00 -1.4454e+00 +1.9038e+00 -1.1742e+00 +4.3247e+00 +1.5235e+00 -4.1878e+00 -3.6733e+00 -9.9550e-01 -2.6440e+00 -3.0229e+00 +2.9441e+00 +2.5783e+00 +1.7345e+00
2871 +4.032809007e+04 +4.032809007e+04 +4.038641007e+04 +4.038641007e+04 +3.5929e+00 +3.9365e+00 +5.0000e+00 -5.0000e+00 +3.9301e+00 +5.0000e+00 +4.5443e+00 -2.4795e+00 -1.5478e-01 -2.0708e+00 +3.6849e+00 +1.0257e+00 -2.6715e+00 -3.5543e+00 -1.5595e+00 -2.8397e+00 -3.2135e+00 +2.9940e+00 +2.9310e+00 +1.6287e+00
3003 +3.390955521e+04 +3.390955521e+04 +3.396787521e+04 +3.396787521e+04 +3.4242e+00 +3.2245e+00 +4.0907e+00 -4.9999e+00 +4.0444e+00 +4.5337e+00 +4.5828e+00 -1.9625e+00 -4.7154e-01 -1.9497e+00 +4.1636e+00 +9.6916e-01 -2.7364e+00 -3.5603e+00 -1.6055e+00 -3.0826e+00 -3.2611e+00 +3.0492e+00 +2.7327e+00 +1.7324e+00
3403 +2.481060980e+04 +2.481060980e+04 +2.486892980e+04 +2.486892980e+04 +3.0127e+00 +3.2883e+00 +4.1187e+00 -4.7529e+00 +4.0938e+00 +4.7683e+00 +4.5500e+00 -1.7396e+00 -2.5097e-01 -1.8899e+00 +3.9802e+00 +1.6274e+00 -2.8022e+00 -3.3499e+00 -1.6573e+00 -3.2053e+00 -3.2608e+00 +3.0398e+00 +2.8558e+00 +1.6546e+00
3704 +1.502742580e+04 +1.502742580e+04 +1.508574580e+04 +1.508574580e+04 +2.5930e+00 +2.9549e+00 +3.8031e+00 -4.0418e+00 +4.4421e+00 +4.1174e+00 +4.6607e+00 +5.7728e-01 -1.7626e-01 -2.9479e+00 +3.4952e+00 +1.6168e+00 -2.9368e+00 -3.2624e+00 -1.8709e+00 -3.0888e+00 -3.2930e+00 +2.9724e+00 +2.7825e+00 +1.6875e+00
4426 +9.555285421e+03 +9.555285421e+03 +9.613605421e+03 +9.613605421e+03 +2.3164e+00 +3.1262e+00 +3.7809e+00 -3.8478e+00 +4.6460e+00 +4.0173e+00 +4.7058e+00 +2.3629e+00 +3.2513e-01 -4.3287e+00 +3.3218e+00 +1.8052e+00 -3.0721e+00 -3.3857e+00 -1.6475e+00 -3.0866e+00 -3.3105e+00 +2.9507e+00 +2.7827e+00 +1.6586e+00
% function evaluation | noise-free fitness - Fopt (1.932700000000e+02) | best noise-free fitness - Fopt | measured fitness | best measured fitness | x1 | x2...
1 +9.936694455e+06 +9.936694455e+06 +9.936887725e+06 +9.936887725e+06 +4.5848e+00 +3.9523e+00 -3.5816e+00 +2.1739e+00 -3.4415e+00 -3.0324e+00 -6.2480e-01 +4.6164e+00 -5.3508e-01 -2.2746e+00 +1.8204e-01 -4.9776e+00 +3.2968e+00 +4.0619e-01 +5.6707e-01 +9.6665e-01 +7.1429e-02 +3.7817e+00 +2.3004e-01 -1.2255e+00
5 +2.840423927e+06 +2.840423927e+06 +2.840617197e+06 +2.840617197e+06 +2.9057e+00 -1.1945e+00 -4.8272e+00 -6.8645e-01 +1.5933e+00 -1.1535e+00 +4.2466e+00 -2.7898e+00 +3.0160e+00 +4.7258e+00 -4.4679e+00 +7.1271e-01 +4.5106e+00 +3.9947e+00 -2.4288e+00 -4.4895e+00 +3.3766e+00 -1.5752e+00 -2.1132e+00 +9.1525e-01
106 +1.726388780e+06 +1.726388780e+06 +1.726582050e+06 +1.726582050e+06 -1.7405e+00 +4.6371e+00 -7.3840e-01 -2.7413e+00 -2.5111e+00 +2.0140e+00 -4.5179e+00 -4.9644e+00 +3.9603e+00 -4.2901e+00 -3.2555e+00 +2.9636e+00 -2.8948e+00 +2.0207e+00 -3.8693e+00 -2.5728e+00 +4.9149e+00 -9.7839e-01 +3.4124e-03 +6.8252e-02
296 +7.152021409e+05 +7.152021409e+05 +7.153954109e+05 +7.153954109e+05 -7.7147e-01 +3.9923e+00 +1.0252e+00 +1.1637e+00 -4.3208e-02 +5.0000e+00 -1.8698e+00 -5.0000e+00 +2.8123e+00 -5.0000e+00 +1.8658e+00 -7.8506e-01 -8.8717e-01 +3.3090e+00 -2.6073e+00 -1.9475e+00 +5.0000e+00 -2.2158e-01 -1.7352e+00 +5.7045e-01
618 +5.305934866e+05 +5.305934866e+05 +5.307867566e+05 +5.307867566e+05 +3.0439e+00 +5.0000e+00 +1.1757e+00 -9.1687e-02 +4.1119e+00 +2.7982e+00 +3.6545e+00 -5.0000e+00 +2.9731e+00 -5.0000e+00 +5.5670e-02 -1.8346e+00 -1.1982e+00 -8.6533e-01 -7.7189e-01 -3.0745e-01 +3.1357e+00 +1.7576e-01 -1.0025e+00 +5.9663e-01
1454 +3.315516647e+05 +3.315516647e+05 +3.317449347e+05 +3.317449347e+05 -1.7620e+00 +4.7531e+00 -2.2265e+00 +1.0939e+00 -1.4118e+00 +1.8582e+00 +3.3192e+00 -5.0000e+00 +1.7771e+00 -3.4497e+00 +2.7101e+00 -9.1975e-01 -1.1739e+00 +1.3523e+00 -2.7281e+00 -1.4833e+00 +4.8472e+00 +2.2065e-01 -9.6159e-01 +6.3079e-01
1766 +1.081576301e+05 +1.081576301e+05 +1.083509001e+05 +1.083509001e+05 -1.3794e+00 +4.7099e+00 -2.7041e-01 +2.7065e+00 +3.8945e-01 +8.4634e-01 -1.3659e+00 -5.0000e+00 +1.2891e+00 -4.1734e+00 +1.7467e+00 -1.3787e+00 -8.2680e-01 +3.6158e+00 -4.2722e+00 -1.4063e+00 +3.4219e+00 +1.5992e-01 -8.3579e-01 +6.5689e-01
2261 +7.573087779e+04 +7.573087779e+04 +7.592414779e+04 +7.592414779e+04 +7.6493e-01 +4.6983e+00 +4.0479e+00 +2.4425e+00 +1.2981e+00 +2.5565e+00 -2.6436e+00 -5.0000e+00 +1.2485e+00 -4.2258e+00 +1.8087e+00 -1.3839e+00 -5.9530e-01 +3.2294e+00 -3.7072e+00 -3.7626e-01 +3.6288e+00 +3.7518e-02 -9.4454e-01 +5.4888e-01
2343 +3.892585984e+04 +3.892585984e+04 +3.911912984e+04 +3.911912984e+04 -4.9967e+00 +4.7051e+00 -4.5031e-01 +2.9701e+00 +2.0944e-01 +1.3600e+00 -3.8279e+00 -5.0000e+00 +3.4509e-01 -3.5459e+00 -2.9764e-01 -1.4367e+00 -7.1150e-01 +3.0440e+00 -4.2723e+00 -8.5233e-01 +3.5644e+00 +2.6659e-01 -1.1009e+00 +6.7497e-01
3217 +2.228401518e+04 +2.228401518e+04 +2.247728518e+04 +2.247728518e+04 -5.0000e+00 +4.6090e+00 -2.0833e+00 +3.1929e+00 -5.4628e-02 +1.8569e+00 -5.0000e+00 -4.9999e+00 +4.5315e-01 -2.5625e+00 -1.0126e+00 -1.2435e+00 -1.3597e+00 +2.8894e+00 -4.0412e+00 -8.7570e-01 +3.8354e+00 +1.4917e-01 -1.0755e+00 +6.4615e-01
3281 +1.441613862e+04 +1.441613862e+04 +1.460940862e+04 +1.460940862e+04 -5.0000e+00 +4.5289e+00 -8.8132e-01 +3.1107e+00 +3.1507e-01 +1.3173e+00 -4.4645e+00 -4.9999e+00 -8.9818e-01 -3.1521e+00 -1.0822e+00 -1.4345e+00 -1.1454e+00 +2.9789e+00 -3.9571e+00 -3.8468e-01 +3.8054e+00 +1.8756e-01 -9.7506e-01 +6.6567e-01
3671 +9.961896921e+03 +9.961896921e+03 +1.015516692e+04 +1.015516692e+04 -5.0000e+00 +4.5263e+00 -9.9960e-01 +3.1995e+00 +3.1395e-01 +1.5531e+00 -3.9419e+00 -4.9999e+00 -1.2162e+00 -3.0021e+00 -9.9574e-01 -2.0708e+00 -1.6956e+00 +2.9130e+00 -4.0088e+00 -4.2142e-01 +3.8575e+00 +2.5590e-01 -9.7625e-01 +6.7926e-01
4401 +6.157897882e+03 +6.157897882e+03 +6.351167882e+03 +6.351167882e+03 -4.1114e+00 +4.4678e+00 -1.0108e+00 +2.6266e+00 +5.1607e-02 +1.9341e+00 -4.8666e+00 -4.9999e+00 -7.4779e-01 -2.4883e+00 -1.7665e+00 -1.3740e+00 -2.1986e+00 +2.9981e+00 -3.9031e+00 -6.3638e-01 +3.7700e+00 +2.3573e-01 -9.8655e-01 +6.4489e-01
% function evaluation | noise-free fitness - Fopt (-4.190100000000e+02) | best noise-free fitness - Fopt | measured fitness | best measured fitness | x1 | x2...
1 +8.722611688e+06 +8.722611688e+06 +8.722192678e+06 +8.722192678e+06 -2.6666e+00 -4.4871e+00 -2.4063e+00 +1.4545e+00 -4.7876e+00 +2.1687e+00 +3.6721e+00 -1.7633e+00 -6.6266e-01 +4.4151e+00 +1.5235e+00 +3.0337e+00 +4.9133e+00 +4.3287e+00 +3.8455e+00 +2.3217e+00 +2.0571e+00 -8.8322e-01 +1.6322e+00 -2.1942e+00
4 +4.062324652e+06 +4.062324652e+06 +4.061905642e+06 +4.061905642e+06 +2.3519e+00 +3.7486e+00 -4.4896e+00 -3.2420e+00 -4.4534e+00 -4.9077e+00 +1.8529e+00 -1.4149e+00 +1.2794e+00 -2.8773e+00 +5.9019e-01 -4.9638e+00 +2.2715e-01 +4.4260e+00 -2.2376e+00 +1.2389e+00 -4.1954e+00 +1.7535e+00 +2.7379e+00 +9.0804e-01
19 +3.382771016e+06 +3.382771016e+06 +3.382352006e+06 +3.382352006e+06 +4.6147e+00 -1.6910e+00 +2.6779e+00 -3.4608e+00 -4.9950e+00 +3.4374e-01 +3.7493e+00 -9.7091e-01 +2.5806e+00 -3.7821e+00 -2.9464e+00 -2.3080e+00 +6.2495e-01 +1.3112e+00 +3.6089e+00 +3.0314e+00 -3.1285e+00 -8.4405e-01 +9.5381e-01 +5.6221e-01
118 +1.822800145e+06 +1.822800145e+06 +1.822381135e+06 +1.822381135e+06 -2.3366e-01 -1.7389e+00 +4.6790e+00 -4.1408e+00 -7.4234e-01 -5.3591e-01 -8.6559e-01 -3.7053e+00 -3.5816e+00 -4.2550e+00 +2.2352e+00 -1.6805e+00 -2.7116e+00 +2.7553e+00 +2.7084e+00 -4.0545e-01 -4.6692e+00 +8.4176e-02 +3.4505e+00 +2.1505e-01
372 +1.417937687e+06 +1.417937687e+06 +1.417518677e+06 +1.417518677e+06 -2.6342e+00 -1.0381e+00 -2.6280e+00 +1.7986e+00 +1.2136e+00 +1.2859e+00 +1.9741e+00 -2.8289e+00 -2.8833e+00 -3.7909e+00 +5.0000e+00 +2.8696e+00 +2.1524e+00 -1.2476e+00 +6.1757e-01 -7.9988e-01 -3.8379e+00 -2.3228e-01 +3.0726e+00 +3.7429e-01
417 +8.785509907e+05 +8.785509907e+05 +8.781319807e+05 +8.781319807e+05 -1.9369e+00 -6.9455e-01 -1.9669e+00 +1.1225e+00 +2.7028e+00 +1.3406e+00 +9.2193e-01 -1.8873e+00 -1.1170e+00 -2.4779e+00 +4.0457e+00 +2.4814e+00 +0.0000e+00 +4.3745e-01 +1.4618e-01 -7.0875e-01 -4.3117e+00 -1.4959e-01 +2.7745e+00 -4.7793e-01
646 +5.410776565e+05 +5.410776565e+05 +5.406586465e+05 +5.406586465e+05 -5.9614e-01 -4.5742e+00 -3.1926e+00 -2.8594e+00 +5.9379e-01 +2.4046e+00 +2.8526e+00 -6.8259e-01 -8.5878e-01 -2.5873e+00 +1.9274e+00 +2.7634e-01 -2.1087e+00 +2.9943e-01 +1.2326e-01 +5.7371e-01 -3.4646e+00 +0.0000e+00 +3.1919e+00 -6.3984e-01
1011 +3.166966279e+05 +3.166966279e+05 +3.162776179e+05 +3.162776179e+05 +9.7970e-01 -1.7345e+00 -2.3600e+00 -4.8663e+00 +1.1151e+00 +2.5412e+00 +5.0000e+00 +2.2354e+00 -1.0078e+00 -3.0742e+00 +1.6597e+00 +1.4741e+00 -1.1949e+00 -3.4531e+00 +0.0000e+00 +9.5827e-01 -3.4434e+00 +5.6700e-01 +2.6601e+00 -5.6443e-01
1917 +2.194539417e+05 +2.194539417e+05 +2.190349317e+05 +2.190349317e+05 +1.9288e+00 -4.2369e+00 -2.5702e+00 -4.9228e+00 +4.3550e-01 +2.6336e+00 +1.7911e+00 +3.8093e-01 -4.4399e+00 -4.8178e+00 +4.1189e-01 +2.4031e+00 +1.8302e-01 -4.2931e+00 +1.2978e+00 +1.4737e+00 -3.4007e+00 -2.1782e-01 +2.5220e+00 -6.7850e-01
2235 +1.479612702e+05 +1.479612702e+05 +1.475422602e+05 +1.475422602e+05 +2.0008e+00 -1.2274e+00 -2.0906e+00 -2.2925e+00 +1.2330e+00 +3.3046e+00 +5.9564e-01 +1.6319e+00 -4.8965e+00 -4.5638e+00 +2.8588e+00 +2.3279e+00 -1.3828e+00 -4.9778e+00 +2.1348e+00 +2.4194e+00 -3.7981e+00 -2.0960e-01 +2.8387e+00 -5.7401e-01
2292 +9.490800379e+04 +9.490800379e+04 +9.448899379e+04 +9.448899379e+04 +2.4730e+00 +4.5228e-01 -2.4058e+00 +7.2031e-01 +7.0519e-01 +2.7883e+00 +5.2220e-01 -1.0315e+00 -3.9896e+00 -4.0983e+00 +2.5504e+00 +1.5503e+00 -2.2332e+00 -3.9842e+00 +1.5292e+00 +2.5437e+00 -3.7865e+00 +2.7290e-01 +2.5940e+00 -3.4201e-01
2671 +5.640171590e+04 +5.640171590e+04 +5.598270590e+04 +5.598270590e+04 +2.5966e+00 -9.2354e-01 -2.7088e+00 +6.9230e-01 +9.2751e-01 +1.7935e+00 +6.7348e-01 -1.2570e+00 -3.4938e+00 -3.5862e+00 +2.7606e+00 +5.8704e-01 -2.8523e+00 -3.7838e+00 +1.6377e+00 +2.7635e+00 -3.6752e+00 +1.3976e-01 +2.6287e+00 -3.9007e-01
3066 +3.371495506e+04 +3.371495506e+04 +3.329594506e+04 +3.329594506e+04 +3.3738e+00 -1.9339e+00 -2.8314e+00 +1.8312e+00 -2.7356e+00 +1.7489e+00 +2.8045e+00 -2.3126e-01 -3.6005e+00 -3.7038e+00 +3.4199e+00 +9.1939e-01 -2.7244e+00 -3.5273e+00 +1.7003e+00 +2.1823e+00 -3.5967e+00 +2.0213e-01 +2.7194e+00 -4.9513e-01
3143 +2.422799020e+04 +2.422799020e+04 +2.380898020e+04 +2.380898020e+04 +3.2889e+00 -2.4193e+00 -2.9420e+00 +3.8409e-01 -9.4542e-01 +1.5951e+00 +3.3979e+00 -3.9084e-01 -3.6155e+00 -3.5872e+00 +2.8795e+00 +3.8901e-01 -3.3207e+00 -3.1859e+00 +1.4924e+00 +2.0714e+00 -3.4807e+00 +1.3313e-01 +2.7881e+00 -4.1339e-01
3617 +1.357234047e+04 +1.357234047e+04 +1.315333047e+04 +1.315333047e+04 +3.1574e+00 -2.4156e+00 -2.8229e+00 +1.5106e+00 -8.2992e-01 +1.1524e+00 +2.8603e+00 -2.6078e-01 -3.9158e+00 -3.7343e+00 +2.4720e+00 +3.4918e-01 -3.2702e+00 -2.9582e+00 +1.7375e+00 +2.3634e+00 -3.3665e+00 +7.9661e-02 +2.7268e+00 -4.6623e-01
4033 +9.256555178e+03 +9.256555178e+03 +8.837545178e+03 +8.837545178e+03 +3.1083e+00 -2.2534e+00 -2.8907e+00 +2.1914e+00 -2.2324e+00 +1.8682e+00 +2.8310e+00 -3.8207e-01 -3.2850e+00 -3.7412e+00 +2.5675e+00 +4.3599e-01 -3.0041e+00 -3.2570e+00 +1.6776e+00 +2.2350e+00 -3.3221e+00 +4.5620e-02 +2.7465e+00 -4.4769e-01
4849 +6.147601265e+03 +6.147601265e+03 +5.728591265e+03 +5.728591265e+03 +3.1594e+00 -2.4818e+00 -2.8921e+00 +2.1237e+00 -1.9374e+00 +1.9349e+00 +2.3260e+00 -2.0035e-01 -2.4758e+00 -3.7431e+00 +2.3550e+00 +2.4339e-01 -2.8866e+00 -3.1349e+00 +1.6837e+00 +2.2123e+00 -3.3188e+00 +3.6611e-02 +2.7378e+00 -4.5744e-01
% function evaluation | noise-free fitness - Fopt (4.076100000000e+02) | best noise-free fitness - Fopt | measured fitness | best measured fitness | x1 | x2...
1 +3.934594820e+07 +3.934594820e+07 +3.934635581e+07 +3.934635581e+07 +1.0578e+00 -2.1151e+00 +4.9576e+00 -1.3123e+00 -2.1851e+00 +2.3958e-01 +2.5211e+00 +4.7086e+00 -1.0691e+00 +2.2145e+00 -1.6818e+00 +4.0006e+00 -1.9667e+00 -4.2283e+00 -1.7112e-01 +4.0046e+00 -4.4099e+00 +1.2897e+00 +1.7078e-01 +2.3668e+00
2 +4.927637432e+06 +4.927637432e+06 +4.928045042e+06 +4.928045042e+06 -9.6567e-02 -1.4581e+00 -4.6318e-01 +1.4281e+00 +3.8374e+00 -4.8836e+00 -6.0018e-01 -2.7089e+00 -2.0305e+00 +2.0309e+00 +3.0741e+00 +4.9339e+00 -4.6457e+00 +3.8289e+00 -2.9385e+00 +2.8062e+00 -4.5367e+00 -4.5551e-01 -1.5407e+00 -3.3723e+00
64 +3.365200644e+06 +3.365200644e+06 +3.365608254e+06 +3.365608254e+06 -1.8653e-01 -4.0890e+00 -8.7942e-01 +1.4280e+00 -4.4124e+00 +8.5813e-01 +9.3286e-01 +1.8167e+00 +9.0216e-02 -2.1583e+00 -3.7447e+00 +6.9844e-01 -4.1551e+00 -4.3734e+00 -2.9920e+00 -1.8596e+00 -4.1420e-01 -3.7128e+00 -3.4615e+00 -3.3317e+00
129 +1.870646117e+06 +1.870646117e+06 +1.871053727e+06 +1.871053727e+06 -4.5435e+00 +2.6495e+00 +2.5568e+00 -4.6264e+00 +2.6987e+00 +1.0513e+00 -3.7010e+00 +2.3498e+00 +4.0655e+00 -3.4985e+00 -4.6478e-01 +3.3774e+00 -6.2977e-01 -3.6526e+00 -2.1772e+00 -6.7447e-01 -2.4451e-01 -4.0309e+00 -2.1812e+00 -2.8742e+00
332 +1.477483811e+06 +1.477483811e+06 +1.477891421e+06 +1.477891421e+06 +6.9278e-01 +2.1295e+00 -8.8328e-01 -4.9632e+00 +3.6647e+00 -3.0227e-02 +3.2545e+00 +9.4872e-01 -8.6768e-01 -1.9961e+00 -2.6653e+00 +5.0000e+00 +1.8891e-01 -2.7574e+00 -1.7177e+00 +2.2137e+00 -5.3496e-01 -3.1704e+00 -1.4834e+00 -2.4398e+00
466 +6.826250221e+05 +6.826250221e+05 +6.830326321e+05 +6.830326321e+05 -4.5377e+00 +5.0000e+00 +3.6045e+00 -3.0206e+00 +3.2332e+00 +1.1179e+00 -2.6726e+00 +1.9476e+00 +3.1728e-02 +0.0000e+00 -1.1646e+00 -1.5791e+00 +3.4420e-01 -1.4889e+00 +4.6377e-01 +2.9408e+00 -8.7139e-01 -3.8392e+00 -2.5420e+00 -2.6482e+00
838 +5.099358988e+05 +5.099358988e+05 +5.103435088e+05 +5.103435088e+05 -3.4280e+00 +4.8552e+00 +2.9995e+00 -3.8811e+00 +4.9939e+00 +7.8829e-01 +8.2295e-01 +2.2102e+00 +2.4919e-01 +9.1382e-01 -5.0000e+00 -1.9276e+00 -3.9401e+00 +2.3930e+00 +4.0729e-01 +4.4741e+00 -7.3019e-01 -2.7738e+00 -2.4725e+00 -2.5669e+00
1238 +3.789058799e+05 +3.789058799e+05 +3.793134899e+05 +3.793134899e+05 -4.1576e+00 +2.6989e+00 +1.5828e+00 +1.1836e-01 +3.4089e+00 +1.4553e+00 -5.3553e-01 -2.2299e+00 -1.4303e+00 +1.4118e+00 -2.5978e+00 -1.2671e+00 -3.1632e+00 +3.2180e+00 +1.2036e+00 +4.4368e+00 -1.1861e+00 -3.4938e+00 -2.2665e+00 -2.6803e+00
1695 +1.533105968e+05 +1.533105968e+05 +1.537182068e+05 +1.537182068e+05 -4.4436e+00 -4.2997e-01 +5.0658e-01 -2.0869e-01 +3.4352e+00 +1.8736e+00 -5.9107e-01 -2.3852e+00 -1.3327e+00 +2.7717e+00 -2.4215e+00 -1.4506e+00 -2.9733e+00 +1.9860e+00 +7.3187e-01 +3.8555e+00 +0.0000e+00 -3.3617e+00 -2.2363e+00 -3.0848e+00
2622 +9.127464180e+04 +9.127464180e+04 +9.168225180e+04 +9.168225180e+04 -4.6128e+00 -1.7310e+00 +3.9101e-01 -2.4957e-02 +2.7638e+00 +5.3053e-01 -2.6327e+00 -8.2139e-01 -1.2405e+00 +3.0854e+00 -2.0629e+00 -2.0420e+00 -5.0000e+00 +2.2039e+00 -4.3277e-01 +3.6707e+00 -2.6694e-01 -3.3902e+00 -2.2906e+00 -2.9375e+00
3163 +5.288823887e+04 +5.288823887e+04 +5.329584887e+04 +5.329584887e+04 -4.7841e+00 -2.3021e-01 -6.6666e-01 -1.0650e-02 +2.6844e+00 +1.2378e+00 -4.4483e+00 -1.5624e+00 -1.9291e+00 +2.1927e+00 +9.5524e-01 -1.2648e-01 -2.9473e+00 +2.2068e+00 -6.6163e-02 +3.7382e+00 -1.7785e-01 -3.4706e+00 -2.2978e+00 -3.0190e+00
3299 +3.806122675e+04 +3.806122675e+04 +3.846883675e+04 +3.846883675e+04 -4.5592e+00 -1.9634e+00 -5.9249e-01 -4.4866e-02 +2.5508e+00 +1.1709e+00 -3.6546e+00 -1.3988e+00 -1.9762e+00 +3.0297e+00 +2.1873e+00 -7.6282e-01 -2.9543e+00 +2.7158e+00 -1.6406e-01 +3.5340e+00 -4.2930e-01 -3.5179e+00 -2.2324e+00 -2.9365e+00
3607 +2.413073921e+04 +2.413073921e+04 +2.453834921e+04 +2.453834921e+04 -4.3493e+00 -2.4152e-01 -5.8645e-01 -8.7935e-02 +2.2900e+00 +9.6633e-01 -3.7208e+00 -1.7654e+00 -6.5043e-01 +2.9020e+00 +3.0880e+00 -1.4692e-01 -2.5937e+00 +2.9973e+00 -5.1785e-01 +3.5584e+00 -3.0132e-01 -3.6495e+00 -2.3555e+00 -2.9851e+00
3895 +1.550603449e+04 +1.550603449e+04 +1.591364449e+04 +1.591364449e+04 -4.6433e+00 -7.0801e-01 -2.6746e-01 -1.7900e-01 +2.8243e+00 +1.1343e+00 -5.0000e+00 -2.1471e+00 -1.6627e+00 +2.9734e+00 +3.5582e+00 -9.4999e-01 -2.6226e+00 +3.0124e+00 -6.1052e-01 +3.6202e+00 -2.1937e-01 -3.5706e+00 -2.2426e+00 -2.9966e+00
4458 +9.144182386e+03 +9.144182386e+03 +9.551792386e+03 +9.551792386e+03 -4.5661e+00 -8.5870e-01 -7.2604e-02 -1.6447e-01 +2.9727e+00 +1.0564e+00 -5.0000e+00 -2.7032e+00 -3.1543e-01 +2.9114e+00 +3.8176e+00 -1.3300e+00 -3.2376e+00 +2.9425e+00 -7.9798e-01 +3.5772e+00 -2.3295e-01 -3.5005e+00 -2.2510e+00 -2.9891e+00
4831 +5.049913935e+03 +5.049913935e+03 +5.457523935e+03 +5.457523935e+03 -4.6110e+00 -7.4696e-01 -3.1872e-02 -2.0125e-01 +2.9011e+00 +9.9521e-01 -5.0000e+00 -2.2960e+00 +4.0791e-01 +2.9452e+00 +3.6749e+00 -1.4147e+00 -3.2097e+00 +3.1673e+00 -8.1577e-01 +3.7121e+00 -2.0847e-01 -3.5686e+00 -2.2548e+00 -2.9970e+00
% function evaluation | noise-free fitness - Fopt (2.872000000000e+01) | best noise-free fitness - Fopt | measured fitness | best measured fitness | x1 | x2...
1 +3.778518991e+07 +3.778518991e+07 +3.778521863e+07 +3.778521863e+07 -3.9279e+00 +7.7053e-01 +1.9980e+00 -3.6441e+00 -3.0264e+00 +2.5677e+00 -1.0515e+00 -1.5485e+00 +3.3067e+00 -1.0857e+00 -5.8450e-01 +4.5232e+00 +4.7537e+00 +4.8094e+00 +1.9741e+00 -6.6094e-02 -1.0039e-01 +2.4704e+00 +1.9662e+00 -4.8172e+00
4 +1.767642974e+07 +1.767642974e+07 +1.767645846e+07 +1.767645846e+07 -8.8580e-02 -3.5252e+00 -8.2586e-01 -1.4726e+00 -1.8338e+00 -2.5164e+00 +4.4326e+00 +2.5243e+00 -2.7895e+00 +4.0229e+00 -3.2027e+00 +4.4481e+00 -5.7093e-01 -4.6658e+00 -1.3879e+00 +4.9931e+00 -3.0541e+00 +2.2956e+00 -3.1456e+00 -3.0819e+00
10 +1.266171811e+07 +1.266171811e+07 +1.266174683e+07 +1.266174683e+07 +7.4194e-02 -1.9635e-01 -4.9704e+00 +9.5936e-01 -2.3018e+00 -2.7675e+00 -3.3486e+00 -4.1103e+00 +2.6708e+00 +2.2319e+00 +1.1305e-01 +1.5389e+00 +2.3432e+00 +1.2811e+00 -2.7329e+00 -4.8781e+00 -5.8660e-02 -4.0704e+00 +1.5756e+00 +1.5964e+00
21 +7.411612992e+06 +7.411612992e+06 +7.411641712e+06 +7.411641712e+06 +2.4565e+00 -9.4388e-01 +2.8958e+00 -2.0138e-01 -1.4819e+00 -4.9035e+00 +4.5469e+00 -2.5097e+00 +3.6449e+00 -3.4818e+00 -1.6059e-01 +2.9949e+00 +2.7155e+00 +3.2921e+00 -1.7715e+00 +2.3355e+00 -1.5751e+00 +1.9705e+00 -1.6954e+00 -6.6652e-01
27 +3.794565477e+06 +3.794565477e+06 +3.794594197e+06 +3.794594197e+06 -5.2945e-01 -8.3041e-01 +6.9746e-01 -7.8469e-01 -7.5711e-01 -2.5887e+00 +4.6748e+00 +3.1617e+00 -4.4223e+00 +2.8967e+00 +4.1076e-01 +1.6936e+00 +1.9347e+00 -4.3059e+00 +2.4874e+00 -1.9091e+00 -4.4991e+00 -1.2933e-01 -1.9386e+00 -8.1715e-01
37 +2.181850859e+06 +2.181850859e+06 +2.181879579e+06 +2.181879579e+06 -3.9105e+00 -4.3327e+00 +4.8787e+00 -3.8310e+00 -2.3684e+00 +4.4992e+00 -4.1349e+00 -1.4450e+00 -1.7672e-01 -4.9795e+00 +2.3175e+00 +4.5225e+00 -2.1785e-01 -3.9490e+00 +4.7016e+00 -1.5951e+00 -4.0110e+00 -2.6329e+00 -3.0496e+00 +3.6320e-01
300 +1.026211659e+06 +1.026211659e+06 +1.026240379e+06 +1.026240379e+06 +5.0000e+00 +2.2613e+00 +4.0089e+00 +1.9447e+00 -4.9710e-02 -2.1208e+00 +2.9600e+00 -3.6855e+00 +1.4397e+00 -2.3901e-01 -1.5718e+00 -2.2098e+00 -1.6693e+00 -1.9838e+00 +7.3095e-02 -1.0486e+00 -2.9393e+00 -3.7769e+00 -1.4903e+00 -2.4282e-01
592 +8.606098236e+05 +8.606098236e+05 +8.606385436e+05 +8.606385436e+05 +4.7048e+00 +2.9391e+00 +2.3797e+00 +3.6468e+00 +1.5929e-01 -9.1232e-01 +2.8177e+00 -2.5432e+00 -6.7486e-01 +8.5802e-01 -3.5905e+00 -2.3577e+00 +9.2607e-01 -3.3297e+00 +1.8735e+00 +1.9378e+00 -2.9427e+00 -2.4786e+00 -2.1218e+00 -3.9467e-01
1232 +4.249536980e+05 +4.249536980e+05 +4.249824180e+05 +4.249824180e+05 +2.7362e+00 -1.0132e-01 -3.5971e-01 +2.5863e+00 +3.3042e+00 -2.0825e+00 +6.2092e-01 -1.1890e+00 +5.0000e+00 -4.4578e+00 -2.5097e+00 -1.0428e+00 -2.3891e-01 +1.6685e+00 +2.9274e+00 -8.6474e-01 -3.5328e+00 -3.2734e+00 -1.8198e+00 +1.6619e-03
1409 +3.328614753e+05 +3.328614753e+05 +3.328901953e+05 +3.328901953e+05 +2.8992e+00 +7.3503e-01 -7.3232e-01 +1.4629e+00 +2.9885e+00 -2.2336e+00 -1.9119e+00 -1.2296e+00 +4.9587e+00 -4.7585e+00 -2.9879e+00 -1.2893e+00 -6.9813e-01 +4.4918e+00 +2.8960e+00 +1.7856e-01 -3.3876e+00 -3.8019e+00 -1.8126e+00 -3.9267e-01
1764 +2.026251939e+05 +2.026251939e+05 +2.026539139e+05 +2.026539139e+05 +2.8347e+00 -1.3100e+00 -7.5963e-01 +2.3628e+00 +2.6323e+00 +0.0000e+00 -3.1972e+00 -1.8404e+00 +4.2712e+00 -2.7196e+00 -2.9948e+00 -1.4543e+00 -8.0523e-01 +4.5702e+00 +1.0735e+00 +6.1028e-01 -3.4587e+00 -3.3728e+00 -1.8783e+00 -1.8351e-01
2377 +1.581549538e+05 +1.581549538e+05 +1.581836738e+05 +1.581836738e+05 +1.7633e+00 +0.0000e+00 -8.2569e-01 +2.0217e+00 -1.1105e+00 -1.1403e-01 +7.3854e-01 -1.3147e+00 +4.7603e+00 -3.2311e-01 -2.9821e+00 -3.4505e+00 +3.5729e+00 +3.1146e+00 +1.7922e+00 +2.9276e-01 -3.0742e+00 -3.3807e+00 -1.7915e+00 -2.2090e-01
3277 +9.018176265e+04 +9.018176265e+04 +9.021048265e+04 +9.021048265e+04 +5.5241e-01 -1.4102e+00 +1.0012e+00 +2.2367e+00 +2.5832e+00 +2.6278e+00 +1.2396e+00 -2.0883e+00 +4.1798e+00 +4.3453e+00 +1.5787e-01 -5.7857e-01 +1.6472e+00 +3.4819e+00 +1.4066e+00 +8.2192e-01 -3.2640e+00 -3.4005e+00 -1.9552e+00 -2.8090e-01
3615 +6.267385917e+04 +6.267385917e+04 +6.270257917e+04 +6.270257917e+04 +8.1488e-01 -1.0685e-02 +1.8442e+00 +2.0113e+00 +5.0000e+00 +3.4732e+00 +8.8490e-01 -3.9048e+00 +4.1371e+00 +1.6848e+00 +7.5816e-01 -1.8523e-01 +1.1667e+00 +3.1300e+00 +1.9829e+00 +8.9951e-01 -3.3170e+00 -3.4019e+00 -2.0791e+00 -2.9912e-01
3876 +3.836810998e+04 +3.836810998e+04 +3.839682998e+04 +3.839682998e+04 +9.3646e-01 -1.1607e+00 +1.0903e+00 +2.0315e+00 +3.9614e+00 +5.0000e+00 +9.7616e-01 -3.6422e+00 +4.2008e+00 -1.1492e+00 +1.8551e-01 -9.1819e-01 +2.7346e+00 +3.5085e+00 +1.8268e+00 +1.0250e+00 -3.3656e+00 -3.2336e+00 -2.0817e+00 -2.3003e-01
4233 +2.281890117e+04 +2.281890117e+04 +2.284762117e+04 +2.284762117e+04 +8.2422e-01 -7.5022e-01 +2.4332e-01 +2.6610e+00 +4.6625e+00 +4.4672e+00 +6.6123e-01 -2.9906e+00 +4.0601e+00 -2.7339e+00 +1.7247e+00 -6.1867e-01 +3.0459e+00 +3.5517e+00 +1.8612e+00 +6.7144e-01 -3.3737e+00 -3.3594e+00 -2.2007e+00 -2.1280e-01
4478 +1.435355878e+04 +1.435355878e+04 +1.438227878e+04 +1.438227878e+04 +9.6506e-01 -1.1681e+00 -4.6507e-02 +2.3238e+00 +4.7230e+00 +4.6555e+00 +5.3466e-01 -1.0545e+00 +3.6666e+00 -3.9780e+00 +2.1176e+00 -8.1892e-01 +2.7745e+00 +3.4966e+00 +1.8528e+00 +6.9274e-01 -3.2945e+00 -3.2724e+00 -2.1315e+00 -2.9261e-01
4626 +8.863813635e+03 +8.863813635e+03 +8.892533635e+03 +8.892533635e+03 +9.5806e-01 -9.5178e-01 +3.7898e-01 +2.4308e+00 +4.7441e+00 +4.5191e+00 +5.3203e-01 -3.7384e-01 +3.6808e+00 -3.9547e+00 +2.6386e+00 -6.0427e-01 +2.7730e+00 +3.5040e+00 +1.8626e+00 +6.9351e-01 -3.3083e+00 -3.3662e+00 -2.1175e+00 -2.3900e-01
4970 +6.270126100e+03 +6.270126100e+03 +6.298846100e+03 +6.298846100e+03 +9.2681e-01 -1.1177e+00 -1.6629e-01 +2.2939e+00 +4.5247e+00 +4.5163e+00 +7.0086e-01 +4.2569e-01 +3.6626e+00 -3.8947e+00 +2.5588e+00 -2.0783e-01 +2.7240e+00 +3.4056e+00 +1.9073e+00 +6.6656e-01 -3.2776e+00 -3.3089e+00 -2.0872e+00 -2.3304e-01
