% function evaluation | noise-free fitness - Fopt (9.294000000000e+01) | best noise-free fitness - Fopt | measured fitness | best measured fitness | x1 | x2...
1 +2.235323573e+03 +2.235323573e+03 +2.328263573e+03 +2.328263573e+03 +1.1535e+00 -2.1160e+00 -4.6867e+00 +3.5925e+00 -2.2533e+00 +1.1832e+00 -3.4731e+00 +2.0393e+00 +1.5967e-01 -3.2477e+00 +5.0610e-01 +4.4784e+00 -4.7286e+00 +7.0948e-01 -1.0309e+00 -6.8650e-01 +3.1262e+00 -1.8263e+00 -3.4517e-01 +1.6817e+00
8 +1.076821387e+03 +1.076821387e+03 +1.169761387e+03 +1.169761387e+03 +1.9134e+00 +3.1000e+00 -4.9118e-01 +3.2382e+00 -4.3137e+00 +2.0953e+00 +2.4595e+00 +3.6754e+00 -3.4107e+00 -2.2849e+00 +1.0656e+00 -3.5965e+00 +4.0639e+00 -1.6987e+00 +2.7615e+00 +4.1639e+00 +3.6028e+00 -1.9468e+00 +3.7268e+00 +2.2239e-01
56 +5.184294376e+02 +5.184294376e+02 +6.113694376e+02 +6.113694376e+02 +2.8756e+00 +9.0382e-01 +1.0266e+00 +4.7300e+00 -1.6470e+00 +2.4488e+00 +2.2725e+00 -1.3963e+00 +1.5858e+00 +2.3255e+00 -3.5057e+00 -5.1401e-01 +1.6215e+00 -2.1466e+00 +1.8609e+00 -3.4991e+00 +3.5665e+00 -3.3271e+00 -3.5209e+00 -2.0992e+00
422 +3.953072156e+02 +3.953072156e+02 +4.882472156e+02 +4.882472156e+02 +8.2169e-01 +5.0000e+00 -1.8904e+00 +4.9458e-01 -4.6823e+00 +1.0063e+00 +4.0267e+00 +1.6193e+00 +1.3786e+00 +2.4893e+00 -2.1285e+00 -4.7450e+00 -2.1732e+00 -4.2264e+00 +4.8362e+00 -4.4860e+00 +5.0000e+00 -5.0000e+00 -2.9083e+00 -5.0000e+00
655 +1.758463197e+02 +1.758463197e+02 +2.687863197e+02 +2.687863197e+02 +4.3386e-01 +5.0000e+00 +2.1883e+00 +0.0000e+00 -9.7542e-01 +3.7824e+00 +4.0960e+00 -8.6879e-01 +2.9558e+00 +1.5203e+00 +0.0000e+00 -3.1053e+00 +2.5545e+00 -1.5548e+00 +2.3939e+00 +1.4088e+00 +4.7772e+00 -3.9651e+00 -2.9762e+00 -3.5723e+00
1043 +1.061108333e+02 +1.061108333e+02 +1.990508333e+02 +1.990508333e+02 +7.5285e-01 +4.9949e+00 +2.0561e+00 -7.9463e-01 +9.2595e-01 +2.1425e+00 +2.7752e+00 -4.9578e-01 +4.2052e+00 +2.2018e+00 -8.4751e-01 -5.0000e+00 +2.4339e+00 -5.8932e-01 +2.1390e+00 +1.5799e+00 +4.4678e+00 -4.0703e+00 +2.2661e-01 -2.7259e+00
1505 +9.878399960e+01 +9.878399960e+01 +1.917239996e+02 +1.917239996e+02 +6.5336e-01 +4.4995e+00 +2.0918e+00 +5.9422e-01 -3.7987e-01 +2.4166e+00 +2.9147e+00 -1.1782e+00 +4.2328e+00 +3.3917e+00 -4.7468e-01 -4.2484e+00 +4.0147e-01 -9.4856e-01 +1.3536e+00 +1.1872e+00 +4.0200e+00 -4.0309e+00 +1.5281e+00 -2.4754e+00
2258 +4.270912532e+01 +4.270912532e+01 +1.356491253e+02 +1.356491253e+02 +1.5380e-01 +4.1527e+00 +1.3045e+00 +1.5032e+00 -1.8730e-01 +2.8387e+00 +3.2270e+00 -1.6786e+00 +4.3588e+00 +2.1324e+00 -7.2544e-01 -4.0481e+00 +2.5631e-01 -5.3605e-01 +1.9676e+00 +1.1118e+00 +4.1111e+00 -3.8821e+00 -3.3610e-01 -1.3702e+00
2707 +3.795434125e+01 +3.795434125e+01 +1.308943412e+02 +1.308943412e+02 +9.8591e-01 +3.9206e+00 +1.2712e+00 +1.0349e+00 +6.2334e-01 +3.0852e+00 +2.4960e+00 -1.6266e+00 +4.4035e+00 +2.2838e+00 +2.5390e+00 -3.6420e+00 -7.8832e-01 -8.3080e-02 +1.6948e+00 +1.2830e+00 +3.9990e+00 -3.8994e+00 -2.9079e-01 -2.2937e+00
3312 +2.360809253e+01 +2.360809253e+01 +1.165480925e+02 +1.165480925e+02 +1.2685e+00 +3.2068e+00 +1.2557e+00 +1.3089e+00 +1.1631e+00 +3.4255e+00 +2.3552e+00 -1.6047e+00 +4.2698e+00 +2.3810e+00 +1.7388e+00 -3.7198e+00 -7.6707e-01 -3.8883e-01 +1.6263e+00 +1.4272e+00 +3.8665e+00 -3.9965e+00 +3.1312e-01 -2.0239e+00
3602 +1.320206973e+01 +1.320206973e+01 +1.061420697e+02 +1.061420697e+02 +4.9687e-01 +3.0136e+00 +4.4234e-01 +1.9518e+00 +1.2381e+00 +3.6954e+00 +2.2756e+00 -1.7319e+00 +2.9262e+00 +2.4231e+00 +1.6095e+00 -4.0509e+00 -1.1070e+00 -1.9916e-01 +1.6480e+00 +1.5491e+00 +3.8636e+00 -3.7177e+00 +4.6417e-01 -1.2533e+00
% function evaluation | noise-free fitness - Fopt (3.535000000000e+01) | best noise-free fitness - Fopt | measured fitness | best measured fitness | x1 | x2...
1 +3.390142422e+03 +3.390142422e+03 +3.425492422e+03 +3.425492422e+03 -2.3900e+00 +4.7662e+00 +4.6599e+00 +3.1451e+00 -9.3048e-01 -3.5918e+00 -3.6800e+00 +2.9579e+00 -1.8563e+00 -1.5479e+00 -4.8667e+00 +2.8834e+00 -5.9221e-01 +1.1387e+00 +6.2960e-01 +7.2416e-01 +6.7072e-01 -4.3322e+00 -1.5615e+00 -3.7914e+00
5 +2.423159655e+03 +2.423159655e+03 +2.458509655e+03 +2.458509655e+03 -1.3975e+00 -3.9566e+00 +2.5793e+00 +2.7233e+00 +3.3667e+00 -2.0462e+00 +4.0876e+00 +2.9383e+00 +1.7110e+00 +2.6332e+00 +3.9904e+00 +1.1004e+00 -1.0790e+00 -4.5075e+00 -6.3544e-01 -4.9897e+00 +3.7075e+00 +6.2885e-01 +4.1224e+00 +4.2281e+00
6 +7.679229827e+02 +7.679229827e+02 +8.032729827e+02 +8.032729827e+02 +3.7797e+00 +7.0357e-01 -1.7520e+00 +2.7447e+00 -3.3727e-01 -3.7332e+00 -4.4338e+00 +2.8092e+00 -1.6512e+00 -4.8152e+00 -2.2076e+00 -4.0584e+00 -3.2471e+00 +2.3672e+00 +2.2432e+00 +3.2966e+00 +3.7806e+00 -1.7146e+00 +4.9728e+00 +2.3482e+00
237 +5.726645841e+02 +5.726645841e+02 +6.080145841e+02 +6.080145841e+02 -2.3879e-01 -2.6569e+00 -1.8941e-01 +1.1799e+00 -1.2116e+00 -5.0000e+00 -1.3989e-01 +5.0000e+00 +6.0706e-01 -4.1544e+00 +3.0404e+00 -5.0000e+00 +1.1000e-01 -5.9970e-01 -2.2959e-01 +5.0387e-01 +1.9635e+00 -2.4645e+00 +4.1595e+00 +5.0000e+00
326 +3.875009358e+02 +3.875009358e+02 +4.228509358e+02 +4.228509358e+02 +5.0000e+00 -6.1679e-01 +5.0000e+00 +1.0591e+00 -2.9237e+00 -5.0000e+00 -1.9566e+00 +6.0505e-01 +9.8395e-01 -6.3409e-01 +2.7542e+00 -5.0000e+00 -3.2545e-01 +1.0051e+00 +5.0000e+00 +3.3446e+00 +5.0000e+00 +1.8807e+00 +5.0000e+00 +1.9806e+00
632 +2.226552267e+02 +2.226552267e+02 +2.580052267e+02 +2.580052267e+02 +4.3424e+00 +1.0391e-03 +2.6454e+00 +4.4397e+00 -2.2535e+00 -5.0000e+00 -9.7620e-01 +5.2968e-01 +1.1345e-01 -3.1644e-01 +2.7488e+00 -5.0000e+00 +4.7408e+00 +5.6251e-01 +6.0774e-01 +3.5403e+00 +5.0000e+00 +2.2103e-01 +9.8917e-01 +0.0000e+00
1014 +1.386356306e+02 +1.386356306e+02 +1.739856306e+02 +1.739856306e+02 +3.4410e+00 -4.3627e-01 +4.6323e+00 +4.0833e+00 -2.9847e+00 -5.0000e+00 +5.4301e-01 -2.4486e-02 +2.5824e+00 -3.8215e-01 +4.6703e+00 -1.6207e+00 +5.0000e+00 +3.5907e+00 -5.9503e-01 +3.6919e+00 +2.7438e+00 +1.2824e+00 -5.6356e-01 +1.0852e-01
1062 +7.169905667e+01 +7.169905667e+01 +1.070490567e+02 +1.070490567e+02 +3.4114e+00 -1.6857e+00 +3.1001e+00 +4.6407e+00 -4.5861e+00 -5.0000e+00 +7.1330e-01 -1.5613e-01 +2.5152e+00 -3.1439e-01 +2.5956e+00 -2.7887e+00 +1.8168e+00 +2.9855e+00 -3.3496e-03 +2.3925e+00 +4.4140e+00 +2.7837e+00 +1.2212e+00 +4.1283e-02
2099 +6.263649164e+01 +6.263649164e+01 +9.798649164e+01 +9.798649164e+01 +2.9879e+00 -6.2729e-01 +3.5198e+00 +4.8461e+00 -4.8883e+00 -5.0000e+00 +3.7320e-01 -1.9547e+00 +3.5839e+00 -6.4420e-01 +1.3048e+00 -2.8633e+00 +1.1338e+00 +2.1163e+00 -5.5005e-01 +2.6577e+00 +4.5456e+00 +2.1208e+00 +1.6689e+00 -7.1994e-02
2885 +3.695980078e+01 +3.695980078e+01 +7.230980078e+01 +7.230980078e+01 +3.1267e+00 +1.9652e+00 +4.2790e+00 +3.0332e+00 -4.3410e+00 -4.9980e+00 +1.3285e+00 -1.9701e+00 +3.0849e+00 -2.0431e+00 +1.8508e+00 -2.7195e+00 +4.3838e+00 +2.3625e+00 +9.9436e-01 +5.0000e+00 +3.1843e+00 +1.7660e+00 +1.4562e+00 +2.1415e-02
3664 +2.354716332e+01 +2.354716332e+01 +5.889716332e+01 +5.889716332e+01 +3.0194e+00 +2.2005e+00 +4.4408e+00 +3.1711e+00 -4.2011e+00 -4.9980e+00 +1.0349e+00 -1.4066e+00 +2.4352e+00 -1.6454e+00 +1.7805e+00 -2.5782e+00 +4.4424e+00 +2.5125e+00 +3.9896e-01 +5.0000e+00 +2.8847e+00 +2.3457e+00 +1.1693e+00 +1.7198e-01
% function evaluation | noise-free fitness - Fopt (3.820000000000e+00) | best noise-free fitness - Fopt | measured fitness | best measured fitness | x1 | x2...
1 +1.230730043e+03 +1.230730043e+03 +1.234550043e+03 +1.234550043e+03 +2.0563e+00 +4.9522e+00 +3.8012e+00 -8.0110e-01 -4.7972e+00 -4.7001e+00 +3.6082e+00 +2.8071e+00 -3.1473e-01 +3.1133e+00 -1.4164e+00 -3.3926e+00 -3.7752e+00 -7.5868e-01 +3.0626e+00 -3.8757e+00 -3.2541e+00 +3.4779e+00 -1.7074e+00 +4.6478e+00
35 +6.959773459e+02 +6.959773459e+02 +6.997973459e+02 +6.997973459e+02 +3.0415e+00 +1.7741e+00 +3.7308e+00 +4.2781e+00 +2.0760e+00 +2.1078e+00 +2.9235e+00 -1.1466e+00 -3.7766e+00 +2.8233e+00 +3.5903e+00 -4.9736e-02 +1.8015e+00 -5.1100e-01 +3.7198e+00 +3.4315e+00 +4.8346e+00 +4.9166e+00 +2.8975e+00 +1.8044e+00
114 +5.267530420e+02 +5.267530420e+02 +5.305730420e+02 +5.305730420e+02 +1.1720e+00 -2.2279e+00 +2.9093e+00 -3.4327e+00 -1.9357e-01 -4.0364e+00 +8.7675e-01 -2.4265e+00 -2.3304e+00 -3.0520e+00 +3.1407e-01 +1.2100e+00 -2.3191e+00 -2.7426e+00 +1.7510e+00 -2.0501e+00 -7.9898e-02 -2.9706e+00 +4.1155e+00 -7.2888e-01
234 +3.131804349e+02 +3.131804349e+02 +3.170004349e+02 +3.170004349e+02 -9.4022e-01 -1.0000e+00 +2.3756e+00 +1.9504e+00 +1.9371e+00 -2.6606e+00 +2.9944e+00 -2.3086e+00 -1.3923e+00 -6.9027e-01 +1.0801e+00 -2.3667e+00 -1.3223e+00 -3.5933e+00 +5.0000e+00 +3.4164e-01 -3.0303e+00 +2.0737e+00 -1.1733e+00 +3.8807e+00
969 +2.463411919e+02 +2.463411919e+02 +2.501611919e+02 +2.501611919e+02 +2.2059e-01 -1.1739e+00 -2.9307e-01 -4.0788e-01 -8.6289e-01 -2.3482e+00 +2.0515e+00 -4.5180e+00 -4.1930e+00 -1.5782e+00 +2.1138e+00 -2.8247e+00 +0.0000e+00 -3.0482e+00 +1.7582e+00 +1.8094e+00 -1.9204e+00 -3.7710e-01 +1.6206e+00 +5.0000e+00
1441 +1.516549297e+02 +1.516549297e+02 +1.554749297e+02 +1.554749297e+02 +1.0526e+00 -9.5716e-01 -7.1758e-03 -1.4540e+00 +5.5869e-01 -8.7183e-01 +1.3689e+00 -5.6384e-01 -3.5451e+00 -2.1194e+00 +2.9868e+00 -2.0533e+00 -1.6183e-01 -1.9305e+00 +1.4411e+00 +2.6363e+00 -3.3294e+00 +8.6369e-01 -5.1548e-01 +3.2379e+00
2266 +9.967156607e+01 +9.967156607e+01 +1.034915661e+02 +1.034915661e+02 +3.3893e+00 -1.5538e-01 +1.5057e+00 -8.1006e-01 +3.7203e+00 +2.7344e-01 +8.0781e-02 -3.0191e-01 -4.5282e+00 +3.5456e-01 +1.6964e+00 +2.2381e+00 -8.8979e-01 -2.3861e-01 -1.4749e+00 +4.2289e-01 -1.3017e-02 +8.4329e-01 +2.7551e+00 +2.6332e+00
2785 +6.292805705e+01 +6.292805705e+01 +6.674805705e+01 +6.674805705e+01 +5.0000e+00 +7.0661e-01 +7.8188e-01 -1.0185e+00 +2.3388e-02 +2.8513e+00 +3.3217e+00 -1.8753e+00 +7.0462e-02 +5.1265e-01 +4.8435e-01 +1.6389e+00 -3.3515e-01 -7.0294e-01 -7.6015e-01 +9.3646e-01 -4.2853e-01 +1.4902e+00 +1.4220e+00 +4.1609e+00
3202 +3.428768603e+01 +3.428768603e+01 +3.810768603e+01 +3.810768603e+01 +4.4727e+00 +1.1283e+00 +5.9999e-01 -1.6999e+00 +8.5326e-01 +1.3302e+00 +2.6839e+00 -2.5936e+00 +1.0598e+00 -2.5295e-01 +5.4000e-01 +2.2763e+00 -5.4569e-01 -1.5109e+00 -1.4186e+00 +7.3863e-01 +3.1618e-01 +8.7098e-01 +1.6334e+00 +3.9877e+00
3811 +2.394884851e+01 +2.394884851e+01 +2.776884851e+01 +2.776884851e+01 +4.2322e+00 +1.3202e+00 +6.8346e-01 -2.2703e+00 +8.3991e-01 +3.4798e-02 +2.2658e+00 -2.5475e+00 +4.7601e-01 -4.2438e-01 +3.0027e-01 +3.1957e+00 -8.0233e-01 -2.1435e+00 -1.2946e+00 +6.5381e-01 +5.8776e-01 +8.0343e-01 +1.8607e+00 +3.9230e+00
4082 +1.581649544e+01 +1.581649544e+01 +1.963649544e+01 +1.963649544e+01 +4.4128e+00 +5.4522e-01 +5.3620e-01 -2.3103e+00 +5.4064e-01 +6.9429e-01 +2.1959e+00 -2.7294e+00 +9.5110e-01 -5.2480e-01 +5.7199e-01 +2.6240e+00 -1.3984e+00 -2.0874e+00 -1.1236e+00 +7.0032e-01 +8.3791e-01 +6.5957e-01 +1.7116e+00 +3.5842e+00
% function evaluation | noise-free fitness - Fopt (2.175000000000e+01) | best noise-free fitness - Fopt | measured fitness | best measured fitness | x1 | x2...
1 +6.821820158e+03 +6.821820158e+03 +6.843570158e+03 +6.843570158e+03 +2.6308e+00 +3.7926e+00 +3.0960e+00 -2.9610e+00 -4.1473e+00 +4.3321e+00 -3.2806e+00 +9.3372e-01 -3.9873e+00 -2.9768e+00 -2.1557e+00 -4.3348e+00 -3.9727e+00 +2.0157e+00 +1.8820e+00 -2.2442e-01 +4.8397e+00 +1.1479e+00 -1.0433e+00 +2.1623e+00
2 +2.817392126e+03 +2.817392126e+03 +2.839142126e+03 +2.839142126e+03 -4.8156e+00 +2.6373e+00 -3.5432e+00 -4.6600e+00 -3.0001e+00 +9.1454e-01 +4.6394e+00 +2.3770e+00 +3.3839e+00 +9.0940e-01 -4.4006e-01 -2.5766e+00 +3.0273e+00 -3.0667e+00 -1.5877e+00 +4.6334e+00 -4.1073e+00 +7.1858e-01 +1.7954e+00 -1.2871e+00
5 +1.844747191e+03 +1.844747191e+03 +1.866497191e+03 +1.866497191e+03 -2.7894e+00 -1.9857e+00 -8.1541e-02 +2.4025e+00 +1.3631e+00 +3.2579e+00 -1.5782e+00 -1.5853e+00 +3.5706e+00 -3.6933e+00 -1.2019e-01 -4.8521e+00 -1.0421e+00 -3.8923e+00 -3.2818e+00 -3.4526e+00 -3.3101e+00 +7.5592e-01 -2.6961e-01 -3.1488e+00
8 +1.339750234e+03 +1.339750234e+03 +1.361500234e+03 +1.361500234e+03 -3.1886e+00 -3.9995e+00 +4.3256e+00 -7.4332e-01 +2.1225e+00 +1.4941e-01 +4.4960e+00 -2.0772e+00 +3.2585e+00 -2.0705e+00 +3.1216e+00 +2.1620e+00 -4.1188e-01 -1.5025e+00 -9.5753e-01 +1.7761e+00 +5.6524e-01 -4.8065e-01 -2.2103e-01 -3.2116e+00
60 +9.676249094e+02 +9.676249094e+02 +9.893749094e+02 +9.893749094e+02 +3.9059e+00 +3.4005e+00 -1.6236e+00 +1.8229e+00 -4.5775e+00 +1.4037e+00 +4.6960e+00 -1.2082e+00 +1.1147e+00 -2.5950e+00 +1.5722e-01 -4.3699e+00 +4.6091e+00 -4.9301e+00 -2.9774e-01 -1.5513e+00 +1.6796e+00 -2.0407e+00 +3.2809e-01 -3.6936e+00
85 +5.684750729e+02 +5.684750729e+02 +5.902250729e+02 +5.902250729e+02 +1.0878e+00 -1.9392e+00 -8.5859e-01 +7.6004e-01 +1.1726e+00 -3.9870e+00 -3.4447e+00 +4.5091e+00 +3.2140e+00 +2.6853e+00 +1.4600e+00 -3.8437e-01 +3.0982e+00 -3.1882e+00 -1.9935e+00 +1.2739e+00 -1.7911e+00 +3.5375e+00 -3.5416e+00 +7.0768e-01
243 +3.719114820e+02 +3.719114820e+02 +3.936614820e+02 +3.936614820e+02 -2.6000e+00 -8.0889e-01 +3.9560e-01 -2.9958e+00 +1.4977e+00 -4.4323e+00 +4.0919e+00 +7.7105e-01 +5.3877e-01 +3.9737e+00 -3.7779e+00 -4.0678e-03 +4.0474e+00 +1.6401e+00 -2.4589e+00 +3.1560e+00 -4.6228e+00 +3.5215e+00 -5.0000e+00 +3.6552e-01
687 +2.210589937e+02 +2.210589937e+02 +2.428089937e+02 +2.428089937e+02 +3.2994e+00 +2.7113e+00 -1.8818e+00 +2.2465e+00 +0.0000e+00 -5.0000e+00 +2.9566e+00 -2.0909e+00 +4.3175e+00 +3.5565e+00 +3.7653e+00 -2.0856e+00 +5.0000e+00 -9.2248e-01 -2.6514e+00 +2.9251e+00 -1.3875e+00 +2.7316e+00 +0.0000e+00 +3.5758e+00
1265 +1.531215126e+02 +1.531215126e+02 +1.748715126e+02 +1.748715126e+02 +4.3813e+00 +9.6332e-01 +9.1887e-01 +3.8781e-01 -2.4308e+00 -5.0000e+00 +3.0366e+00 +6.9599e-01 +3.2278e+00 +3.2346e+00 +3.6534e+00 -2.3641e+00 +5.0000e+00 +2.3619e-01 -2.8451e+00 +0.0000e+00 +8.4443e-01 +5.0000e+00 -2.2289e-01 +2.4854e+00
1839 +8.382781976e+01 +8.382781976e+01 +1.055778198e+02 +1.055778198e+02 +4.9321e+00 +3.4207e-01 -2.4128e+00 +1.7616e+00 -3.2975e+00 -3.9789e+00 +3.5879e+00 +3.1274e-01 -1.7192e-01 +3.7972e+00 +3.5442e+00 -2.8949e+00 +4.4498e+00 -1.2012e+00 -3.9750e+00 -1.7174e+00 +8.9890e-01 +4.5778e+00 -9.8761e-01 +5.7416e-01
2480 +6.005594415e+01 +6.005594415e+01 +8.180594415e+01 +8.180594415e+01 +4.8457e+00 +1.3571e+00 -2.5399e+00 +4.1907e+00 -1.9164e+00 -4.5637e+00 +2.3199e+00 +7.7188e-01 +1.7334e-01 +4.1755e+00 +3.4421e+00 -3.1533e+00 +4.2309e+00 -1.7098e+00 -2.6530e+00 -1.9883e+00 +1.2078e-01 +2.9252e+00 -1.1368e+00 -2.3674e-01
3264 +3.217763837e+01 +3.217763837e+01 +5.392763837e+01 +5.392763837e+01 +4.8086e+00 +1.0562e+00 -1.9957e+00 +3.4503e+00 -2.3402e+00 -4.1821e+00 +2.3062e+00 +3.2303e-01 +2.7639e-01 +4.1853e+00 +3.8162e+00 -1.1367e+00 +4.1621e+00 -6.0057e-01 -2.3076e+00 -2.5742e+00 -2.4663e-01 +1.9740e+00 -1.1549e+00 +4.9218e-01
3961 +2.362158959e+01 +2.362158959e+01 +4.537158959e+01 +4.537158959e+01 +4.8537e+00 +6.4937e-01 -2.4983e+00 +3.3500e+00 -2.2725e+00 -4.2265e+00 +1.6984e+00 +4.6017e-01 +1.3566e+00 +4.3623e+00 +3.7035e+00 -9.9196e-01 +3.1229e+00 -6.9586e-01 -2.5210e+00 -2.5289e+00 -1.1064e+00 +2.3110e+00 -1.6286e+00 +7.0938e-01
4805 +1.580404236e+01 +1.580404236e+01 +3.755404236e+01 +3.755404236e+01 +4.8677e+00 +7.9788e-01 -2.3744e+00 +4.0253e+00 -2.1080e+00 -3.9514e+00 +2.0507e+00 +5.4542e-01 +1.4456e+00 +4.2120e+00 +3.0895e+00 -9.0343e-01 +3.1578e+00 -7.0606e-01 -2.5430e+00 -2.4107e+00 -9.0544e-01 +2.3465e+00 -1.6994e+00 +7.4394e-01
% function evaluation | noise-free fitness - Fopt (6.479000000000e+01) | best noise-free fitness - Fopt | measured fitness | best measured fitness | x1 | x2...
1 +2.530356899e+03 +2.530356899e+03 +2.595146899e+03 +2.595146899e+03 +2.5374e+00 +3.9956e+00 +3.0403e+00 -4.2485e+00 -4.0761e+00 -2.9142e+00 +2.3825e+00 -3.0953e+00 -1.9826e+00 -1.6331e+00 -2.3016e+00 +2.4110e+00 +8.8251e-01 -8.1747e-01 -2.0527e+00 -4.8682e+00 -2.5855e+00 +4.4896e+00 -9.6032e-01 +1.5828e+00
4 +2.090307826e+03 +2.090307826e+03 +2.155097826e+03 +2.155097826e+03 +1.0223e+00 +3.8328e+00 -3.4203e+00 +1.1730e+00 +5.9432e-01 +4.4647e+00 +1.4279e+00 -1.3962e+00 -1.3745e+00 +3.5575e+00 +4.0055e+00 +1.9867e+00 +4.3067e+00 -1.6433e+00 -2.9198e-01 +1.4721e+00 -3.9033e+00 +3.7164e+00 +3.8413e+00 -1.3601e+00
10 +1.448956544e+03 +1.448956544e+03 +1.513746544e+03 +1.513746544e+03 -2.1410e+00 +2.9113e+00 -5.0029e-02 -3.5715e-01 +2.1209e+00 +2.2248e+00 -1.8844e+00 +2.0180e+00 -9.5127e-01 +3.6402e+00 -1.3653e+00 -9.0247e-02 -4.0319e-01 -2.1776e-01 -2.8458e-01 +2.2011e+00 +4.3424e+00 +2.1598e+00 -1.1859e+00 -4.9150e+00
27 +5.165557576e+02 +5.165557576e+02 +5.813457576e+02 +5.813457576e+02 -3.0963e+00 +3.5779e+00 -2.0738e+00 +3.3642e-01 +4.0577e-01 -2.6244e+00 +7.2432e-01 +2.7599e-01 -2.8274e-01 +3.9667e+00 +4.6500e+00 +1.4578e+00 +2.4246e+00 -3.5798e+00 -1.4276e+00 -7.1990e-01 -3.1699e+00 -4.6361e+00 -2.0660e+00 +2.6026e+00
81 +3.431638578e+02 +3.431638578e+02 +4.079538578e+02 +4.079538578e+02 -2.8823e+00 +1.6496e-01 -4.9318e+00 -3.2961e-01 -4.8560e-01 -4.2710e+00 -4.3466e+00 +1.0673e+00 -4.0834e+00 +9.0183e-01 +3.8471e+00 -4.4145e+00 +2.8520e+00 -2.9726e+00 -2.5087e-01 -2.2684e+00 -4.7425e+00 +3.0154e+00 -9.1775e-01 -4.0454e+00
665 +2.315595526e+02 +2.315595526e+02 +2.963495526e+02 +2.963495526e+02 -3.7991e+00 +2.6484e+00 -4.9880e+00 -2.4907e-01 -4.5757e-01 -3.8595e+00 -1.7976e+00 +4.9151e-01 -2.9316e+00 +1.8736e+00 +5.0000e+00 -5.0000e+00 +2.1881e+00 -4.9666e+00 -8.4093e-01 +1.5795e+00 -3.7058e+00 +1.8139e+00 +4.4848e-02 -3.9482e+00
1061 +1.476215318e+02 +1.476215318e+02 +2.124115318e+02 +2.124115318e+02 -7.9298e-01 +3.0117e+00 -4.9987e+00 -3.2100e-01 -9.4653e-01 -3.8319e+00 -2.9614e+00 -3.8915e-01 -4.5328e+00 +0.0000e+00 +3.5056e+00 -5.0000e+00 +1.1770e+00 -4.4572e+00 +1.7497e-02 +1.5124e+00 -2.5042e+00 +1.0248e+00 -1.2374e+00 -3.6373e+00
2038 +9.601091904e+01 +9.601091904e+01 +1.608009190e+02 +1.608009190e+02 -2.2107e+00 +4.9776e-01 -4.9953e+00 +8.2088e-01 -2.4125e+00 -3.5830e+00 -3.5246e+00 -1.1761e+00 -4.0991e+00 +1.7088e+00 +4.2200e+00 -4.7427e+00 +6.0067e-01 -4.4536e+00 -1.0275e+00 +1.3371e+00 -2.6245e+00 -1.6432e-01 +1.2738e+00 -3.8097e+00
2867 +5.882794918e+01 +5.882794918e+01 +1.236179492e+02 +1.236179492e+02 -2.4806e+00 -2.5114e-01 -4.4604e+00 +1.5355e+00 -4.1350e+00 -3.6989e+00 -4.1116e+00 -6.2109e-01 -4.1398e+00 +2.0423e+00 +4.3379e+00 -4.9747e+00 +6.5240e-01 -3.3395e+00 -4.1428e-01 +2.4131e+00 -2.8460e+00 +1.7596e+00 +1.5292e+00 -4.1941e+00
4649 +3.948391689e+01 +3.948391689e+01 +1.042739169e+02 +1.042739169e+02 -2.4557e+00 -1.8483e+00 -4.4307e+00 +1.6688e+00 -3.8206e+00 -4.0008e+00 -4.1821e+00 -1.3303e-01 -2.6799e+00 +2.2641e+00 +4.0962e+00 -4.3309e+00 +8.4927e-01 -2.1167e+00 -1.6129e-01 +2.5281e+00 -2.7953e+00 -4.8866e-01 +2.4436e+00 -3.5239e+00
% function evaluation | noise-free fitness - Fopt (5.407000000000e+01) | best noise-free fitness - Fopt | measured fitness | best measured fitness | x1 | x2...
1 +3.070690524e+03 +3.070690524e+03 +3.124760524e+03 +3.124760524e+03 -3.7493e-01 -1.7273e+00 +2.3068e+00 -4.3793e+00 +1.6550e+00 +1.5605e+00 -7.7429e-01 +2.5493e+00 +2.1530e+00 +9.2726e-01 +3.0269e-01 +2.0784e+00 -3.7028e+00 +2.7133e+00 +1.7655e+00 +2.0890e-01 -1.4278e+00 +8.4014e-01 +3.9672e+00 +2.4913e+00
2 +1.506189894e+03 +1.506189894e+03 +1.560259894e+03 +1.560259894e+03 +4.9320e+00 -4.1259e+00 -2.9326e+00 +1.0544e+00 +1.6853e+00 +4.1074e+00 -4.0009e+00 +3.3417e+00 -4.2199e+00 +2.2621e+00 -1.4291e+00 +4.5411e+00 -1.4911e-01 +3.1812e+00 -9.1835e-01 +2.6337e+00 -4.9611e+00 +4.5941e+00 +1.0856e+00 +1.3187e+00
79 +9.619717862e+02 +9.619717862e+02 +1.016041786e+03 +1.016041786e+03 +4.3836e+00 -4.6756e+00 -4.3554e+00 +4.4316e+00 -2.2014e+00 -2.7573e+00 +2.0980e+00 -8.4130e-01 -4.8056e+00 +1.6327e+00 -4.3551e+00 +3.9036e+00 +1.6740e+00 +6.2524e-01 +1.1167e+00 +2.2756e+00 -3.1263e+00 +2.2365e+00 -4.8577e+00 -2.6260e+00
223 +6.024233397e+02 +6.024233397e+02 +6.564933397e+02 +6.564933397e+02 +2.8438e+00 -5.0000e+00 -5.0000e+00 +5.9053e-01 -2.4606e+00 -1.6875e+00 +4.3897e-01 +2.8089e+00 -4.9139e+00 -2.0695e+00 -1.4698e+00 +5.0000e+00 +3.0216e+00 +1.8191e+00 +2.7196e+00 -5.1131e-01 -1.3684e-02 -1.1490e+00 -2.8099e+00 +4.2906e-01
406 +3.903274640e+02 +3.903274640e+02 +4.443974640e+02 +4.443974640e+02 +1.9559e+00 -5.0000e+00 +3.4016e+00 +5.0000e+00 -5.0000e+00 +1.6079e+00 +4.6841e+00 +2.5517e+00 -5.0000e+00 -4.4377e+00 +6.9291e-01 +3.1786e+00 +3.2490e+00 +4.3156e+00 +5.0000e+00 -2.4781e+00 +4.7079e+00 -2.1248e+00 +2.3304e+00 +0.0000e+00
895 +2.384652040e+02 +2.384652040e+02 +2.925352040e+02 +2.925352040e+02 +4.0010e+00 -3.3488e+00 +3.5780e-01 +3.3296e+00 -4.0596e+00 +2.8408e+00 -2.4528e-01 -1.0541e+00 -5.0000e+00 -2.1080e+00 -1.1354e+00 +2.4636e+00 +1.6077e+00 +6.5699e-01 +4.6518e+00 -1.9297e+00 +1.5593e-01 -1.0263e+00 +8.2157e-02 +4.3672e-01
1317 +1.336836124e+02 +1.336836124e+02 +1.877536124e+02 +1.877536124e+02 +3.0398e+00 -2.9789e+00 +1.2696e-01 +2.9413e+00 -3.2174e+00 +2.5563e+00 -2.9329e-01 -3.7459e-01 -4.3737e+00 -1.5292e+00 -2.6016e+00 +2.4627e+00 -1.1126e-01 +2.3579e+00 +4.0537e+00 -2.6976e-01 +0.0000e+00 +3.0735e+00 -1.2161e+00 -1.0735e+00
1678 +8.848911203e+01 +8.848911203e+01 +1.425591120e+02 +1.425591120e+02 +3.8273e-01 -2.6967e+00 +7.8243e-01 +2.5799e+00 -3.8179e+00 +2.7737e+00 +0.0000e+00 +1.6780e+00 -5.0000e+00 -4.8265e-01 -3.4966e+00 +2.7258e+00 +3.9820e-01 +1.2842e+00 +4.8943e+00 -2.1382e+00 +9.2650e-01 +2.8997e-01 -2.1672e+00 -3.9449e-01
2410 +6.219861418e+01 +6.219861418e+01 +1.162686142e+02 +1.162686142e+02 +1.5481e+00 -2.5648e+00 +1.3748e+00 +2.8136e+00 -3.5191e+00 +3.4337e+00 -5.4950e-02 +1.3306e+00 -4.9491e+00 -2.1610e-01 -3.8388e+00 +2.6088e+00 -3.9811e-01 +2.1193e+00 +4.9622e+00 -1.0377e+00 -8.7486e-02 +5.0655e-01 -2.5116e+00 -6.4091e-01
2801 +3.070251082e+01 +3.070251082e+01 +8.477251082e+01 +8.477251082e+01 +6.8495e-01 -3.3000e+00 +1.7012e+00 +3.6584e+00 -3.1901e+00 +2.8182e+00 -1.4161e+00 +2.8457e+00 -4.9433e+00 -1.3435e+00 -3.4837e+00 +1.4330e+00 -1.4309e+00 +1.9021e+00 +4.6815e+00 -2.0534e+00 +8.9839e-01 +3.5036e-01 -3.4933e+00 -1.3338e+00
3333 +2.432390586e+01 +2.432390586e+01 +7.839390586e+01 +7.839390586e+01 +1.1580e+00 -3.1466e+00 +2.2912e+00 +2.6326e+00 -3.4372e+00 +3.0822e+00 -3.5041e-01 +2.6131e+00 -4.9440e+00 -7.2112e-01 -3.4764e+00 +1.6414e+00 -3.6637e-01 +2.1744e+00 +4.8348e+00 -1.7057e+00 +4.2327e-01 +7.9985e-01 -3.7299e+00 -7.7033e-01
3822 +1.552755831e+01 +1.552755831e+01 +6.959755831e+01 +6.959755831e+01 +1.2012e+00 -3.6176e+00 +1.7326e+00 +2.9734e+00 -3.4999e+00 +2.8768e+00 -7.4283e-02 +2.5140e+00 -4.9255e+00 -8.2307e-01 -3.3158e+00 +1.0014e+00 -9.7109e-01 +2.7042e+00 +4.8483e+00 -1.5170e+00 +5.8732e-01 +1.7916e+00 -3.5613e+00 -5.5569e-01
% function evaluation | noise-free fitness - Fopt (-9.152000000000e+01) | best noise-free fitness - Fopt | measured fitness | best measured fitness | x1 | x2...
1 +1.907506729e+03 +1.907506729e+03 +1.815986729e+03 +1.815986729e+03 -3.4750e+00 +6.9452e-01 +1.5472e+00 +3.3592e+00 +1.0809e-01 -1.3718e+00 +1.2557e-01 -1.2418e+00 -2.3101e+00 -3.1328e+00 -1.4959e+00 -2.9030e+00 -1.2175e+00 +1.2849e+00 -3.5898e+00 +4.6276e+00 -2.8826e+00 -3.8641e+00 +4.9015e+00 -4.5763e+00
12 +9.517723641e+02 +9.517723641e+02 +8.602523641e+02 +8.602523641e+02 -4.5834e+00 +1.7720e+00 -3.2510e+00 +2.1241e+00 +2.6251e+00 -2.7845e+00 +3.5184e+00 -2.0031e+00 +3.9969e+00 +1.0148e+00 -3.1202e+00 -2.6415e+00 -4.2115e+00 +2.9292e+00 +5.7655e-01 +1.0967e+00 +7.1265e-01 +1.6838e+00 -1.3280e+00 +4.3530e+00
220 +5.837761240e+02 +5.837761240e+02 +4.922561240e+02 +4.922561240e+02 -2.4518e+00 -5.0000e+00 -1.3673e+00 -1.8275e+00 +1.4521e+00 +3.5247e+00 +1.2859e+00 -3.4249e+00 -3.4323e+00 +2.9789e+00 -1.8349e+00 -5.0000e+00 -1.8731e+00 +2.2922e+00 +7.9718e-01 +2.2833e+00 +2.8731e-01 +5.0000e+00 -1.6448e+00 +1.3967e+00
345 +3.622425552e+02 +3.622425552e+02 +2.707225552e+02 +2.707225552e+02 -1.9582e+00 +2.9866e-01 -3.8250e-01 -4.0404e-01 +3.4223e+00 +5.5803e-01 +4.2604e+00 -5.0000e+00 -1.9232e+00 -8.9225e-02 -4.7100e-01 -4.4437e-01 -1.2360e+00 +4.2796e-01 -5.0000e+00 +2.0962e-02 -2.2327e+00 +5.0000e+00 +1.2058e+00 -2.7211e+00
699 +2.131361886e+02 +2.131361886e+02 +1.216161886e+02 +1.216161886e+02 -4.2711e+00 -8.8823e-01 -1.2794e+00 -9.8580e-01 +3.0646e+00 +1.9491e+00 +3.0465e+00 -5.0000e+00 -1.1755e+00 +6.3234e-01 +3.0681e-01 +3.4969e+00 -1.4136e+00 -3.9876e-01 -3.6557e+00 -2.0631e+00 -3.2496e-01 +4.3736e+00 +8.1108e-01 -1.2177e+00
1518 +1.427988526e+02 +1.427988526e+02 +5.127885257e+01 +5.127885257e+01 -5.0000e+00 -3.6427e-01 -2.4308e+00 -3.3079e-01 +3.0965e+00 +6.4728e-01 +3.2234e+00 -4.9737e+00 -1.9170e+00 +1.0824e+00 +2.8518e-01 +9.8101e-01 -7.4388e-01 +8.9304e-01 -2.2605e+00 -6.7826e-01 -1.3055e+00 +4.7287e+00 -4.8011e-01 -2.2093e+00
2411 +6.967251015e+01 +6.967251015e+01 -2.184748985e+01 -2.184748985e+01 -4.8943e+00 +1.0447e+00 -2.6592e+00 +9.9190e-01 +2.6014e+00 +8.2292e-01 +3.1340e+00 -4.9744e+00 -1.6593e+00 +4.3252e-01 +7.2781e-01 +1.1936e+00 -3.2045e+00 +1.0989e+00 -1.9826e+00 -2.3350e+00 -1.1240e+00 +4.9862e+00 -1.1514e+00 -7.4887e-01
2812 +6.037234317e+01 +6.037234317e+01 -3.114765683e+01 -3.114765683e+01 -5.0000e+00 +1.0705e+00 -2.6376e+00 +1.0604e+00 +3.0785e+00 -6.4498e-02 +2.5694e+00 -4.9507e+00 -1.1099e+00 +9.2948e-01 +2.1756e+00 +9.8962e-01 -3.2836e+00 +8.2835e-01 -1.2710e+00 -2.2596e+00 -8.5508e-01 +4.9936e+00 -8.7025e-01 -8.2425e-01
% function evaluation | noise-free fitness - Fopt (2.263000000000e+01) | best noise-free fitness - Fopt | measured fitness | best measured fitness | x1 | x2...
1 +4.146186634e+03 +4.146186634e+03 +4.168816634e+03 +4.168816634e+03 -3.1872e+00 +4.4919e+00 -3.1710e+00 -7.4655e-01 +2.5983e+00 -1.6052e+00 +1.0158e+00 +6.3104e-01 +9.2747e-01 -3.7728e+00 -4.0539e+00 -1.4422e+00 -1.7154e+00 +3.8197e+00 -2.8986e+00 +7.0144e-01 +1.9251e+00 -2.7647e+00 +1.8152e+00 +7.4779e-01
2 +2.124469453e+03 +2.124469453e+03 +2.147099453e+03 +2.147099453e+03 +2.7313e+00 +3.0264e+00 -2.1209e+00 -1.4006e+00 +1.3719e-01 +8.1707e-02 -6.1618e-01 -4.5756e+00 +1.1431e+00 -8.4409e-02 +1.5636e+00 +4.9840e+00 -4.1286e+00 +1.4245e+00 +3.6220e+00 +3.5103e+00 +3.3007e-01 +7.2698e-01 +1.1085e+00 +4.7447e+00
24 +9.792830696e+02 +9.792830696e+02 +1.001913070e+03 +1.001913070e+03 -6.5123e-01 -3.1565e+00 +1.6244e+00 +2.4140e+00 -1.9184e+00 +2.4408e+00 +2.3607e+00 -3.2549e+00 +4.3510e+00 +4.5336e+00 +4.5579e+00 +1.4180e+00 -2.3393e+00 -2.8568e+00 +1.6646e+00 -8.4372e-01 +1.5433e+00 +3.7412e+00 -2.8160e+00 -4.3091e+00
202 +3.499658151e+02 +3.499658151e+02 +3.725958151e+02 +3.725958151e+02 -2.2612e-01 -1.9736e+00 +2.4783e+00 +3.2487e+00 +2.5019e+00 +5.0000e+00 +2.6614e+00 +4.2437e-01 +3.9758e+00 +3.8240e+00 +4.2903e+00 +2.1328e+00 +8.7145e-01 -3.5755e+00 +1.6238e+00 +3.3687e+00 +5.0000e+00 -9.9824e-01 -3.8915e+00 -2.5532e-01
955 +2.388519294e+02 +2.388519294e+02 +2.614819294e+02 +2.614819294e+02 +3.4003e+00 -2.7615e+00 +4.5214e+00 +9.5297e-01 +5.0000e+00 +5.0000e+00 +3.4130e+00 -5.0000e+00 +5.0000e+00 +3.1580e+00 +3.6876e+00 +1.2405e+00 +5.0000e+00 -2.2002e+00 -9.8450e-01 +5.0000e+00 -2.3150e+00 -1.9027e+00 -3.2303e+00 +3.9997e-01
991 +1.533538918e+02 +1.533538918e+02 +1.759838918e+02 +1.759838918e+02 +1.0510e+00 -2.7188e+00 +3.0943e+00 +3.2463e+00 +2.1026e+00 +3.9129e+00 +3.6621e+00 +2.2577e+00 +5.0000e+00 +2.0446e+00 +3.5818e+00 +1.1054e+00 +2.1928e+00 -2.2862e+00 +5.1306e-01 +3.5021e+00 +1.2318e+00 -1.9219e+00 -4.0705e+00 +1.6148e+00
1304 +8.065689282e+01 +8.065689282e+01 +1.032868928e+02 +1.032868928e+02 +1.7641e+00 -2.7327e+00 +3.9790e+00 +2.4242e+00 +2.1627e+00 +3.6326e+00 +2.7585e+00 +2.0351e+00 +4.9869e+00 +2.7509e+00 +3.1341e+00 +2.2080e+00 +2.2191e+00 -3.4992e+00 +2.0542e-01 +2.4679e+00 +2.1565e+00 -2.1462e+00 -4.4108e+00 +2.9427e+00
2066 +6.203584147e+01 +6.203584147e+01 +8.466584147e+01 +8.466584147e+01 +1.2092e+00 -5.0000e+00 +4.1407e+00 +2.9463e+00 +1.8762e+00 +3.6943e+00 +2.8861e+00 -2.0139e-01 +4.9941e+00 +2.7476e+00 +2.6776e+00 +2.0695e-01 +2.7322e+00 -4.1965e+00 +1.6165e+00 +1.9801e+00 +9.1582e-01 -2.4098e+00 -4.6900e+00 +3.3459e+00
2531 +3.373197200e+01 +3.373197200e+01 +5.636197200e+01 +5.636197200e+01 +8.9300e-01 -5.0000e+00 +4.1887e+00 +1.3851e+00 +1.1709e+00 +2.7521e+00 +4.2882e+00 +1.5143e+00 +4.8969e+00 +2.5593e+00 +1.6424e+00 -1.6692e-01 +3.4200e+00 -4.1270e+00 +7.4304e-01 +1.4677e+00 +2.9319e+00 -2.1905e+00 -4.3846e+00 +3.4953e+00
3117 +2.120611602e+01 +2.120611602e+01 +4.383611602e+01 +4.383611602e+01 +6.3830e-01 -4.6146e+00 +4.5630e+00 +2.1464e+00 +7.1560e-01 +3.5892e+00 +4.6403e+00 +9.2558e-01 +4.8908e+00 +2.5170e+00 +8.3792e-01 -1.2963e-01 +3.0101e+00 -4.2295e+00 +2.5550e-01 +1.8471e+00 +2.4656e+00 -1.4180e+00 -4.3345e+00 +3.3167e+00
3827 +1.482977992e+01 +1.482977992e+01 +3.745977992e+01 +3.745977992e+01 +9.1425e-01 -4.3244e+00 +4.4795e+00 +2.0733e+00 +7.4279e-01 +4.1419e+00 +4.5901e+00 +1.4861e+00 +4.8272e+00 +2.2295e+00 +5.5838e-01 -1.2888e-01 +3.1425e+00 -4.0453e+00 +3.6255e-01 +1.7652e+00 +2.5518e+00 -1.8228e+00 -4.2414e+00 +3.2304e+00
% function evaluation | noise-free fitness - Fopt (1.554000000000e+01) | best noise-free fitness - Fopt | measured fitness | best measured fitness | x1 | x2...
1 +1.360096555e+03 +1.360096555e+03 +1.375636555e+03 +1.375636555e+03 -1.4293e+00 -1.4643e+00 -1.7732e+00 -1.9068e+00 -2.3371e+00 -1.6403e+00 +4.8203e+00 +4.1376e+00 -2.4232e+00 +9.1380e-01 +1.0095e-01 -9.3178e-01 -4.3996e+00 -4.1328e+00 +2.7192e-01 -8.3578e-01 -2.1378e-01 +2.6548e+00 -2.7990e+00 +2.3728e+00
50 +9.377283403e+02 +9.377283403e+02 +9.532683403e+02 +9.532683403e+02 +3.8632e+00 +3.4477e-01 +3.6964e+00 -4.6542e+00 -2.5900e+00 -3.6791e+00 +2.0670e+00 +3.0448e-02 +4.3237e+00 -3.0848e+00 +7.1424e-01 +4.3314e-01 -4.3232e+00 -6.0487e-01 -4.7742e+00 +4.1045e+00 -1.6625e+00 -4.1277e+00 -2.9191e+00 +1.6204e+00
250 +5.206699426e+02 +5.206699426e+02 +5.362099426e+02 +5.362099426e+02 -1.1368e+00 -1.2893e+00 +2.8000e+00 -5.0000e+00 -2.1262e+00 -5.0000e+00 -2.9330e+00 +5.0000e+00 +5.0000e+00 -5.0000e+00 +3.5248e+00 +2.3906e+00 +6.7683e-01 -1.4280e+00 -5.0000e+00 +3.2609e+00 +1.3680e-02 -2.0596e+00 +2.0809e+00 +5.0000e+00
425 +2.699508758e+02 +2.699508758e+02 +2.854908758e+02 +2.854908758e+02 -1.6777e+00 -7.7612e-02 +3.1498e+00 -3.5520e+00 -2.0198e+00 -3.7903e+00 +0.0000e+00 +5.0000e+00 +1.3664e+00 -5.0000e+00 +2.2757e+00 +7.4738e-01 +0.0000e+00 -1.2743e+00 -4.5175e+00 +1.2643e+00 -5.9803e-01 +6.4293e-01 +0.0000e+00 +3.4822e+00
618 +2.261141628e+02 +2.261141628e+02 +2.416541628e+02 +2.416541628e+02 -9.8937e-01 +0.0000e+00 +2.1699e+00 +3.5818e-01 -2.9146e+00 -2.2064e+00 -1.1044e-01 +5.0000e+00 +2.4743e+00 -4.4357e+00 +9.5573e-01 -1.7882e+00 -2.1095e+00 -4.7164e-01 -5.0000e+00 +1.5111e+00 -6.4768e-01 +1.0164e+00 +0.0000e+00 +1.8488e+00
1079 +1.457488996e+02 +1.457488996e+02 +1.612888996e+02 +1.612888996e+02 -1.2662e+00 -8.4551e-01 +1.9070e+00 -1.3647e+00 -2.1543e+00 -2.4363e+00 -1.9475e+00 +5.0000e+00 +4.9682e+00 -4.6852e+00 +3.0152e+00 -2.3716e+00 +2.8406e-01 -1.0654e+00 -2.7604e+00 +1.3662e+00 -4.5264e-01 +2.0125e+00 -5.9890e-01 +6.8547e-01
1654 +9.258483409e+01 +9.258483409e+01 +1.081248341e+02 +1.081248341e+02 -9.6673e-01 +9.9823e-02 +2.4507e-01 +2.4455e+00 -2.7997e+00 -1.9533e+00 +1.1507e+00 +4.2979e+00 +1.5069e+00 -4.7371e+00 +4.9912e+00 -1.7331e+00 -1.2137e+00 +1.0473e-02 -3.0464e+00 -2.4389e+00 -1.0234e+00 +1.8179e+00 -8.7315e-01 +1.3532e+00
1905 +5.987170306e+01 +5.987170306e+01 +7.541170306e+01 +7.541170306e+01 -1.4154e+00 -3.4818e-01 +2.0021e+00 +9.3542e-01 -2.5872e+00 -2.3037e+00 -5.2936e-01 +3.5376e+00 +2.4406e+00 -4.8781e+00 +3.8433e+00 -3.8494e+00 -1.9120e+00 -1.6095e-01 -4.7615e+00 -1.9654e+00 +2.8084e-01 +7.4167e-01 -2.0349e+00 +1.1376e+00
2184 +3.488217869e+01 +3.488217869e+01 +5.042217869e+01 +5.042217869e+01 -1.7211e+00 -6.6168e-02 +5.5302e-01 +1.8511e+00 -3.2405e+00 -1.6876e+00 +3.4046e-01 +4.8475e+00 +1.8360e+00 -4.7097e+00 +4.9524e+00 -4.2867e+00 -1.6362e+00 -1.9384e-01 -4.6064e+00 -3.9036e+00 -8.5796e-01 +1.1448e+00 -1.5239e+00 +3.1111e+00
3048 +2.198075128e+01 +2.198075128e+01 +3.752075128e+01 +3.752075128e+01 -1.2090e+00 +2.6991e-01 +5.0308e-01 +2.0582e+00 -3.4711e+00 -1.7409e+00 +3.6721e-01 +4.8275e+00 +1.5988e+00 -4.7561e+00 +4.9570e+00 -3.4116e+00 -2.5293e+00 -7.9181e-02 -4.7079e+00 -3.8837e+00 -2.3607e-01 +1.2207e+00 -2.2708e+00 +1.9757e+00
3887 +1.558576460e+01 +1.558576460e+01 +3.112576460e+01 +3.112576460e+01 -1.2152e+00 +5.7422e-01 +4.8365e-01 +1.6716e+00 -3.4441e+00 -1.7311e+00 +4.9630e-01 +4.5192e+00 +1.5385e+00 -4.7299e+00 +4.7425e+00 -3.1240e+00 -2.4407e+00 +7.5427e-02 -4.6469e+00 -4.6835e+00 -2.4649e-01 +1.3109e+00 -2.0993e+00 +1.4508e+00
% function evaluation | noise-free fitness - Fopt (-3.765100000000e+02) | best noise-free fitness - Fopt | measured fitness | best measured fitness | x1 | x2...
1 +4.771777001e+03 +4.771777001e+03 +4.395267001e+03 +4.395267001e+03 +2.6667e+00 -1.9179e+00 +3.4217e+00 +1.1663e-01 -4.1758e-01 +1.8261e+00 +3.0702e+00 +3.9376e+00 -2.4872e+00 +1.2182e+00 -1.5492e+00 +2.0545e+00 +4.7224e+00 +6.3107e-01 +4.9027e+00 -2.0100e+00 -3.0750e+00 -3.7370e+00 +7.5851e-01 +2.6926e+00
3 +1.155089285e+03 +1.155089285e+03 +7.785792853e+02 +7.785792853e+02 -1.9539e+00 +2.0359e+00 -3.9608e+00 +4.4074e+00 +2.3559e+00 -1.3435e+00 -3.5073e-01 -3.4249e+00 +5.5500e-01 -2.2698e+00 +3.0654e-01 -3.5700e+00 -2.1039e+00 +3.6470e+00 +3.5690e+00 -7.1881e-01 +2.2751e+00 +2.9129e+00 -4.6394e+00 +3.1698e-01
68 +9.304670224e+02 +9.304670224e+02 +5.539570224e+02 +5.539570224e+02 -2.8663e+00 +1.5034e+00 -3.2024e+00 +3.5120e+00 -4.8383e+00 -1.5590e+00 +3.9264e+00 -3.5500e+00 -3.3718e+00 -8.1083e-01 +1.9156e+00 +2.5708e+00 -2.6240e+00 +1.6431e+00 +4.7560e+00 -1.7977e-01 +3.5110e+00 -4.9067e+00 -5.0228e-01 -2.7427e+00
145 +5.028592780e+02 +5.028592780e+02 +1.263492780e+02 +1.263492780e+02 -2.5498e+00 +2.0883e+00 +2.0898e+00 -5.4982e-01 -2.4427e-01 +8.3597e-01 +1.3951e-01 -4.3041e+00 -4.1527e+00 -4.7655e+00 -9.7656e-02 +3.2443e+00 -3.9422e+00 +1.0911e+00 +3.2207e+00 +4.3829e+00 +1.7482e+00 -3.7547e+00 -4.6678e+00 -4.1810e+00
468 +2.736710672e+02 +2.736710672e+02 -1.028389328e+02 -1.028389328e+02 -5.0000e+00 +1.5933e+00 +2.9777e+00 +0.0000e+00 -3.3905e-01 -1.3765e+00 +3.5275e-01 -4.6013e+00 -1.1605e+00 -3.0878e+00 -1.5675e+00 +0.0000e+00 -3.3922e+00 +3.9130e+00 +2.2935e+00 -1.1481e+00 +1.0850e+00 +2.5125e-01 -4.0961e+00 -2.6936e+00
697 +2.386173084e+02 +2.386173084e+02 -1.378926916e+02 -1.378926916e+02 -4.9753e+00 +3.2831e+00 +2.1006e+00 -3.3044e-01 -6.9588e-01 -4.9553e-01 -1.2828e+00 -4.5607e+00 -3.1654e+00 -1.3963e+00 -1.0756e+00 -5.8876e-01 -3.2871e+00 +5.0000e+00 +1.8791e+00 -1.5053e+00 +1.4913e+00 +1.7883e+00 -4.6172e+00 -8.2747e-01
1187 +1.410235360e+02 +1.410235360e+02 -2.354864640e+02 -2.354864640e+02 -4.9700e+00 +0.0000e+00 +2.0213e+00 -1.9455e+00 -7.8389e-01 -9.8689e-01 -8.7638e-01 -4.7810e+00 -4.1370e+00 -1.6026e-01 +1.5289e-01 -2.6132e-01 -3.4670e+00 +3.9564e+00 +1.6710e+00 +1.0463e+00 +2.3979e+00 +3.2034e+00 -4.2345e+00 -3.7275e+00
2142 +9.425270008e+01 +9.425270008e+01 -2.822572999e+02 -2.822572999e+02 -4.8450e+00 +4.3257e-01 +2.0633e+00 +1.0838e+00 -1.4646e-01 -8.6033e-01 +6.4161e-01 -5.0000e+00 -4.9241e+00 +4.4385e-01 +1.0483e+00 +3.4953e-01 -3.2508e+00 +2.5806e+00 +2.2214e+00 +1.9085e+00 +1.2457e+00 +2.1672e+00 -4.2993e+00 -4.5591e+00
3010 +5.844305226e+01 +5.844305226e+01 -3.180669477e+02 -3.180669477e+02 -4.7212e+00 +8.8811e-01 +1.7709e+00 +3.8228e-01 -3.6759e-01 -5.4133e-01 +1.5296e+00 -4.9923e+00 -4.7277e+00 +1.1552e-01 +1.1379e+00 -8.4107e-01 -2.8151e+00 +3.0270e+00 +3.7887e+00 +1.7064e+00 +1.3903e+00 +1.1956e+00 -4.8213e+00 -4.0900e+00
3274 +3.403856059e+01 +3.403856059e+01 -3.424714394e+02 -3.424714394e+02 -2.8032e+00 +8.4333e-01 +1.9905e+00 -3.3416e-01 +1.7439e+00 -1.1145e+00 +2.0110e+00 -4.9832e+00 -3.9463e+00 +9.9709e-01 +9.0710e-01 -1.8806e+00 -2.0314e+00 +3.3258e+00 +2.9277e+00 +3.1066e-01 +1.6663e+00 +8.5380e-01 -4.4694e+00 -3.3426e+00
4012 +2.419521624e+01 +2.419521624e+01 -3.523147838e+02 -3.523147838e+02 -2.6642e+00 +8.0572e-01 +1.8684e+00 -4.9151e-01 +1.1508e+00 -1.1222e+00 +1.7441e+00 -4.9699e+00 -3.5267e+00 -9.4306e-01 +8.9004e-01 -2.2934e+00 -1.9729e+00 +2.8942e+00 +2.9594e+00 +1.0778e-01 +1.6387e+00 +2.1429e+00 -4.2748e+00 -3.5740e+00
4470 +1.494854128e+01 +1.494854128e+01 -3.615614587e+02 -3.615614587e+02 -2.9788e+00 +8.5650e-01 +1.8766e+00 -3.9506e-01 +1.5450e+00 -1.1927e+00 +1.7566e+00 -4.9225e+00 -3.2339e+00 +3.7792e-01 +9.5263e-01 -2.1111e+00 -1.8917e+00 +3.1681e+00 +2.9499e+00 -1.5738e-01 +2.4583e+00 +2.0858e+00 -3.8496e+00 -3.6279e+00
% function evaluation | noise-free fitness - Fopt (3.960400000000e+02) | best noise-free fitness - Fopt | measured fitness | best measured fitness | x1 | x2...
1 +1.598275130e+03 +1.598275130e+03 +1.994315130e+03 +1.994315130e+03 -4.7515e+00 -3.4992e+00 -4.8341e+00 +1.5859e+00 -3.9490e+00 -4.9108e+00 -1.2255e+00 -1.3076e-01 -4.2152e-01 -4.3749e-02 -9.7020e-01 -3.7502e+00 -1.9529e+00 -1.7522e+00 +1.7280e+00 -3.2487e+00 +1.6838e-01 -3.1158e+00 +1.6343e+00 -3.6533e+00
2 +8.276119288e+02 +8.276119288e+02 +1.223651929e+03 +1.223651929e+03 +3.8442e+00 +3.1915e+00 -4.8650e+00 +2.2299e+00 +1.5197e+00 +2.1492e+00 +3.3563e+00 -4.8873e+00 -2.1769e+00 +2.4218e+00 +3.0874e+00 -9.4537e-01 +5.1117e-01 +1.4731e+00 -7.4434e-01 +3.1496e+00 +3.7463e+00 +4.3433e+00 -2.0850e+00 -1.1471e-01
213 +4.699718414e+02 +4.699718414e+02 +8.660118414e+02 +8.660118414e+02 -1.4503e+00 +4.6559e+00 -1.3562e+00 +2.3411e-01 +3.1140e+00 +1.4989e+00 -3.3137e-01 -7.6982e-01 -4.0927e+00 +2.1130e+00 -1.1396e+00 -3.3615e+00 +3.7731e+00 -4.1716e+00 -3.3778e+00 -5.8669e-03 +1.4327e+00 +1.8301e-01 -5.3716e-01 +1.8308e+00
604 +3.835943511e+02 +3.835943511e+02 +7.796343511e+02 +7.796343511e+02 -1.2052e-02 +0.0000e+00 -9.1047e-01 -1.8086e-02 +2.1519e-01 +2.8077e+00 -7.1649e-01 -5.3509e-01 -3.7592e+00 +3.0719e+00 -4.4720e-01 -3.6204e+00 +1.0925e+00 -3.8583e+00 -1.7426e+00 +8.8124e-01 -8.1975e-01 -3.4316e-01 -6.4191e-01 +1.4085e-01
1027 +1.882428815e+02 +1.882428815e+02 +5.842828815e+02 +5.842828815e+02 -3.2503e+00 -4.1479e+00 -1.4681e+00 +8.9506e-01 -1.8440e+00 +3.9221e+00 -5.1753e-02 +4.7099e+00 -2.7768e+00 +1.9549e+00 -2.3501e+00 -8.9014e-01 +1.8602e+00 -3.1421e+00 +2.8848e+00 -8.6134e-01 +1.1459e+00 -1.3246e-01 -2.9086e+00 +5.0000e+00
1639 +1.381071506e+02 +1.381071506e+02 +5.341471506e+02 +5.341471506e+02 -7.4125e-01 -5.5087e-01 -2.1994e+00 +2.9930e+00 -9.3583e-01 +1.8153e+00 -5.2149e-01 +1.9274e+00 -1.7038e+00 +3.0175e+00 -1.3329e+00 -4.6721e-01 +7.6634e-01 -3.9447e+00 +1.2278e+00 -6.8603e-01 +1.2727e+00 +3.2663e+00 -1.8662e+00 +3.7388e+00
2059 +8.935675945e+01 +8.935675945e+01 +4.853967595e+02 +4.853967595e+02 +1.5745e+00 -2.2843e+00 -1.9506e+00 +2.6236e+00 -1.7601e+00 +1.1580e+00 -6.2440e-01 +7.4236e-01 +1.0581e+00 +3.0801e+00 -2.8682e+00 -2.4251e+00 -5.5372e-01 -4.4034e+00 +1.9294e+00 -1.4137e+00 +1.2447e+00 +5.0000e+00 -3.1984e+00 +4.0057e+00
2437 +5.726480769e+01 +5.726480769e+01 +4.533048077e+02 +4.533048077e+02 -1.7077e+00 -2.6365e+00 -2.3321e+00 +3.6882e+00 -3.4175e+00 +1.3238e+00 +3.1214e-01 +3.8600e-01 +1.1833e+00 +3.2875e+00 -2.0250e+00 -1.6041e+00 +4.5876e-01 -3.8287e+00 +9.2889e-01 -1.0706e+00 +2.2950e-02 +4.3344e+00 -3.0345e+00 +3.9288e+00
3344 +3.891570252e+01 +3.891570252e+01 +4.349557025e+02 +4.349557025e+02 +3.9680e-01 -3.3673e+00 -1.2000e+00 +2.2166e+00 -2.7048e+00 +2.0241e+00 -6.2778e-01 +1.9981e+00 +1.2385e+00 +3.1908e+00 -2.5089e+00 -9.0180e-01 +1.2336e+00 -3.6989e+00 +7.1160e-01 -6.0083e-01 +7.1143e-01 +4.0507e+00 -2.8820e+00 +3.4795e+00
3817 +2.439526745e+01 +2.439526745e+01 +4.204352675e+02 +4.204352675e+02 -5.3982e-01 -4.0055e+00 -1.0106e+00 +2.6745e+00 -3.0511e+00 +1.6267e+00 -6.6690e-01 +1.9685e+00 +1.3136e+00 +2.8960e+00 -2.2235e+00 -1.1802e+00 +1.5876e+00 -3.4954e+00 +4.7808e-01 -7.8934e-01 +5.1071e-01 +4.2382e+00 -3.4177e+00 +3.0209e+00
% function evaluation | noise-free fitness - Fopt (1.281100000000e+02) | best noise-free fitness - Fopt | measured fitness | best measured fitness | x1 | x2...
1 +8.279945870e+02 +8.279945870e+02 +9.561045870e+02 +9.561045870e+02 -4.1398e+00 -1.4567e+00 -2.2905e+00 -1.7563e+00 -2.2347e+00 +4.8958e+00 +2.2207e+00 -4.5756e+00 +2.2608e+00 -1.9273e+00 -1.5618e+00 +3.7679e+00 +4.5217e+00 -4.3228e+00 -2.0158e+00 -6.7531e-01 +1.6065e+00 +3.7766e+00 +2.5102e+00 -3.6437e+00
37 +5.768248264e+02 +5.768248264e+02 +7.049348264e+02 +7.049348264e+02 +3.9033e+00 -1.1061e+00 -3.2377e+00 -1.3309e+00 -3.2505e+00 +2.6767e+00 -1.0622e+00 -3.5132e-01 -2.2511e+00 +2.6110e+00 +9.5071e-01 +3.0157e+00 -4.4805e+00 -9.4279e-01 +1.2134e+00 +4.4168e+00 +2.8849e+00 -5.6547e-01 -1.7021e+00 -2.1884e+00
331 +3.580479396e+02 +3.580479396e+02 +4.861579396e+02 +4.861579396e+02 -2.5106e+00 +3.5596e+00 +3.2065e-01 -6.7161e-02 +2.5935e+00 -2.7195e+00 -1.8099e+00 -3.0384e-01 +1.0670e+00 -1.4237e+00 -3.6948e-01 +1.1746e-02 +1.2806e+00 -1.4664e+00 +3.0137e+00 +2.3238e+00 +8.8722e-01 +4.1496e+00 -6.7505e-02 -8.6019e-02
662 +2.401201970e+02 +2.401201970e+02 +3.682301970e+02 +3.682301970e+02 -3.6142e+00 +3.4110e-01 -6.7019e-01 +1.1606e+00 +4.8021e+00 +2.5575e-01 -1.4588e+00 -3.7507e+00 +0.0000e+00 +0.0000e+00 +3.2788e-01 -7.6093e-01 +1.1110e+00 -8.9390e-01 +2.5097e+00 +1.7983e+00 +2.7247e+00 +4.0353e+00 +1.5931e+00 -3.4791e-01
789 +1.563715911e+02 +1.563715911e+02 +2.844815911e+02 +2.844815911e+02 -2.5030e+00 +1.4796e+00 -2.5170e+00 -2.3016e+00 +2.9906e+00 -1.0714e+00 -1.0597e+00 -4.6372e+00 -8.7405e-01 -2.4281e-01 -2.3241e+00 +1.0651e+00 -1.3235e+00 +0.0000e+00 +3.2092e+00 +1.9250e+00 +2.4860e+00 +3.0168e+00 +1.1311e+00 +1.7811e-01
1753 +8.738278431e+01 +8.738278431e+01 +2.154927843e+02 +2.154927843e+02 -7.0879e-01 -4.2022e-02 -8.1900e-01 -1.6009e+00 +3.0007e+00 -6.7671e-01 -2.0583e+00 -4.6424e+00 -2.3081e+00 +2.1820e+00 -1.1149e-02 +2.3090e+00 -1.2308e+00 +1.0245e+00 +2.9056e+00 +1.9562e+00 +3.3781e+00 +3.3712e-01 +1.0312e+00 -1.0395e+00
2052 +6.206367623e+01 +6.206367623e+01 +1.901736762e+02 +1.901736762e+02 -1.6209e+00 +1.8671e+00 -2.2404e+00 -1.7981e+00 +5.0754e-01 +6.7544e-01 -9.0674e-01 -4.5384e+00 -1.6399e+00 +1.1011e+00 -8.8526e-01 +8.0622e-01 -2.6574e-01 +9.9457e-01 +2.2443e+00 +1.5988e+00 +3.1755e+00 +1.5306e+00 +2.7246e-01 -1.7548e+00
2195 +3.403366671e+01 +3.403366671e+01 +1.621436667e+02 +1.621436667e+02 -2.0783e+00 +1.7413e+00 -2.9459e+00 +1.6277e-01 +2.1344e+00 +5.5772e-04 -1.3459e+00 -4.9808e+00 -8.0760e-01 +2.4469e+00 -5.4703e-01 +1.3029e+00 -6.8238e-01 +1.3553e+00 +2.3040e+00 +1.4047e+00 +2.7345e+00 +5.5797e-01 +1.3724e+00 -1.1968e+00
3140 +2.397088745e+01 +2.397088745e+01 +1.520808874e+02 +1.520808874e+02 -2.6010e+00 +7.8953e-01 -2.0757e+00 +3.1720e-01 +2.2994e+00 -1.6996e-01 -1.6592e+00 -4.6622e+00 -4.9981e-01 +2.0839e+00 -6.1913e-01 +1.8047e+00 -8.1197e-01 +1.2610e+00 +2.2783e+00 +1.3292e+00 +3.2496e+00 +3.8976e-01 +1.1163e+00 -9.8447e-01
4634 +1.519498721e+01 +1.519498721e+01 +1.433049872e+02 +1.433049872e+02 -3.0690e+00 +3.7277e-01 -2.2193e+00 +3.4202e-01 +1.9528e+00 +2.7882e-01 -1.1574e+00 -4.6566e+00 -6.5511e-01 +1.4768e+00 +7.9480e-02 +1.8666e+00 -1.1119e+00 +1.5182e+00 +2.1320e+00 +1.6549e+00 +3.3919e+00 +3.4290e-01 +1.3461e+00 -5.2717e-01
% function evaluation | noise-free fitness - Fopt (-2.923500000000e+02) | best noise-free fitness - Fopt | measured fitness | best measured fitness | x1 | x2...
1 +3.013433170e+03 +3.013433170e+03 +2.721083170e+03 +2.721083170e+03 -6.8679e-01 +3.6349e-01 -1.7011e+00 -3.3085e+00 -1.0884e+00 -8.3579e-01 -2.8662e+00 -1.6466e+00 +4.8958e+00 +2.2658e+00 +1.2078e+00 +8.3368e-02 -4.2780e+00 -7.7597e-02 -6.3661e-03 -7.4735e-01 -1.1241e+00 +3.6287e+00 +2.5912e+00 -2.4005e+00
2 +2.065349558e+03 +2.065349558e+03 +1.772999558e+03 +1.772999558e+03 +6.8586e-01 +4.6688e+00 -4.0785e+00 +2.2329e+00 -2.8508e+00 -2.5516e-01 +1.0115e+00 +3.6625e+00 +1.2478e+00 +9.1017e-01 +3.1382e+00 -3.8766e+00 -4.7253e+00 +3.7336e+00 -3.8765e+00 +1.4432e+00 +3.2046e+00 -2.0214e+00 -1.5216e+00 -4.0492e+00
4 +1.553436937e+03 +1.553436937e+03 +1.261086937e+03 +1.261086937e+03 +5.1468e-01 +4.2454e+00 +5.8487e-01 +4.3276e+00 -2.8040e+00 -2.7482e+00 -2.9333e+00 -3.1648e+00 -1.5617e+00 +2.9196e+00 +3.1613e+00 -1.3959e+00 +3.5476e+00 -6.2898e-01 -2.6144e+00 -4.7786e+00 -2.5921e+00 -1.1937e+00 -4.7171e+00 +8.2066e-01
20 +7.001860371e+02 +7.001860371e+02 +4.078360371e+02 +4.078360371e+02 -1.8901e-01 +3.1348e+00 -4.7800e-01 +4.7700e+00 +3.1735e+00 -3.8634e+00 -1.3582e+00 -4.5062e+00 -1.8627e+00 -3.5809e+00 +1.9899e+00 +1.3304e+00 +2.3529e+00 +3.9025e-03 -1.5271e+00 -2.1452e+00 +1.6575e+00 -7.0393e-01 +8.3615e-01 -3.6249e+00
131 +6.071473538e+02 +6.071473538e+02 +3.147973538e+02 +3.147973538e+02 -3.1031e+00 -3.3444e+00 +2.3521e+00 +2.4899e+00 +4.4291e-01 +2.7002e+00 -2.4780e+00 +3.2168e+00 +2.5044e-01 -1.3231e+00 -8.6064e-01 +3.7671e+00 -4.4031e+00 +2.7659e+00 -5.6494e-01 -3.4912e+00 -2.0354e+00 +1.1293e+00 +2.6642e+00 -2.8708e-01
238 +3.208110005e+02 +3.208110005e+02 +2.846100049e+01 +2.846100049e+01 +4.7344e-01 -3.0955e+00 -1.4325e+00 +5.0000e+00 +3.3109e+00 +7.4008e-01 -2.3555e+00 +3.1468e+00 -1.0125e+00 -1.5544e+00 -2.8392e+00 +5.0000e+00 -2.6981e+00 -9.0273e-01 +3.7296e+00 +3.3729e+00 +5.8109e-01 -2.7174e+00 +4.1452e-01 +6.4311e-02
704 +2.387500102e+02 +2.387500102e+02 -5.359998983e+01 -5.359998983e+01 +6.4353e-01 -5.0000e+00 +0.0000e+00 +3.2087e+00 +1.0782e+00 -2.0343e+00 -2.9522e+00 +3.3717e+00 -2.5972e+00 +0.0000e+00 -9.3971e-01 +3.8492e+00 +0.0000e+00 +2.3129e+00 -5.1820e-01 -7.2084e-01 +5.8015e-01 +0.0000e+00 +5.7340e-01 +2.6582e+00
1423 +1.314193078e+02 +1.314193078e+02 -1.609306922e+02 -1.609306922e+02 -1.8684e+00 -1.7354e+00 +1.2225e+00 +4.4617e+00 +1.6233e+00 -2.3502e+00 -3.9718e+00 +1.2171e+00 -1.1756e+00 -5.5028e-01 +1.9439e+00 +4.1882e+00 -1.4600e+00 +4.8409e+00 -1.9376e+00 +1.1282e-02 +1.1968e+00 +2.8242e+00 +2.0914e-01 +6.6568e-01
1979 +7.868342005e+01 +7.868342005e+01 -2.136665800e+02 -2.136665800e+02 -2.2179e+00 -1.4762e+00 +2.7527e+00 +3.6829e+00 +1.5063e+00 -9.5733e-01 -3.7402e+00 +3.3586e-02 -5.3841e-01 -2.0839e+00 +1.9804e+00 +2.0745e+00 -1.1483e+00 +3.7902e+00 -3.2189e+00 +1.2968e+00 +1.0097e+00 +3.5153e+00 +1.5982e+00 -3.2611e-01
2005 +5.453575616e+01 +5.453575616e+01 -2.378142438e+02 -2.378142438e+02 -2.2217e+00 -2.0432e+00 +1.8352e+00 +3.2271e+00 +1.4718e+00 -1.9021e+00 -3.4885e+00 -1.1256e-01 -2.5114e+00 -1.2787e+00 +2.8159e+00 +3.9896e+00 -4.4276e-01 +3.9526e+00 -2.9736e+00 -3.9366e-01 +1.2204e+00 +3.0253e+00 +3.4992e-01 -3.7946e-02
2998 +3.975812495e+01 +3.975812495e+01 -2.525918751e+02 -2.525918751e+02 -1.6511e+00 -2.0180e+00 +3.9971e-01 +1.9070e+00 +1.7186e+00 -1.3413e+00 -3.4607e+00 +1.1033e+00 +3.6033e-01 -1.3830e+00 +5.0000e+00 +3.2441e+00 +7.4663e-01 +3.5282e+00 -2.5154e+00 +4.8186e-01 +2.4421e+00 +2.9319e+00 +1.2448e+00 -3.8185e-01
3553 +2.307864979e+01 +2.307864979e+01 -2.692713502e+02 -2.692713502e+02 -1.6791e+00 -1.9184e+00 +1.4401e+00 +2.3302e+00 +1.1317e+00 -1.2013e+00 -3.7887e+00 -4.0982e-01 -1.2257e+00 -1.4944e+00 +3.2171e+00 +3.1882e+00 -1.8129e-01 +3.6696e+00 -2.4173e+00 +8.2466e-02 +1.1799e+00 +2.5936e+00 +1.3586e+00 +1.9190e-01
4238 +1.509349011e+01 +1.509349011e+01 -2.772565099e+02 -2.772565099e+02 -2.1570e+00 -1.6020e+00 +1.5189e+00 +2.5868e+00 +1.2738e+00 +3.3849e-01 -3.7695e+00 -6.0330e-01 -1.1575e+00 -1.3478e+00 +2.8987e+00 +3.4110e+00 -1.4210e-02 +3.0349e+00 -2.2482e+00 -7.6296e-03 +1.4586e+00 +2.5629e+00 +1.7806e+00 -1.1122e+00
% function evaluation | noise-free fitness - Fopt (3.110100000000e+02) | best noise-free fitness - Fopt | measured fitness | best measured fitness | x1 | x2...
1 +4.585232294e+03 +4.585232294e+03 +4.896242294e+03 +4.896242294e+03 -4.2740e-01 -4.8825e+00 +4.8507e+00 -6.4025e-01 +1.8505e+00 -1.5568e+00 +4.6418e+00 +2.0314e+00 -2.8076e+00 -2.9957e+00 +4.2144e+00 +3.7070e+00 +3.2455e+00 +2.3135e+00 -4.4856e-03 -5.5758e-01 +4.1854e+00 +1.5138e+00 +4.3814e+00 +1.2463e+00
3 +1.233393587e+03 +1.233393587e+03 +1.544403587e+03 +1.544403587e+03 -2.3566e-02 -2.3620e+00 +2.4915e+00 +1.2436e+00 -2.1104e+00 -3.4815e+00 -2.8713e+00 -3.3407e+00 +3.7935e+00 +2.9110e+00 -4.6514e+00 -1.4919e+00 -3.2926e+00 -4.5674e+00 +2.1119e+00 +2.6640e+00 -2.5574e+00 +4.5990e+00 -2.2331e+00 -3.6685e+00
29 +9.580652797e+02 +9.580652797e+02 +1.269075280e+03 +1.269075280e+03 +6.5985e-01 -3.7785e+00 -9.0527e-01 -1.7801e+00 +2.3678e+00 -2.9669e+00 +4.0610e+00 -3.6462e+00 +3.7237e+00 -3.5377e+00 -2.7608e+00 -4.6483e+00 -4.4349e+00 +1.7746e+00 +1.3914e+00 -3.0663e+00 -1.3669e+00 +4.2864e+00 -4.3690e+00 -2.5205e+00
284 +5.711966578e+02 +5.711966578e+02 +8.822066578e+02 +8.822066578e+02 -9.8492e-03 -5.0000e+00 +1.1956e+00 +5.0000e+00 +5.0000e+00 -1.2199e+00 +4.4211e+00 -6.2453e-01 +3.5055e+00 -2.0939e+00 -3.9509e+00 -8.1442e-01 -3.4041e+00 +1.4022e+00 +2.5903e+00 +1.6496e+00 -2.3056e+00 +3.7296e-01 +1.6882e+00 +2.8459e+00
416 +3.838352558e+02 +3.838352558e+02 +6.948452558e+02 +6.948452558e+02 +1.5180e+00 -5.0000e+00 -1.4853e+00 +5.0000e+00 +5.0000e+00 -2.5936e+00 +5.0000e+00 +2.4556e+00 +1.7296e+00 -3.2674e+00 -3.5922e+00 -5.3222e-01 -4.0831e+00 -3.0025e+00 +9.6425e-01 +4.5086e+00 -2.1938e+00 -4.0659e+00 -1.0457e+00 +4.0573e+00
719 +2.315983535e+02 +2.315983535e+02 +5.426083535e+02 +5.426083535e+02 -5.0703e-01 -3.5231e+00 -1.2116e+00 +4.6716e+00 +1.3241e+00 -3.4749e+00 +4.7585e+00 +2.1777e+00 +2.0132e+00 +0.0000e+00 -4.7361e+00 +0.0000e+00 -3.9348e+00 -1.7924e+00 +3.2996e-04 +1.9441e+00 -3.3244e+00 -2.3726e+00 -4.6609e+00 +4.5613e+00
816 +1.524773291e+02 +1.524773291e+02 +4.634873291e+02 +4.634873291e+02 -1.4561e-01 -5.0000e+00 -2.1437e+00 +3.7008e+00 +4.2741e+00 -1.7602e+00 +5.0000e+00 +4.4313e+00 +1.3289e+00 -2.8685e+00 -1.6636e+00 +4.1942e-01 -4.1137e+00 +4.3887e-01 -4.7794e-01 +3.9925e+00 +0.0000e+00 -3.9855e+00 -1.9768e+00 +2.4337e+00
1640 +9.444858662e+01 +9.444858662e+01 +4.054585866e+02 +4.054585866e+02 -2.2582e+00 -4.4209e+00 -2.4274e+00 +3.6033e-01 +4.0833e+00 -1.8437e+00 +2.5475e+00 +3.6320e+00 +9.5052e-01 -2.4919e+00 -3.7574e+00 +8.7023e-01 -3.9205e+00 +2.6051e-01 -1.4222e+00 +2.7755e+00 +9.7548e-02 -2.0782e+00 -3.9581e+00 +2.7977e+00
1870 +5.051275413e+01 +5.051275413e+01 +3.615227541e+02 +3.615227541e+02 -3.0105e+00 -3.5123e+00 -1.0322e+00 +2.3487e-01 +4.1396e+00 -3.5520e+00 +1.8310e+00 +2.8909e+00 +1.5823e+00 -2.5535e+00 -1.8092e+00 +4.0549e-01 -3.6408e+00 -1.0061e+00 -2.2130e+00 +2.5650e+00 +1.2427e+00 -2.1139e+00 -3.8035e+00 +1.9913e+00
2270 +3.788346010e+01 +3.788346010e+01 +3.488934601e+02 +3.488934601e+02 -2.8888e+00 -3.4994e+00 -1.2859e+00 -4.9705e-02 +4.5453e+00 -3.1041e+00 +2.3966e+00 +3.0336e+00 +3.5522e-01 -3.3317e+00 -2.5245e+00 +2.5052e-01 -3.7697e+00 -9.6625e-01 -1.4250e+00 +2.8471e+00 +1.3633e+00 -2.1280e+00 -3.8732e+00 +1.3426e+00
3195 +2.236667802e+01 +2.236667802e+01 +3.333766780e+02 +3.333766780e+02 -2.5860e+00 -3.4261e+00 -2.0038e+00 -9.4725e-03 +4.3188e+00 -1.4712e+00 +3.0363e+00 +3.1588e+00 +5.3622e-01 -3.0185e+00 -2.2516e+00 +5.6462e-01 -3.3532e+00 -1.3845e+00 -2.1476e+00 +2.7049e+00 +2.1473e+00 -2.3691e+00 -3.9191e+00 +1.7520e+00
3806 +1.498397024e+01 +1.498397024e+01 +3.259939702e+02 +3.259939702e+02 -2.5935e+00 -3.3389e+00 -2.0579e+00 -2.2543e-01 +4.1694e+00 -8.0421e-01 +2.9473e+00 +3.2332e+00 +4.3888e-01 -3.0069e+00 -2.3664e+00 +6.2891e-01 -2.8297e+00 -1.1413e+00 -2.2216e+00 +2.5692e+00 +2.8412e+00 -3.0248e+00 -3.8689e+00 +2.1103e+00
4292 +9.713742044e+00 +9.713742044e+00 +3.207237420e+02 +3.207237420e+02 -3.1423e+00 -3.4177e+00 -1.7168e+00 -4.1285e-01 +4.1313e+00 -9.0114e-01 +2.8874e+00 +3.1901e+00 +4.7818e-01 -2.7720e+00 -2.5173e+00 +5.5437e-01 -2.7410e+00 -1.3322e+00 -1.8486e+00 +2.4187e+00 +3.0635e+00 -2.8006e+00 -3.8653e+00 +2.6362e+00
% function evaluation | noise-free fitness - Fopt (-8.051800000000e+02) | best noise-free fitness - Fopt | measured fitness | best measured fitness | x1 | x2...
1 +2.269143734e+03 +2.269143734e+03 +1.463963734e+03 +1.463963734e+03 +1.7338e+00 +1.2503e+00 -4.8243e+00 -1.7435e+00 -1.1066e+00 +2.9491e+00 -4.5201e+00 +4.6168e+00 +7.6119e-01 +4.1155e+00 -4.5718e+00 -2.0976e+00 +2.5112e+00 +5.3723e-01 -2.2134e+00 -3.5651e+00 +1.8971e+00 -1.2921e+00 -3.3239e+00 +2.6569e+00
4 +1.113144906e+03 +1.113144906e+03 +3.079649062e+02 +3.079649062e+02 -1.8516e+00 -2.1786e+00 +4.0905e+00 -2.4324e+00 +3.6145e+00 +1.6113e+00 +1.1304e+00 +1.2000e+00 -1.6597e+00 -4.6820e+00 +2.4686e+00 -4.3022e+00 -3.3409e+00 +3.3213e+00 +1.7746e+00 +4.1997e+00 +2.3624e+00 +3.2055e-01 -2.2256e+00 +2.5233e+00
13 +6.091428968e+02 +6.091428968e+02 -1.960371032e+02 -1.960371032e+02 +8.8219e-01 -8.1265e-01 +1.5551e-01 -8.3772e-01 -2.7661e+00 -4.1419e+00 +4.5610e+00 +1.4205e+00 -2.6073e+00 +2.1009e+00 +2.4227e+00 +3.8346e+00 +5.3413e-01 +2.3720e+00 +1.5318e+00 +4.0903e+00 -2.6513e-01 +2.5174e+00 -2.7676e+00 +2.4120e+00
339 +3.815665497e+02 +3.815665497e+02 -4.236134503e+02 -4.236134503e+02 -7.2904e-01 -3.7277e+00 -7.5727e-01 +3.1834e+00 +7.1183e-01 -3.5039e+00 +5.0000e+00 +1.3100e+00 -2.1263e-01 +1.2258e-01 +3.3111e+00 +1.1025e+00 -1.0146e-01 -2.7748e-01 +2.8846e+00 +3.8110e+00 +1.4636e+00 +3.8045e+00 -1.5708e+00 -8.7107e-02
567 +2.078620600e+02 +2.078620600e+02 -5.973179400e+02 -5.973179400e+02 +0.0000e+00 -5.0000e+00 -7.0150e-01 +1.1348e+00 +1.4318e+00 -2.3129e+00 +3.8291e+00 +1.2294e+00 +8.0754e-01 +7.3402e-01 +2.4604e+00 +1.0773e+00 -1.4591e+00 -1.7926e-01 -1.2327e+00 +3.6449e+00 +2.5396e-01 +3.8187e-01 -1.9238e+00 +3.2703e-01
692 +1.138752853e+02 +1.138752853e+02 -6.913047147e+02 -6.913047147e+02 +7.2047e-01 -5.0000e+00 -3.7241e-01 +6.4428e-01 +8.1320e-01 -3.1855e+00 +3.8524e+00 +2.1983e+00 -1.9043e-01 +3.1608e+00 +3.4269e+00 -1.3881e+00 +1.6404e+00 +0.0000e+00 +0.0000e+00 +3.8411e+00 -2.0461e+00 +5.9102e-01 -2.9501e+00 -5.1100e-01
1536 +8.334544630e+01 +8.334544630e+01 -7.218345537e+02 -7.218345537e+02 +8.2569e-01 -5.0000e+00 -6.8991e-01 +1.2385e+00 +1.4792e+00 -2.5006e+00 +3.9247e+00 +1.4788e+00 -2.5260e-01 +2.6588e+00 +3.4101e+00 -1.3445e-01 +4.4101e-01 -1.2302e+00 -9.4298e-02 +4.2703e+00 -2.5695e+00 +5.4017e-01 -3.3822e+00 -9.5691e-01
2433 +5.442934172e+01 +5.442934172e+01 -7.507506583e+02 -7.507506583e+02 -4.0839e-03 -4.9993e+00 -1.4809e+00 +1.6811e+00 +2.9549e+00 -1.9866e+00 +3.2863e+00 +1.4047e+00 -1.8358e-01 +2.2415e+00 +3.4825e+00 -1.4145e+00 +3.6247e-01 -1.0859e+00 +3.8568e-01 +3.9857e+00 -3.2341e+00 +6.9449e-01 -3.1146e+00 -1.4525e+00
3435 +3.781561382e+01 +3.781561382e+01 -7.673643862e+02 -7.673643862e+02 +1.1190e+00 -4.2446e+00 +7.2028e-02 +1.7343e+00 +3.0022e+00 -1.8635e+00 +3.5755e+00 +8.3555e-01 +1.6280e+00 +2.6379e+00 +3.2437e+00 -7.4669e-01 +7.7504e-01 -7.2884e-01 +5.2852e-01 +4.2246e+00 -3.2256e+00 +3.7343e-01 -3.5453e+00 -1.6948e+00
