% function evaluation | noise-free fitness - Fopt (9.294000000000e+01) | best noise-free fitness - Fopt | measured fitness | best measured fitness | x1 | x2...
1 +1.544054654e+03 +1.544054654e+03 +1.636994654e+03 +1.636994654e+03 +2.0087e+00 +3.4354e+00 +2.2087e-03 +4.3161e+00 -2.2310e-01 -3.7409e+00 +2.3606e+00 +2.8399e+00 -4.2202e+00 -3.9000e+00
5 +4.395654258e+02 +4.395654258e+02 +5.325054258e+02 +5.325054258e+02 -2.5498e+00 +2.5710e+00 +3.6938e+00 +2.2079e+00 -1.1430e+00 +3.4206e+00 +1.9385e+00 -3.7799e+00 +2.6897e+00 +1.1799e+00
22 +2.798807316e+02 +2.798807316e+02 +3.728207316e+02 +3.728207316e+02 +1.2533e+00 -4.6595e-01 -4.3476e+00 +3.9339e+00 +4.8486e+00 +3.9704e+00 +4.5912e-02 -1.7349e+00 -3.8046e-01 +4.8021e+00
25 +2.487819253e+02 +2.487819253e+02 +3.417219253e+02 +3.417219253e+02 -1.2444e+00 -3.2590e+00 +6.9168e-01 +4.4959e+00 +4.8981e+00 -6.2346e-01 +9.2362e-01 -2.9769e-01 -1.1702e-01 -2.2371e+00
185 +9.072439058e+01 +9.072439058e+01 +1.836643906e+02 +1.836643906e+02 +6.3295e-01 +5.2307e-01 +2.1868e+00 +2.8204e+00 +3.3915e+00 +3.9557e+00 +2.6436e+00 -2.4633e+00 +2.0314e-01 +4.1625e+00
332 +4.137051440e+01 +4.137051440e+01 +1.343105144e+02 +1.343105144e+02 +3.0178e+00 +3.6125e-01 +2.6136e-01 +5.0000e+00 +5.0000e+00 -2.5933e-01 +2.5213e+00 +1.0936e+00 +1.7820e+00 +8.5541e-01
787 +2.782185194e+01 +2.782185194e+01 +1.207618519e+02 +1.207618519e+02 +2.8557e+00 +1.1954e-01 +2.4641e-01 +4.7563e+00 +5.0000e+00 +0.0000e+00 +2.0853e+00 -6.1779e-01 +4.2282e-01 +8.3896e-01
1660 +2.087347474e+01 +2.087347474e+01 +1.138134747e+02 +1.138134747e+02 +1.7273e+00 +3.0266e-01 +2.5926e-01 +3.3518e+00 +5.0000e+00 +1.3261e+00 +2.2508e+00 -1.2871e+00 +5.0828e-01 +1.0892e+00
2217 +1.429963205e+01 +1.429963205e+01 +1.072396321e+02 +1.072396321e+02 +1.2363e+00 +1.3982e-01 -1.1295e-01 +3.2145e+00 +5.0000e+00 +2.6164e+00 +3.3156e+00 -2.2678e+00 +1.8811e+00 +2.0153e+00
2796 +9.988668155e+00 +9.988668155e+00 +1.029286682e+02 +1.029286682e+02 +1.5697e+00 +3.6549e-01 -1.1200e-01 +3.2679e+00 +4.9955e+00 +1.8795e+00 +2.9604e+00 -1.2220e+00 +2.3259e+00 +1.8592e+00
4027 +5.829577302e+00 +5.829577302e+00 +9.876957730e+01 +9.876957730e+01 +1.6830e+00 +6.7444e-01 -2.8603e-01 +2.7240e+00 +4.5158e+00 +2.2113e+00 +2.8156e+00 -1.7596e+00 +2.2429e+00 +1.6077e+00
% function evaluation | noise-free fitness - Fopt (3.535000000000e+01) | best noise-free fitness - Fopt | measured fitness | best measured fitness | x1 | x2...
1 +1.321209903e+03 +1.321209903e+03 +1.356559903e+03 +1.356559903e+03 +4.0781e-02 +2.7818e+00 -4.6326e+00 -3.6217e+00 +1.9663e-01 +1.3137e-01 +3.2402e-01 +3.2052e+00 -1.3542e+00 +1.9760e+00
3 +4.046278803e+02 +4.046278803e+02 +4.399778803e+02 +4.399778803e+02 -2.8644e+00 -3.5915e-01 +4.7464e+00 -5.2882e-01 -4.7467e+00 +2.5402e-01 -2.6074e+00 +2.8594e+00 +1.5342e-01 -4.2877e+00
7 +2.176762814e+02 +2.176762814e+02 +2.530262814e+02 +2.530262814e+02 -1.1586e+00 -1.1127e+00 -4.4239e+00 +3.5364e+00 -1.2407e+00 -4.6363e+00 -7.8072e-01 -1.6224e+00 -7.8445e-02 +1.8101e+00
215 +1.531351582e+02 +1.531351582e+02 +1.884851582e+02 +1.884851582e+02 -5.0000e+00 -3.6624e+00 +2.3822e+00 +2.3685e+00 -2.0104e+00 -3.1183e+00 -1.9503e+00 +3.1565e+00 -6.7156e-01 +9.5735e-01
364 +8.348494961e+01 +8.348494961e+01 +1.188349496e+02 +1.188349496e+02 +1.7705e+00 +4.3250e+00 +4.6314e+00 +3.2245e+00 -4.2624e+00 -5.0179e-01 +2.3142e+00 +9.0852e-01 -3.3492e+00 +1.1519e-03
604 +4.860522016e+01 +4.860522016e+01 +8.395522016e+01 +8.395522016e+01 +2.9743e+00 +5.0000e+00 +5.0000e+00 +3.7121e+00 -3.2177e+00 +1.6447e+00 +4.5816e+00 +1.5953e+00 -1.0581e+00 -8.5432e-01
606 +3.005549213e+01 +3.005549213e+01 +6.540549213e+01 +6.540549213e+01 +8.8435e-01 +1.9403e+00 +1.4534e+00 +2.8547e+00 -3.5559e+00 -1.7979e+00 +3.5499e+00 +0.0000e+00 -4.8624e-01 -1.6392e+00
1434 +2.211413876e+01 +2.211413876e+01 +5.746413876e+01 +5.746413876e+01 +1.5471e+00 +2.5197e+00 +2.9234e+00 +3.4775e+00 -2.5029e+00 -1.1391e+00 +3.7508e+00 -1.2635e-01 -1.1731e-01 -1.6139e+00
1999 +1.177870939e+01 +1.177870939e+01 +4.712870939e+01 +4.712870939e+01 +1.0723e+00 +2.9780e+00 +2.6078e+00 +3.3914e+00 -3.1164e+00 +6.9891e-02 +3.2375e+00 +1.3081e+00 -7.5909e-01 -1.2866e+00
2929 +7.880133490e+00 +7.880133490e+00 +4.323013349e+01 +4.323013349e+01 +1.0431e+00 +2.6468e+00 +2.5861e+00 +2.7712e+00 -2.5031e+00 +1.2795e-01 +2.4024e+00 +1.9025e+00 -1.5647e-01 -9.1001e-01
3209 +5.527032736e+00 +5.527032736e+00 +4.087703274e+01 +4.087703274e+01 +1.4870e+00 +2.7182e+00 +2.1787e+00 +2.9389e+00 -2.4847e+00 -4.0029e-01 +2.6241e+00 +7.9268e-01 +2.5809e-01 -1.0477e+00
3613 +3.344279486e+00 +3.344279486e+00 +3.869427949e+01 +3.869427949e+01 +1.8219e+00 +2.6911e+00 +2.1731e+00 +2.8003e+00 -2.4188e+00 -4.1426e-01 +1.6528e+00 +1.0160e+00 +3.9705e-01 -1.1251e+00
% function evaluation | noise-free fitness - Fopt (3.820000000000e+00) | best noise-free fitness - Fopt | measured fitness | best measured fitness | x1 | x2...
1 +8.015240233e+02 +8.015240233e+02 +8.053440233e+02 +8.053440233e+02 -2.7979e+00 +3.7368e+00 +2.1246e+00 -3.0771e-01 -3.3750e+00 -2.1709e-01 -1.5800e+00 +3.6033e+00 +2.7374e+00 +4.6388e+00
3 +3.255302007e+02 +3.255302007e+02 +3.293502007e+02 +3.293502007e+02 -7.2623e-01 +1.4816e+00 +3.3758e-01 -4.1674e+00 -1.1766e+00 -7.6761e-01 -1.6970e+00 -3.2159e+00 +4.1593e+00 +1.7053e+00
45 +1.567947089e+02 +1.567947089e+02 +1.606147089e+02 +1.606147089e+02 -2.1202e+00 -1.6953e+00 +4.1406e+00 -1.5284e+00 +2.7741e+00 -7.6363e-01 +1.5804e+00 -3.6567e+00 +1.2464e+00 +4.4462e+00
78 +9.406328837e+01 +9.406328837e+01 +9.788328837e+01 +9.788328837e+01 +3.3236e+00 -5.4091e-01 +2.3281e+00 +1.4057e-03 +9.9057e-01 +9.6009e-01 -5.3352e-01 -2.9094e+00 -7.5259e-01 -1.5329e+00
231 +5.779901331e+01 +5.779901331e+01 +6.161901331e+01 +6.161901331e+01 -2.2990e-01 -1.3396e+00 +2.4227e+00 -2.8685e+00 +1.4972e+00 +2.7715e+00 +5.8124e-01 -3.0489e+00 -1.0584e+00 +1.1999e+00
683 +3.263799846e+01 +3.263799846e+01 +3.645799846e+01 +3.645799846e+01 +4.2137e+00 +8.1699e-02 +1.2537e+00 +4.0879e-01 +1.0243e+00 -2.6489e+00 +4.2927e-01 -2.5298e+00 +3.0388e+00 +5.1885e-01
1243 +2.498552911e+01 +2.498552911e+01 +2.880552911e+01 +2.880552911e+01 +4.8979e+00 +5.0325e-01 +1.3560e+00 -2.5744e+00 +5.5425e-01 -2.4724e-01 +3.9673e-01 -4.1002e+00 +2.8023e-01 -1.3320e+00
1643 +1.115995458e+01 +1.115995458e+01 +1.497995458e+01 +1.497995458e+01 +4.7581e+00 +5.0696e-01 +1.8948e+00 -1.4891e+00 +8.7668e-01 -8.2128e-01 -1.3516e-01 -2.6976e+00 +3.6300e-01 +2.8546e-01
2050 +8.315511005e+00 +8.315511005e+00 +1.213551100e+01 +1.213551100e+01 +4.2802e+00 +6.0280e-01 +1.4845e+00 -7.9928e-01 +6.7092e-01 -5.4826e-01 +2.0408e-01 -3.1107e+00 +2.0826e+00 -2.3049e-01
2288 +5.443197571e+00 +5.443197571e+00 +9.263197571e+00 +9.263197571e+00 +4.5913e+00 +5.4287e-01 +3.0709e+00 -1.8209e+00 +9.8016e-01 -1.4227e+00 -8.5871e-02 -2.9677e+00 +5.6151e-01 -2.3948e-01
3172 +3.250049707e+00 +3.250049707e+00 +7.070049707e+00 +7.070049707e+00 +4.7576e+00 +6.6740e-01 +1.7427e+00 -1.4660e+00 +1.0309e+00 -1.3329e+00 +4.9195e-01 -2.8783e+00 +8.6355e-01 -5.0466e-01
3863 +2.383384417e+00 +2.383384417e+00 +6.203384417e+00 +6.203384417e+00 +4.6454e+00 +7.0364e-01 +2.0040e+00 -1.5458e+00 +1.1271e+00 -1.2954e+00 +4.4851e-01 -2.9068e+00 +6.9954e-01 -3.0817e-01
4498 +1.396244075e+00 +1.396244075e+00 +5.216244075e+00 +5.216244075e+00 +4.3894e+00 +7.9620e-01 +1.9086e+00 -1.9573e+00 +1.2053e+00 -8.9281e-01 +1.0245e+00 -3.2424e+00 +6.8116e-01 -5.8659e-01
4630 +9.715541843e-01 +9.715541843e-01 +4.791554184e+00 +4.791554184e+00 +4.4167e+00 +8.0700e-01 +2.1166e+00 -1.9740e+00 +1.3092e+00 -8.5684e-01 +9.8216e-01 -3.2892e+00 +7.6443e-01 -4.3606e-01
% function evaluation | noise-free fitness - Fopt (2.175000000000e+01) | best noise-free fitness - Fopt | measured fitness | best measured fitness | x1 | x2...
1 +3.209416944e+02 +3.209416944e+02 +3.426916944e+02 +3.426916944e+02 +4.3338e+00 +9.0691e-01 +4.2381e-02 -2.1685e+00 +6.8625e-01 -8.7059e-01 -2.1847e+00 -2.3459e+00 +4.5114e+00 +2.4767e+00
26 +2.008227305e+02 +2.008227305e+02 +2.225727305e+02 +2.225727305e+02 +9.6935e-01 +4.3059e+00 +2.4482e+00 -5.0652e-01 -2.4404e+00 -2.5368e+00 -3.4922e-01 +3.8908e+00 +2.0382e+00 +4.2635e+00
216 +7.994787484e+01 +7.994787484e+01 +1.016978748e+02 +1.016978748e+02 -1.4774e+00 +2.6932e-01 +2.3254e+00 -2.3585e-01 -3.3182e+00 -5.0000e+00 +2.4119e+00 +3.8799e+00 +1.6490e+00 +4.9259e+00
436 +4.434157298e+01 +4.434157298e+01 +6.609157298e+01 +6.609157298e+01 +4.9480e+00 +1.7905e+00 -6.0897e-01 +2.8659e+00 -3.0318e+00 -5.0000e+00 +3.8471e+00 +2.7539e+00 +1.2650e+00 +5.0000e+00
666 +2.055818490e+01 +2.055818490e+01 +4.230818490e+01 +4.230818490e+01 +2.5707e+00 +0.0000e+00 -1.0520e+00 +3.2774e+00 -2.6397e+00 -1.4083e+00 +2.9958e+00 +2.3116e+00 +4.3688e-01 +2.5080e+00
1629 +1.214453322e+01 +1.214453322e+01 +3.389453322e+01 +3.389453322e+01 +2.1626e+00 +5.6127e-01 -4.6920e-01 +3.0459e+00 -3.2359e+00 -2.2298e+00 +3.4615e+00 +1.2325e+00 +1.3981e+00 +3.0083e+00
1954 +9.011186261e+00 +9.011186261e+00 +3.076118626e+01 +3.076118626e+01 +4.2488e+00 -2.2211e-01 -1.3543e+00 +3.3895e+00 -2.2536e+00 -1.5801e+00 +3.2549e+00 +1.5414e+00 +1.4704e+00 +3.8430e+00
2267 +4.928643021e+00 +4.928643021e+00 +2.667864302e+01 +2.667864302e+01 +4.8445e+00 +1.5388e+00 -1.3347e+00 +3.3263e+00 -1.2427e+00 -1.9039e+00 +2.9005e+00 +2.0562e+00 +1.8442e+00 +3.5370e+00
2806 +3.218273931e+00 +3.218273931e+00 +2.496827393e+01 +2.496827393e+01 +4.7844e+00 +1.4507e+00 -1.1762e+00 +3.4159e+00 -1.5923e+00 -1.6372e+00 +2.9865e+00 +2.0272e+00 +1.8645e+00 +3.6743e+00
2830 +2.290427780e+00 +2.290427780e+00 +2.404042778e+01 +2.404042778e+01 +4.8521e+00 +7.7726e-01 -2.9134e-01 +2.9171e+00 -1.4150e+00 -2.3828e+00 +3.0953e+00 +1.8878e+00 +1.9467e+00 +3.5164e+00
3349 +1.522271310e+00 +1.522271310e+00 +2.327227131e+01 +2.327227131e+01 +4.8063e+00 +1.0350e+00 -1.1418e+00 +3.3153e+00 -2.0039e+00 -1.3655e+00 +3.1661e+00 +1.8835e+00 +1.5525e+00 +4.0296e+00
4253 +9.630486874e-01 +9.630486874e-01 +2.271304869e+01 +2.271304869e+01 +4.9225e+00 +1.0072e+00 -1.2461e+00 +3.2469e+00 -1.7886e+00 -1.9532e+00 +3.3161e+00 +1.7012e+00 +1.7570e+00 +4.1062e+00
% function evaluation | noise-free fitness - Fopt (6.479000000000e+01) | best noise-free fitness - Fopt | measured fitness | best measured fitness | x1 | x2...
1 +1.293239729e+03 +1.293239729e+03 +1.358029729e+03 +1.358029729e+03 +2.2873e+00 -3.0359e+00 +4.9495e+00 -2.3699e+00 +1.2314e+00 +1.0788e+00 +2.4320e+00 -4.6407e-01 +4.9985e+00 -2.3104e+00
2 +2.870749701e+02 +2.870749701e+02 +3.518649701e+02 +3.518649701e+02 -3.0771e+00 -3.7707e-01 -1.2398e+00 -3.6319e+00 +1.5438e+00 -8.3100e-01 -3.3070e+00 +8.7375e-01 +5.4394e-01 -2.3201e+00
4 +2.119495109e+02 +2.119495109e+02 +2.767395109e+02 +2.767395109e+02 -2.3697e+00 +8.2285e-01 +3.3630e+00 +2.8093e+00 -1.2441e+00 -6.4891e-01 +4.8449e-01 -1.6121e-02 +8.3017e-01 +2.1252e+00
89 +1.578758188e+02 +1.578758188e+02 +2.226658188e+02 +2.226658188e+02 +2.1466e+00 +1.2462e+00 -1.2580e+00 +4.0649e+00 -2.0097e+00 -1.2036e+00 -2.1033e+00 -2.2257e+00 -2.7826e+00 +4.5443e+00
437 +8.625579131e+01 +8.625579131e+01 +1.510457913e+02 +1.510457913e+02 -1.2988e+00 +1.0229e-01 +2.0160e+00 +1.5952e+00 +1.1462e+00 -2.3642e+00 -3.0299e+00 +4.9361e+00 -8.0292e-01 +6.6987e-01
506 +5.587335147e+01 +5.587335147e+01 +1.206633515e+02 +1.206633515e+02 +4.4942e-01 +5.3937e-01 -1.3566e+00 +1.9567e+00 +0.0000e+00 -2.4402e+00 -2.0783e+00 -1.5110e+00 -4.7153e+00 +4.7515e+00
694 +3.290743701e+01 +3.290743701e+01 +9.769743701e+01 +9.769743701e+01 +1.8252e+00 +9.0274e-01 +1.2216e+00 +4.2580e+00 -1.3534e+00 -5.0000e+00 -2.3887e+00 -2.0863e+00 -5.0000e+00 +5.0000e+00
1386 +1.477168142e+01 +1.477168142e+01 +7.956168142e+01 +7.956168142e+01 -9.1968e-01 -1.1728e+00 +1.2678e+00 +3.1463e+00 -8.7402e-01 -5.0000e+00 -2.6831e+00 -1.9684e+00 -4.8959e+00 +5.0000e+00
2499 +9.921887471e+00 +9.921887471e+00 +7.471188747e+01 +7.471188747e+01 -2.8676e-01 -5.6654e-01 +2.1552e+00 +3.4898e+00 -1.4732e+00 -3.8212e+00 -2.8412e+00 +3.3578e-01 -4.9197e+00 +3.5886e+00
2849 +6.297766283e+00 +6.297766283e+00 +7.108776628e+01 +7.108776628e+01 +8.1559e-02 -3.9570e-01 +1.2127e+00 +2.9917e+00 -1.1923e+00 -3.6875e+00 -2.6454e+00 -2.9595e-01 -4.9456e+00 +3.5573e+00
3441 +3.941559618e+00 +3.941559618e+00 +6.873155962e+01 +6.873155962e+01 -6.2516e-01 -2.2143e+00 +1.3721e+00 +3.0172e+00 -9.8746e-01 -3.8709e+00 -3.4920e+00 -2.4287e-01 -4.2257e+00 +3.1591e+00
% function evaluation | noise-free fitness - Fopt (5.407000000000e+01) | best noise-free fitness - Fopt | measured fitness | best measured fitness | x1 | x2...
1 +1.407897480e+03 +1.407897480e+03 +1.461967480e+03 +1.461967480e+03 -2.5613e-01 -4.3186e+00 -3.5936e+00 +3.2534e+00 +4.0738e-01 -2.3565e+00 -4.2044e+00 -3.9052e+00 -4.5409e+00 -1.8937e+00
3 +3.392636504e+02 +3.392636504e+02 +3.933336504e+02 +3.933336504e+02 +3.6790e+00 -4.5337e+00 +4.0017e+00 -2.1805e-02 +4.2355e+00 +1.3142e-01 +7.8429e-01 -1.4561e+00 -1.1411e+00 -2.9899e+00
20 +1.475755645e+02 +1.475755645e+02 +2.016455645e+02 +2.016455645e+02 +2.8871e+00 -3.9105e+00 +1.5926e+00 +6.7235e-01 -1.0861e+00 +3.7302e+00 +2.0146e-01 -3.3163e-01 -4.8468e-01 -2.1322e+00
275 +6.017033759e+01 +6.017033759e+01 +1.142403376e+02 +1.142403376e+02 +3.3752e+00 -3.8812e+00 +3.1593e+00 +1.8000e+00 -4.2405e+00 +1.8861e+00 -1.5312e+00 -3.6066e-01 -2.5468e-01 -3.9875e-01
1187 +3.670048140e+01 +3.670048140e+01 +9.077048140e+01 +9.077048140e+01 +3.7765e+00 -4.1404e+00 +1.9584e+00 +1.9747e+00 -3.6810e+00 +2.0976e+00 +1.1417e-01 -1.8499e+00 -3.3546e+00 -7.8462e-01
1534 +2.328223241e+01 +2.328223241e+01 +7.735223241e+01 +7.735223241e+01 +1.9497e+00 -4.3845e+00 +2.3745e+00 +2.3649e+00 -1.2291e+00 +2.1455e+00 +3.4978e-01 -7.5886e-01 -2.8832e+00 -5.2148e-01
2522 +1.338041602e+01 +1.338041602e+01 +6.745041602e+01 +6.745041602e+01 +2.1131e+00 -4.3462e+00 +2.2803e+00 +7.8827e-01 -3.3054e+00 +1.2336e+00 +3.0744e-01 +1.4891e+00 -3.8726e+00 -1.9917e+00
2616 +8.738896139e+00 +8.738896139e+00 +6.280889614e+01 +6.280889614e+01 +1.7768e+00 -4.3549e+00 +2.5727e+00 +1.2706e+00 -2.0501e+00 +1.4805e+00 +8.6941e-01 +1.4219e+00 -4.1304e+00 -2.0751e+00
3039 +6.266403512e+00 +6.266403512e+00 +6.033640351e+01 +6.033640351e+01 +1.0269e+00 -4.0127e+00 +2.7179e+00 +1.8120e+00 -2.4273e+00 +1.3919e+00 +7.6722e-01 +1.7387e+00 -3.8577e+00 -1.9591e+00
3276 +3.284025676e+00 +3.284025676e+00 +5.735402568e+01 +5.735402568e+01 +6.0895e-01 -4.0637e+00 +2.7126e+00 +1.8901e+00 -2.5386e+00 +1.1573e+00 +7.8250e-01 +2.0378e+00 -3.9967e+00 -1.8266e+00
3614 +2.231678482e+00 +2.231678482e+00 +5.630167848e+01 +5.630167848e+01 +8.5251e-01 -3.9723e+00 +2.8070e+00 +2.1412e+00 -2.7815e+00 +1.2267e+00 +7.5761e-01 +2.4790e+00 -4.0265e+00 -1.7223e+00
4147 +1.465021419e+00 +1.465021419e+00 +5.553502142e+01 +5.553502142e+01 +6.0287e-01 -3.8855e+00 +2.9257e+00 +2.1109e+00 -2.6305e+00 +1.3471e+00 +9.9890e-01 +2.4925e+00 -3.9771e+00 -1.9605e+00
% function evaluation | noise-free fitness - Fopt (-9.152000000000e+01) | best noise-free fitness - Fopt | measured fitness | best measured fitness | x1 | x2...
1 +9.516408602e+02 +9.516408602e+02 +8.601208602e+02 +8.601208602e+02 +2.2391e+00 +6.8346e-01 +3.9969e+00 -1.1500e+00 -1.4116e+00 -1.5023e+00 -5.2378e-01 -3.9679e+00 -1.6385e+00 +5.3270e-01
11 +5.712399885e+02 +5.712399885e+02 +4.797199885e+02 +4.797199885e+02 -3.4152e+00 +2.2187e+00 -6.5572e-01 -3.9511e+00 -3.0192e+00 -4.3207e-01 +4.8568e+00 -2.5113e+00 +8.3015e-01 -4.5548e+00
14 +9.655880517e+01 +9.655880517e+01 +5.038805171e+00 +5.038805171e+00 +4.6345e-01 +2.1105e+00 -1.7395e+00 +1.1799e+00 +3.0983e+00 -2.0641e+00 +4.7688e+00 +4.1628e+00 -3.6978e+00 +3.3229e+00
536 +6.248521637e+01 +6.248521637e+01 -2.903478363e+01 -2.903478363e+01 -9.7343e-01 +5.0000e+00 +1.1481e+00 +3.5257e+00 +2.9655e+00 -4.5037e-01 -6.6040e-01 +5.0000e+00 -4.8065e+00 +3.7065e+00
641 +2.869247377e+01 +2.869247377e+01 -6.282752623e+01 -6.282752623e+01 -1.5753e+00 +2.0487e+00 +1.1852e+00 +4.6726e+00 +3.9279e+00 -5.0538e-01 +0.0000e+00 +3.0618e+00 -4.1428e+00 +2.1145e+00
1361 +2.265822621e+01 +2.265822621e+01 -6.886177379e+01 -6.886177379e+01 -2.2126e+00 +1.8445e+00 +1.1687e+00 +4.4747e+00 +3.4388e+00 +2.3901e-01 -3.7013e-01 +3.0097e+00 -4.2825e+00 +2.1245e+00
1564 +1.426375596e+01 +1.426375596e+01 -7.725624404e+01 -7.725624404e+01 -1.2404e+00 +2.1057e+00 -6.2692e-01 +4.2688e+00 +3.1420e+00 +5.3233e-03 +2.0218e+00 +3.2000e+00 -4.3984e+00 +2.5870e+00
2712 +9.182496273e+00 +9.182496273e+00 -8.233750373e+01 -8.233750373e+01 -8.8651e-01 +1.7747e+00 -2.2864e+00 +4.0127e+00 +2.7192e+00 +7.3691e-01 +2.3628e+00 +2.5588e+00 -4.1196e+00 +2.7491e+00
3206 +5.891585298e+00 +5.891585298e+00 -8.562841470e+01 -8.562841470e+01 -1.5900e+00 +1.8324e+00 -1.6275e+00 +3.9552e+00 +2.3395e+00 +7.9229e-01 +2.4927e+00 +2.7644e+00 -3.2425e+00 +2.3966e+00
3521 +3.665004251e+00 +3.665004251e+00 -8.785499575e+01 -8.785499575e+01 -1.7947e+00 +2.1143e+00 -1.0593e+00 +3.9014e+00 +2.4445e+00 +4.4203e-01 +2.2862e+00 +2.9826e+00 -3.3751e+00 +2.5091e+00
4905 +2.433891766e+00 +2.433891766e+00 -8.908610823e+01 -8.908610823e+01 -1.9937e+00 +2.6294e+00 -1.0301e+00 +4.0282e+00 +2.1722e+00 +7.2514e-01 +2.0527e+00 +3.7251e+00 -2.9136e+00 +2.7545e+00
% function evaluation | noise-free fitness - Fopt (2.263000000000e+01) | best noise-free fitness - Fopt | measured fitness | best measured fitness | x1 | x2...
1 +1.326267716e+03 +1.326267716e+03 +1.348897716e+03 +1.348897716e+03 -1.4503e+00 -1.6459e+00 -4.5878e+00 +3.5832e+00 +4.3066e+00 +4.2436e+00 -1.9695e+00 +4.3085e+00 +1.0738e+00 -3.2345e+00
2 +4.694792936e+02 +4.694792936e+02 +4.921092936e+02 +4.921092936e+02 -2.8183e+00 +5.0009e-02 -1.4307e+00 +4.3067e-01 -2.5838e+00 -1.1361e+00 +3.1746e+00 +2.7588e+00 +2.7538e+00 -2.4474e+00
19 +3.063246057e+02 +3.063246057e+02 +3.289546057e+02 +3.289546057e+02 +2.4087e-01 -1.2552e+00 -1.0917e-01 +3.9911e+00 +1.2817e+00 -1.1240e+00 -1.8943e+00 -2.8962e+00 +2.6750e+00 +3.6285e+00
43 +2.270470846e+02 +2.270470846e+02 +2.496770846e+02 +2.496770846e+02 +2.5125e+00 -6.9496e-01 +3.7822e+00 +2.4008e+00 +3.6574e+00 +3.8116e-01 -2.9591e+00 +9.3322e-01 -1.3803e+00 +4.7442e+00
240 +8.306080467e+01 +8.306080467e+01 +1.056908047e+02 +1.056908047e+02 +3.8054e+00 -4.6723e-01 +1.5980e+00 +4.9311e+00 +3.6505e+00 +1.6456e+00 +3.7990e-01 -3.5379e+00 +2.4525e+00 +4.6407e+00
420 +5.826321080e+01 +5.826321080e+01 +8.089321080e+01 +8.089321080e+01 +3.4431e+00 +0.0000e+00 +3.0725e+00 +4.5396e+00 +1.6635e+00 +2.8116e+00 +1.3829e+00 -1.4998e+00 +5.0000e+00 +5.0000e+00
962 +3.178868449e+01 +3.178868449e+01 +5.441868449e+01 +5.441868449e+01 +5.0000e+00 -3.1658e+00 +2.1808e+00 +5.0000e+00 +2.1131e+00 +5.0000e+00 +2.8678e+00 -3.8036e+00 +5.0000e+00 +5.0000e+00
1128 +2.127452266e+01 +2.127452266e+01 +4.390452266e+01 +4.390452266e+01 +5.0000e+00 -2.9193e+00 +2.6937e+00 +4.9886e+00 +2.0625e+00 +4.7371e+00 +3.9131e+00 -2.9141e+00 +5.0000e+00 +5.0000e+00
2322 +1.519735900e+01 +1.519735900e+01 +3.782735900e+01 +3.782735900e+01 +5.0000e+00 -3.6761e+00 +2.0351e+00 +4.9756e+00 +2.4948e+00 +4.7559e+00 +4.3849e+00 -3.9706e+00 +5.0000e+00 +5.0000e+00
% function evaluation | noise-free fitness - Fopt (1.554000000000e+01) | best noise-free fitness - Fopt | measured fitness | best measured fitness | x1 | x2...
1 +5.212770132e+02 +5.212770132e+02 +5.368170132e+02 +5.368170132e+02 +2.4644e+00 -9.4815e-01 -6.7878e-02 +1.7005e+00 +6.8133e-01 -2.0727e-01 -2.0419e-01 -3.3190e+00 -3.1289e+00 +1.3594e-01
8 +2.893618042e+02 +2.893618042e+02 +3.049018042e+02 +3.049018042e+02 +2.7171e+00 -3.8422e+00 +1.8344e+00 +2.4977e+00 -1.5936e-01 -3.0267e+00 +4.3244e+00 +4.9831e+00 +3.8053e+00 -4.2746e+00
133 +2.289063992e+02 +2.289063992e+02 +2.444463992e+02 +2.444463992e+02 -3.3820e+00 -1.7605e+00 +1.5323e+00 +1.0951e+00 +7.9200e-01 +2.0237e-01 -4.7747e+00 +2.9651e+00 +1.0489e+00 -1.5523e+00
253 +1.561556877e+02 +1.561556877e+02 +1.716956877e+02 +1.716956877e+02 -2.3937e+00 -2.5421e+00 -5.7002e-01 +1.7078e+00 -6.2243e-01 -7.3669e-01 -1.8437e+00 +3.8394e+00 +1.6736e-01 -4.3509e+00
273 +6.874194725e+01 +6.874194725e+01 +8.428194725e+01 +8.428194725e+01 -3.1873e+00 +1.4350e+00 +2.2779e+00 +1.4337e+00 -5.0000e+00 -5.0000e+00 -7.7824e-01 +2.0450e+00 -1.5335e+00 -2.2126e+00
423 +4.622024369e+01 +4.622024369e+01 +6.176024369e+01 +6.176024369e+01 -2.3273e+00 -2.1383e+00 -7.0363e-02 +1.1572e+00 -3.3941e+00 -5.0000e+00 -8.2750e-01 +2.0244e+00 +3.1201e-01 -2.4581e+00
1125 +3.964777640e+01 +3.964777640e+01 +5.518777640e+01 +5.518777640e+01 -2.1999e+00 -2.7144e+00 -3.8803e-01 +6.2442e-01 -2.5411e+00 -5.0000e+00 +1.1701e-01 +1.6046e+00 +2.0214e-01 -1.2128e-01
1829 +2.188566176e+01 +2.188566176e+01 +3.742566176e+01 +3.742566176e+01 -2.2149e+00 -1.7499e+00 -2.7354e-01 +8.1131e-01 -3.1043e+00 -5.0000e+00 +1.2178e-01 +2.5749e+00 +1.4107e+00 -4.6875e-01
2313 +1.323258572e+01 +1.323258572e+01 +2.877258572e+01 +2.877258572e+01 -2.4208e+00 -2.0042e+00 +2.7586e-01 +1.0946e+00 -4.3536e+00 -5.0000e+00 -5.7692e-03 +2.8198e+00 +2.6230e+00 -1.3534e+00
2624 +8.733671854e+00 +8.733671854e+00 +2.427367185e+01 +2.427367185e+01 -2.9277e+00 -1.8170e+00 -3.5765e-01 +1.1276e+00 -4.4347e+00 -5.0000e+00 -4.0552e-02 +2.4659e+00 +2.5832e+00 -1.5874e+00
3224 +5.509794931e+00 +5.509794931e+00 +2.104979493e+01 +2.104979493e+01 -2.6126e+00 -1.6390e+00 -1.9709e-01 +1.4310e+00 -4.5413e+00 -5.0000e+00 -4.0037e-01 +2.9949e+00 +2.5555e+00 -1.6404e+00
4433 +3.823080938e+00 +3.823080938e+00 +1.936308094e+01 +1.936308094e+01 -2.3518e+00 -1.2014e+00 +4.6280e-01 +1.7649e+00 -4.5269e+00 -4.9957e+00 -9.3030e-01 +2.7250e+00 +2.3072e+00 -2.6109e+00
% function evaluation | noise-free fitness - Fopt (-3.765100000000e+02) | best noise-free fitness - Fopt | measured fitness | best measured fitness | x1 | x2...
1 +2.663117343e+03 +2.663117343e+03 +2.286607343e+03 +2.286607343e+03 +4.2622e+00 -3.9608e+00 -2.1238e+00 -1.4060e+00 +1.7837e+00 +4.4760e+00 +4.1994e+00 +2.0063e+00 -2.8270e+00 -4.2097e+00
2 +1.219475469e+03 +1.219475469e+03 +8.429654692e+02 +8.429654692e+02 +3.0484e+00 +3.0158e+00 +4.8831e+00 -4.9458e+00 +7.5289e-01 +4.6785e+00 +2.8273e+00 -1.5211e+00 +3.9897e+00 +3.5660e+00
4 +7.009972555e+02 +7.009972555e+02 +3.244872555e+02 +3.244872555e+02 +1.1336e+00 +3.7040e+00 -4.3013e+00 +4.8278e+00 -1.3086e+00 -8.1466e-01 +2.1863e+00 +1.9360e+00 +1.7402e+00 -2.5037e+00
6 +4.097369967e+02 +4.097369967e+02 +3.322699669e+01 +3.322699669e+01 -1.8479e+00 -3.4743e+00 +2.5941e+00 -1.0853e+00 -3.9698e-01 -1.2169e-01 -3.8170e-01 -1.2783e+00 +2.6278e+00 +4.3817e-01
31 +1.340293291e+02 +1.340293291e+02 -2.424806709e+02 -2.424806709e+02 -3.5790e+00 +4.8584e+00 +1.6129e+00 -9.4427e-01 +2.8303e+00 +8.1755e-01 +3.9843e-01 -3.2008e+00 -3.3299e+00 +1.9150e+00
292 +9.408109382e+01 +9.408109382e+01 -2.824289062e+02 -2.824289062e+02 +8.8157e-01 +2.4309e+00 +2.2071e+00 -1.7243e-01 +3.1292e+00 +1.4853e+00 +1.5880e+00 -5.0000e+00 +4.7339e+00 +6.3821e-01
324 +6.250695554e+01 +6.250695554e+01 -3.140030445e+02 -3.140030445e+02 -1.1535e+00 +8.9041e-01 -1.8376e+00 +1.1946e+00 +3.4319e+00 +1.0790e+00 +5.0000e+00 -5.9610e-01 +8.3823e-01 +8.2244e-01
1209 +3.450829974e+01 +3.450829974e+01 -3.420017003e+02 -3.420017003e+02 -2.8024e-01 +4.7921e+00 +0.0000e+00 +1.7520e+00 +2.8653e+00 +1.5095e+00 +2.9621e+00 -3.6283e+00 +1.3777e+00 +3.3597e-01
1795 +2.372442399e+01 +2.372442399e+01 -3.527855760e+02 -3.527855760e+02 -2.1036e+00 +2.9804e+00 +1.7096e+00 +2.1678e+00 +8.2778e-01 -4.8214e-01 +2.5542e+00 -5.0000e+00 +1.4507e+00 -2.0105e+00
2360 +1.486083949e+01 +1.486083949e+01 -3.616491605e+02 -3.616491605e+02 -2.0786e+00 +2.2835e+00 +1.5686e+00 +1.9140e-02 +1.0906e+00 +5.5221e-01 +1.8905e+00 -5.0000e+00 +1.0971e+00 -6.4476e-01
2880 +9.226455233e+00 +9.226455233e+00 -3.672835448e+02 -3.672835448e+02 -2.0324e+00 +2.7785e+00 +2.1968e+00 +5.1289e-01 +1.8222e+00 +6.0570e-01 +2.0012e+00 -4.9891e+00 +8.5151e-01 -4.4572e-01
3163 +6.207926677e+00 +6.207926677e+00 -3.703020733e+02 -3.703020733e+02 -2.5834e+00 +2.8719e+00 +2.4837e+00 +6.1878e-01 +1.2444e+00 -8.3505e-01 +2.0202e+00 -4.9124e+00 +9.7927e-01 -5.8435e-01
4219 +3.630535716e+00 +3.630535716e+00 -3.728794643e+02 -3.728794643e+02 -2.4455e+00 +2.5125e+00 +1.9352e+00 +1.2163e+00 +1.7793e+00 -3.2804e-01 +2.0685e+00 -4.8964e+00 +2.7889e-01 -7.7392e-01
% function evaluation | noise-free fitness - Fopt (3.960400000000e+02) | best noise-free fitness - Fopt | measured fitness | best measured fitness | x1 | x2...
1 +7.535884180e+02 +7.535884180e+02 +1.149628418e+03 +1.149628418e+03 +3.0662e+00 +4.2612e-02 +1.8586e+00 +2.2616e+00 +2.4122e+00 -5.5980e-01 -7.9494e-01 -1.7681e+00 -2.5829e+00 +1.4994e+00
16 +5.435820926e+02 +5.435820926e+02 +9.396220926e+02 +9.396220926e+02 -3.9969e+00 +3.4525e-01 +4.4327e+00 +1.1350e+00 +4.5293e+00 +9.7462e-01 +3.4169e+00 -1.2766e+00 -1.0235e+00 +3.7586e+00
39 +1.266526189e+02 +1.266526189e+02 +5.226926189e+02 +5.226926189e+02 +2.4129e+00 -4.3534e+00 -1.6846e+00 +4.1734e+00 +2.7501e+00 +3.7177e+00 -5.7138e-01 +3.9984e+00 +1.2576e+00 +7.8855e-01
513 +9.621134884e+01 +9.621134884e+01 +4.922513488e+02 +4.922513488e+02 +1.7605e+00 -3.2288e+00 -2.4564e+00 +4.1912e+00 +2.6087e+00 +5.0000e+00 -9.9208e-01 -3.2161e-01 +2.6333e-01 +2.2390e+00
1217 +5.295788535e+01 +5.295788535e+01 +4.489978854e+02 +4.489978854e+02 +2.4680e+00 -5.0000e+00 -3.4070e+00 +3.1747e+00 +5.4727e-01 +4.8521e+00 -5.0000e+00 +3.8388e+00 -2.6853e-01 +1.8980e+00
1275 +3.468698172e+01 +3.468698172e+01 +4.307269817e+02 +4.307269817e+02 +1.3269e+00 -3.3074e+00 -3.5669e+00 +3.6555e+00 -9.4436e-02 +4.8736e+00 -1.8379e+00 +3.1730e+00 +5.6081e-01 +2.8488e-01
1439 +2.459734030e+01 +2.459734030e+01 +4.206373403e+02 +4.206373403e+02 +7.7328e-01 -4.9832e+00 -3.5898e+00 +3.8242e+00 -2.1147e+00 +3.7083e+00 -3.7579e+00 +2.7591e+00 +7.5595e-01 +2.1539e+00
2624 +1.511899572e+01 +1.511899572e+01 +4.111589957e+02 +4.111589957e+02 +1.3630e-01 -3.6938e+00 -2.7004e+00 +3.1292e+00 -2.5593e+00 +3.3377e+00 -5.0000e+00 +4.3102e+00 +1.9656e+00 +2.3067e-01
2935 +9.282005430e+00 +9.282005430e+00 +4.053220054e+02 +4.053220054e+02 -3.8222e-01 -3.6448e+00 -2.3748e+00 +3.1476e+00 -2.5011e+00 +2.9649e+00 -4.7928e+00 +4.3100e+00 +1.7318e+00 +3.5821e-01
3048 +5.412800889e+00 +5.412800889e+00 +4.014528009e+02 +4.014528009e+02 -1.1596e+00 -3.6385e+00 -2.6092e+00 +2.8582e+00 -2.5617e+00 +3.7072e+00 -4.9893e+00 +4.6137e+00 +1.6269e+00 +1.2506e+00
4029 +3.635734907e+00 +3.635734907e+00 +3.996757349e+02 +3.996757349e+02 -1.6630e+00 -3.6329e+00 -2.4500e+00 +2.9841e+00 -2.9466e+00 +3.5660e+00 -5.0000e+00 +4.5149e+00 +1.8688e+00 +1.4256e+00
% function evaluation | noise-free fitness - Fopt (1.281100000000e+02) | best noise-free fitness - Fopt | measured fitness | best measured fitness | x1 | x2...
1 +5.749384620e+02 +5.749384620e+02 +7.030484620e+02 +7.030484620e+02 -3.2476e+00 +2.0187e+00 +3.5222e+00 -1.4735e+00 +4.7644e-01 +2.6093e+00 -2.2396e+00 -4.0834e+00 -1.7100e+00 -1.0805e+00
3 +3.675854351e+02 +3.675854351e+02 +4.956954351e+02 +4.956954351e+02 +4.8645e+00 -3.9226e+00 -4.8476e+00 -4.8738e+00 +9.4136e-01 +2.1203e+00 -2.1701e-01 +1.9346e+00 -4.3644e+00 +4.0279e+00
52 +2.288920464e+02 +2.288920464e+02 +3.570020464e+02 +3.570020464e+02 -3.5273e+00 -3.6276e+00 +2.0021e-01 -1.6515e+00 -2.1091e+00 +4.5145e+00 -1.6149e+00 -5.9102e-01 -1.8752e-01 -4.9185e-01
126 +1.029530231e+02 +1.029530231e+02 +2.310630231e+02 +2.310630231e+02 -4.5687e+00 +9.7635e-02 -2.0333e+00 +3.6743e+00 -9.4512e-01 +3.5447e+00 -2.3338e+00 -2.2231e+00 +1.5309e+00 +2.2849e+00
357 +9.889069913e+01 +9.889069913e+01 +2.270006991e+02 +2.270006991e+02 -2.2654e+00 +8.0743e-01 -2.5996e+00 +5.0000e+00 +6.9715e-01 +8.6064e-01 -3.3240e+00 -5.0000e+00 -4.3519e+00 +2.3481e+00
450 +6.057290103e+01 +6.057290103e+01 +1.886829010e+02 +1.886829010e+02 -1.7724e+00 +8.3654e-01 -2.2664e+00 +2.6550e+00 +2.7142e+00 +0.0000e+00 -1.3173e+00 -2.9748e+00 -3.4109e+00 +1.6193e+00
662 +3.319223664e+01 +3.319223664e+01 +1.613022366e+02 +1.613022366e+02 -4.4050e+00 +1.8025e+00 -1.9966e+00 +3.9304e+00 +4.1669e+00 -1.6841e+00 -2.4874e+00 -3.2743e+00 -3.9177e+00 +3.6962e+00
853 +2.370245012e+01 +2.370245012e+01 +1.518124501e+02 +1.518124501e+02 -8.2815e-01 +2.3861e+00 -2.2848e+00 +2.4952e+00 +1.5424e+00 +2.1575e-02 -2.7088e+00 -2.7047e+00 -2.8252e+00 +3.6308e+00
1639 +1.399770156e+01 +1.399770156e+01 +1.421077016e+02 +1.421077016e+02 -1.7667e+00 +0.0000e+00 -2.3493e+00 +2.4897e+00 +3.1076e+00 +2.6671e-01 -1.9598e+00 -2.4604e+00 -1.8165e+00 +2.7109e+00
1844 +8.168975144e+00 +8.168975144e+00 +1.362789751e+02 +1.362789751e+02 -2.9453e+00 -5.9464e-02 -1.2010e+00 +1.4461e+00 +2.5566e+00 +2.4140e-01 -1.7161e+00 -2.2075e+00 -2.1435e+00 +2.7394e+00
2642 +5.766309657e+00 +5.766309657e+00 +1.338763097e+02 +1.338763097e+02 -3.2142e+00 -3.9547e-01 -1.2261e+00 +2.0613e+00 +2.8408e+00 +3.4585e-01 -1.7728e+00 -2.0647e+00 -1.5480e+00 +2.6633e+00
3215 +3.798641397e+00 +3.798641397e+00 +1.319086414e+02 +1.319086414e+02 -3.4305e+00 +7.0605e-01 -1.4821e+00 +2.2561e+00 +2.3550e+00 +4.7212e-01 -2.4665e+00 -2.6839e+00 -1.6011e+00 +2.9541e+00
3861 +1.952747520e+00 +1.952747520e+00 +1.300627475e+02 +1.300627475e+02 -2.1087e+00 +5.4305e-01 -2.6776e+00 +1.8759e+00 +2.1169e+00 +1.1332e+00 -2.6356e+00 -2.1964e+00 -1.7988e+00 +2.9239e+00
4425 +1.530028458e+00 +1.530028458e+00 +1.296400285e+02 +1.296400285e+02 -2.2125e+00 +2.4505e-01 -2.5828e+00 +2.1053e+00 +2.2653e+00 +1.1353e+00 -2.4006e+00 -2.4153e+00 -1.8058e+00 +2.8727e+00
% function evaluation | noise-free fitness - Fopt (-2.923500000000e+02) | best noise-free fitness - Fopt | measured fitness | best measured fitness | x1 | x2...
1 +1.442539824e+03 +1.442539824e+03 +1.150189824e+03 +1.150189824e+03 -2.2557e-01 -5.2949e-01 -3.3707e+00 +2.1564e+00 +4.5540e+00 +3.4832e+00 -4.4088e+00 -1.6419e+00 +8.6011e-01 +2.3694e+00
4 +4.225028389e+02 +4.225028389e+02 +1.301528389e+02 +1.301528389e+02 -1.3824e+00 -5.6950e-01 +8.1020e-01 -3.6801e+00 +2.2059e+00 +4.8306e-01 -4.7317e-01 +2.5591e+00 +3.1680e-01 -4.0623e+00
17 +3.658188069e+02 +3.658188069e+02 +7.346880689e+01 +7.346880689e+01 -3.8034e-01 -4.1347e+00 +5.2220e-01 +6.8707e-01 +4.5199e+00 -2.5598e+00 +3.1601e+00 -8.6277e-01 -4.6654e+00 +1.4926e+00
50 +1.146362113e+02 +1.146362113e+02 -1.777137887e+02 -1.777137887e+02 -4.6950e+00 -2.0908e+00 +2.3085e+00 +8.5388e-01 +1.6022e+00 -2.7820e+00 +4.6209e+00 +2.1530e-01 -1.8645e+00 +4.2202e-01
153 +7.962806707e+01 +7.962806707e+01 -2.127219329e+02 -2.127219329e+02 -2.8269e+00 -3.6049e+00 -2.2611e+00 +3.7755e+00 -7.2906e-01 -1.9447e+00 +1.5132e+00 -2.7793e+00 -2.4272e+00 -3.2503e+00
579 +5.210918783e+01 +5.210918783e+01 -2.402408122e+02 -2.402408122e+02 -4.4469e+00 -2.4491e+00 +1.6208e+00 +1.2756e+00 -3.4554e+00 +1.2659e+00 +1.1215e+00 -3.2703e+00 +6.3455e-01 -4.7247e+00
1120 +3.013304333e+01 +3.013304333e+01 -2.622169567e+02 -2.622169567e+02 -3.8306e+00 -2.3892e+00 -4.1510e-01 +2.1328e+00 -8.7003e-01 +7.1053e-01 -1.1664e+00 -2.7790e+00 +2.2474e-03 -3.4761e+00
1564 +2.143111130e+01 +2.143111130e+01 -2.709188887e+02 -2.709188887e+02 -2.2821e+00 -2.2408e+00 +1.8989e+00 +1.4553e+00 -1.4601e+00 +8.9444e-02 -2.3756e+00 -2.1913e+00 +3.9617e-01 -3.8912e+00
2080 +1.491335953e+01 +1.491335953e+01 -2.774366405e+02 -2.774366405e+02 -2.1932e+00 -3.4102e+00 +1.7128e-01 +1.7469e+00 -9.5031e-01 +6.9468e-01 -1.2572e+00 -2.4100e+00 +4.5131e-01 -3.9383e+00
2808 +7.905445169e+00 +7.905445169e+00 -2.844445548e+02 -2.844445548e+02 -2.4727e+00 -2.7302e+00 +1.6785e+00 +1.5774e+00 -3.4192e-01 +1.1780e+00 -2.8145e+00 -2.4070e+00 +6.9810e-01 -3.0470e+00
3114 +3.725311364e+00 +3.725311364e+00 -2.886246886e+02 -2.886246886e+02 -2.3300e+00 -3.0804e+00 +1.6482e+00 +2.1498e+00 +5.9656e-02 +1.1772e+00 -3.6878e+00 -2.4548e+00 +1.9491e-01 -3.5603e+00
3887 +2.385428276e+00 +2.385428276e+00 -2.899645717e+02 -2.899645717e+02 -2.3330e+00 -3.0873e+00 +1.7273e+00 +2.1440e+00 +2.4230e-01 +1.1566e+00 -3.6545e+00 -2.2307e+00 -1.6849e-01 -4.1013e+00
4306 +1.559005641e+00 +1.559005641e+00 -2.907909944e+02 -2.907909944e+02 -2.3270e+00 -3.1464e+00 +1.8466e+00 +2.2786e+00 +7.3976e-01 +1.1643e+00 -3.3567e+00 -1.9519e+00 -1.7997e-01 -3.8181e+00
% function evaluation | noise-free fitness - Fopt (3.110100000000e+02) | best noise-free fitness - Fopt | measured fitness | best measured fitness | x1 | x2...
1 +1.017692157e+03 +1.017692157e+03 +1.328702157e+03 +1.328702157e+03 -4.9346e+00 -1.0534e+00 -3.3437e+00 -3.5049e+00 +3.5848e+00 +4.2842e+00 -4.4064e+00 -1.6611e+00 +4.6634e+00 -1.7368e+00
7 +6.824964131e+02 +6.824964131e+02 +9.935064131e+02 +9.935064131e+02 -2.3021e+00 -2.6413e+00 -2.4546e+00 +2.1945e+00 +1.2467e+00 +2.2275e+00 -4.1399e+00 +4.6446e+00 +2.7017e+00 +3.7955e+00
8 +4.594330742e+02 +4.594330742e+02 +7.704430742e+02 +7.704430742e+02 -4.2630e+00 -9.3157e-01 -2.4865e+00 +2.6761e+00 +6.2713e-01 -2.1794e+00 +3.4729e+00 +2.8967e+00 -1.8735e+00 -3.9856e+00
11 +3.836958457e+02 +3.836958457e+02 +6.947058457e+02 +6.947058457e+02 -1.4652e+00 -1.0597e+00 -4.9901e+00 -1.5787e+00 +4.3456e+00 +3.0112e+00 +2.1359e+00 +1.8667e+00 -4.6130e+00 +4.3372e+00
119 +2.162511353e+02 +2.162511353e+02 +5.272611353e+02 +5.272611353e+02 -1.6965e-01 -3.3996e+00 -2.9037e+00 +4.7165e+00 +2.6655e+00 -8.2561e-01 +2.7913e+00 +1.8402e+00 +4.0560e+00 -3.9273e+00
188 +1.541898150e+02 +1.541898150e+02 +4.651998150e+02 +4.651998150e+02 -1.4545e+00 -3.2027e+00 -2.4197e+00 -1.1799e+00 +8.9915e-01 +8.8530e-01 +3.5027e+00 +2.8101e+00 -2.2563e-01 +2.8941e+00
661 +9.309767128e+01 +9.309767128e+01 +4.041076713e+02 +4.041076713e+02 -9.0995e-02 -4.6995e+00 -1.0814e-01 +5.0000e+00 +3.3172e+00 -5.0000e+00 +4.9784e+00 +1.6841e+00 +1.6474e+00 -3.5161e+00
722 +4.747889528e+01 +4.747889528e+01 +3.584888953e+02 +3.584888953e+02 +1.7460e+00 -3.9055e+00 +0.0000e+00 +1.5028e+00 +5.0000e+00 -3.1189e+00 +3.1533e+00 +2.2630e+00 +9.8182e-01 +0.0000e+00
1175 +2.750515871e+01 +2.750515871e+01 +3.385151587e+02 +3.385151587e+02 -7.7586e-01 -4.8511e+00 +1.4648e-02 +4.2087e-01 +5.0000e+00 -2.8149e+00 +1.9875e+00 +2.4722e+00 +6.4706e-01 -1.9407e+00
1535 +1.753852415e+01 +1.753852415e+01 +3.285485242e+02 +3.285485242e+02 -1.4437e+00 -4.6531e+00 -1.4091e+00 -5.6189e-01 +5.0000e+00 +1.2712e+00 +3.7329e+00 +3.4237e+00 +9.9779e-01 -1.3255e+00
1706 +1.461388381e+01 +1.461388381e+01 +3.256238838e+02 +3.256238838e+02 -2.6218e+00 -4.6860e+00 -1.5338e+00 -8.8168e-01 +4.0197e+00 +1.2250e+00 +2.5711e+00 +3.2008e+00 +1.8103e-01 -1.4474e+00
2038 +8.797070826e+00 +8.797070826e+00 +3.198070708e+02 +3.198070708e+02 -3.4296e+00 -4.8469e+00 -1.2037e+00 -9.0302e-01 +4.5743e+00 +7.7496e-01 +1.8783e+00 +3.7465e+00 -6.5657e-02 -1.5688e+00
2654 +6.270881436e+00 +6.270881436e+00 +3.172808814e+02 +3.172808814e+02 -3.4789e+00 -4.4505e+00 -1.1765e+00 -1.0872e-01 +4.0057e+00 +3.3037e-01 +1.0063e+00 +3.4724e+00 -1.1083e+00 -2.1382e+00
2857 +3.245700832e+00 +3.245700832e+00 +3.142557008e+02 +3.142557008e+02 -2.7473e+00 -4.7098e+00 -8.8469e-01 -4.0442e-01 +4.5490e+00 -3.7988e-01 +1.1914e+00 +2.8035e+00 -3.3836e-01 -1.6507e+00
% function evaluation | noise-free fitness - Fopt (-8.051800000000e+02) | best noise-free fitness - Fopt | measured fitness | best measured fitness | x1 | x2...
1 +2.476966453e+03 +2.476966453e+03 +1.671786453e+03 +1.671786453e+03 -3.5466e+00 +2.2942e+00 -1.8383e+00 +2.5287e+00 -4.8518e+00 -1.1947e-01 +3.1382e+00 +4.9428e+00 -1.1342e-01 -4.5344e+00
2 +6.745614281e+02 +6.745614281e+02 -1.306185719e+02 -1.306185719e+02 +2.9376e+00 -1.3690e+00 +2.3935e+00 -1.0481e+00 +2.7598e+00 -1.7432e+00 -3.8733e+00 -3.1914e+00 -3.1393e+00 -2.9262e+00
5 +4.723742967e+02 +4.723742967e+02 -3.328057033e+02 -3.328057033e+02 -1.0587e+00 -2.6346e+00 -1.7223e-01 -1.6797e+00 -3.2680e+00 -2.7052e+00 -2.1014e+00 +4.4381e+00 +4.3374e+00 -3.2795e+00
12 +2.453769605e+02 +2.453769605e+02 -5.598030395e+02 -5.598030395e+02 +3.1353e+00 +3.2097e+00 +4.9749e-01 +4.2699e+00 +2.7848e+00 +4.6592e-01 -3.1537e+00 -5.6010e-01 +2.4842e+00 +1.1427e+00
163 +8.781881071e+01 +8.781881071e+01 -7.173611893e+02 -7.173611893e+02 +3.4016e+00 -3.8087e+00 -8.6201e-01 +4.9784e-01 +2.3964e+00 -2.4212e+00 -5.6856e-01 -3.3242e+00 +2.6945e+00 +1.8245e+00
473 +5.740919040e+01 +5.740919040e+01 -7.477708096e+02 -7.477708096e+02 +5.0000e+00 -4.2618e+00 +3.5275e-01 -4.5934e-01 +2.3041e+00 -1.0601e+00 +5.1416e-01 -2.2109e+00 +2.5371e+00 +5.0000e+00
542 +3.739516555e+01 +3.739516555e+01 -7.677848344e+02 -7.677848344e+02 +4.3050e+00 -2.3663e+00 -1.6321e+00 +0.0000e+00 +4.6783e+00 -4.3340e+00 -7.2602e-01 +2.4895e-01 +1.8874e+00 +4.5943e+00
1373 +2.342634032e+01 +2.342634032e+01 -7.817536597e+02 -7.817536597e+02 +3.0225e+00 -3.5108e+00 -1.5545e-01 +1.1957e+00 +3.3257e+00 -2.2624e+00 -1.4086e+00 -8.2829e-01 +1.4278e+00 +3.9470e+00
1631 +1.277387198e+01 +1.277387198e+01 -7.924061280e+02 -7.924061280e+02 +4.5794e+00 -2.8524e+00 -6.6895e-01 +1.3783e+00 +3.3011e+00 -1.2735e+00 -7.8055e-01 -7.5735e-01 +1.3936e+00 +3.8967e+00
1936 +9.012405761e+00 +9.012405761e+00 -7.961675942e+02 -7.961675942e+02 +3.1552e+00 -3.5541e+00 -6.5011e-01 +1.0256e+00 +2.9423e+00 -1.2302e+00 -8.9278e-01 -4.7484e-01 +1.4483e+00 +4.0351e+00
2361 +5.773965450e+00 +5.773965450e+00 -7.994060346e+02 -7.994060346e+02 +2.9569e+00 -3.0557e+00 -5.4098e-01 +1.6930e-01 +3.6864e+00 -1.4365e+00 -4.6769e-01 -3.5845e-01 +1.3951e+00 +3.5405e+00
3224 +3.712846218e+00 +3.712846218e+00 -8.014671538e+02 -8.014671538e+02 +2.8052e+00 -3.6498e+00 -3.7462e-01 -1.2256e-01 +3.3220e+00 -1.2644e+00 -5.1571e-01 -3.8283e-01 +1.1478e+00 +3.6980e+00
3640 +2.101893558e+00 +2.101893558e+00 -8.030781064e+02 -8.030781064e+02 +2.9582e+00 -3.4807e+00 -3.3414e-01 +8.4319e-02 +3.3339e+00 -1.6403e+00 -6.8715e-01 -2.2864e-01 +1.3854e+00 +3.2642e+00
3847 +1.273872752e+00 +1.273872752e+00 -8.039061272e+02 -8.039061272e+02 +3.5199e+00 -3.5487e+00 -1.7390e-01 +2.4704e-01 +3.3636e+00 -1.4264e+00 -6.7546e-01 -2.2066e-01 +1.3893e+00 +3.1838e+00
