% function evaluation | noise-free fitness - Fopt (9.294000000000e+01) | best noise-free fitness - Fopt | measured fitness | best measured fitness | x1 | x2...
1 +6.105785440e+02 +6.105785440e+02 +7.035185440e+02 +7.035185440e+02 +1.4359e+00 +4.4836e+00
2 +6.876964882e+01 +6.876964882e+01 +1.617096488e+02 +1.617096488e+02 -2.0170e+00 +4.8336e+00
4 +4.339021596e+01 +4.339021596e+01 +1.363302160e+02 +1.363302160e+02 +2.3445e+00 -9.4798e-01
6 +7.766467311e+00 +7.766467311e+00 +1.007064673e+02 +1.007064673e+02 -3.9455e+00 +4.5691e+00
17 +1.683498053e+00 +1.683498053e+00 +9.462349805e+01 +9.462349805e+01 +1.3731e+00 -8.7891e-01
120 +6.009155901e-01 +6.009155901e-01 +9.354091559e+01 +9.354091559e+01 +6.1727e-01 -3.1790e-01
923 +6.444399098e-02 +6.444399098e-02 +9.300444399e+01 +9.300444399e+01 -2.5777e-01 +8.3487e-01
1098 +4.518719924e-02 +4.518719924e-02 +9.298518720e+01 +9.298518720e+01 +5.3927e-02 +4.0706e-01
1534 +3.655600902e-02 +3.655600902e-02 +9.297655601e+01 +9.297655601e+01 -2.6531e-01 +7.5436e-01
1666 +6.009155901e-03 +6.009155901e-03 +9.294600916e+01 +9.294600916e+01 -1.6691e-01 +6.2250e-01
3201 +7.802118773e-08 +7.802118773e-08 +9.294000008e+01 +9.294000008e+01 -2.3425e-01 +7.2450e-01
3556 +9.263004586e-09 +9.263004586e-09 +9.294000001e+01 +9.294000001e+01 -2.3199e-01 +7.3266e-01
3879 +4.988109481e-09 +4.988109481e-09 +9.294000000e+01 +9.294000000e+01 -2.1876e-01 +7.3798e-01
4609 +3.060321774e-09 +3.060321774e-09 +9.294000000e+01 +9.294000000e+01 -2.2317e-01 +7.3722e-01
4720 +3.670379556e-10 +3.670379556e-10 +9.294000000e+01 +9.294000000e+01 -2.2304e-01 +7.3698e-01
% function evaluation | noise-free fitness - Fopt (3.535000000000e+01) | best noise-free fitness - Fopt | measured fitness | best measured fitness | x1 | x2...
1 +1.834199468e+02 +1.834199468e+02 +2.187699468e+02 +2.187699468e+02 +3.3676e+00 -1.7270e+00
2 +1.980115564e+01 +1.980115564e+01 +5.515115564e+01 +5.515115564e+01 -1.4533e+00 -1.4988e-01
5 +1.504826389e+01 +1.504826389e+01 +5.039826389e+01 +5.039826389e+01 +4.5312e+00 +3.3599e+00
17 +2.642512041e+00 +2.642512041e+00 +3.799251204e+01 +3.799251204e+01 +2.5567e+00 +3.0463e+00
82 +2.672123622e-01 +2.672123622e-01 +3.561721236e+01 +3.561721236e+01 +1.4416e+00 +1.0498e+00
111 +1.504826389e-01 +1.504826389e-01 +3.550048264e+01 +3.550048264e+01 +1.9088e+00 +1.6916e+00
1226 +9.716390508e-02 +9.716390508e-02 +3.544716391e+01 +3.544716391e+01 +1.7314e+00 +1.6198e+00
1408 +2.642512041e-02 +2.642512041e-02 +3.537642512e+01 +3.537642512e+01 +1.6928e+00 +1.3357e+00
1817 +1.534437970e-02 +1.534437970e-02 +3.536534438e+01 +3.536534438e+01 +1.7012e+00 +1.4404e+00
2190 +4.392999173e-07 +4.392999173e-07 +3.535000044e+01 +3.535000044e+01 +1.7780e+00 +1.4448e+00
2479 +1.260983495e-07 +1.260983495e-07 +3.535000013e+01 +3.535000013e+01 +1.7524e+00 +1.4958e+00
3212 +7.819022585e-08 +7.819022585e-08 +3.535000008e+01 +3.535000008e+01 +1.7737e+00 +1.4814e+00
3456 +4.328552450e-08 +4.328552450e-08 +3.535000004e+01 +3.535000004e+01 +1.7725e+00 +1.4939e+00
3471 +1.112418602e-09 +1.112418602e-09 +3.535000000e+01 +3.535000000e+01 +1.7654e+00 +1.4868e+00
4610 +4.764757477e-10 +4.764757477e-10 +3.535000000e+01 +3.535000000e+01 +1.7573e+00 +1.4841e+00
4987 +2.632276619e-10 +2.632276619e-10 +3.535000000e+01 +3.535000000e+01 +1.7575e+00 +1.4842e+00
% function evaluation | noise-free fitness - Fopt (3.820000000000e+00) | best noise-free fitness - Fopt | measured fitness | best measured fitness | x1 | x2...
1 +5.273163207e+03 +5.273163207e+03 +5.276983207e+03 +5.276983207e+03 -4.0842e+00 +1.0750e+00
2 +3.166389227e+03 +3.166389227e+03 +3.170209227e+03 +3.170209227e+03 -2.0082e+00 +3.2632e+00
9 +2.009439336e+03 +2.009439336e+03 +2.013259336e+03 +2.013259336e+03 -1.8229e+00 -2.6111e+00
10 +1.258825307e+02 +1.258825307e+02 +1.297025307e+02 +1.297025307e+02 +1.5193e+00 -4.6726e+00
25 +1.124736636e+01 +1.124736636e+01 +1.506736636e+01 +1.506736636e+01 +2.5888e+00 -4.6491e+00
32 +7.987036030e+00 +7.987036030e+00 +1.180703603e+01 +1.180703603e+01 +3.2330e+00 -8.7729e-01
76 +5.122905424e-03 +5.122905424e-03 +3.825122905e+00 +3.825122905e+00 +3.9546e+00 +9.6969e-01
1883 +1.839464421e-07 +1.839464421e-07 +3.820000184e+00 +3.820000184e+00 +4.0034e+00 +1.1590e+00
2283 +7.196123786e-08 +7.196123786e-08 +3.820000072e+00 +3.820000072e+00 +4.0018e+00 +1.1846e+00
2593 +5.794601732e-08 +5.794601732e-08 +3.820000058e+00 +3.820000058e+00 +3.9840e+00 +1.1837e+00
3030 +2.595778570e-08 +2.595778570e-08 +3.820000026e+00 +3.820000026e+00 +3.9843e+00 +1.1753e+00
3472 +2.325716153e-08 +2.325716153e-08 +3.820000023e+00 +3.820000023e+00 +3.9879e+00 +1.1801e+00
3517 +3.554439854e-09 +3.554439854e-09 +3.820000004e+00 +3.820000004e+00 +4.0107e+00 +1.1775e+00
3829 +2.221578921e-09 +2.221578921e-09 +3.820000002e+00 +3.820000002e+00 +3.9896e+00 +1.1775e+00
4029 +9.214677910e-10 +9.214677910e-10 +3.820000001e+00 +3.820000001e+00 +3.9907e+00 +1.1778e+00
4199 +1.949489459e-10 +1.949489459e-10 +3.820000000e+00 +3.820000000e+00 +3.9825e+00 +1.1779e+00
4993 +6.972866728e-11 +6.972866728e-11 +3.820000000e+00 +3.820000000e+00 +3.9826e+00 +1.1779e+00
% function evaluation | noise-free fitness - Fopt (2.175000000000e+01) | best noise-free fitness - Fopt | measured fitness | best measured fitness | x1 | x2...
1 +5.304988330e+02 +5.304988330e+02 +5.522488330e+02 +5.522488330e+02 -2.0477e-01 -2.2517e+00
2 +2.119725902e+02 +2.119725902e+02 +2.337225902e+02 +2.337225902e+02 -7.0680e-01 +7.4069e-01
4 +8.420776635e+01 +8.420776635e+01 +1.059577664e+02 +1.059577664e+02 -2.7754e+00 +4.3460e+00
9 +7.629821235e-01 +7.629821235e-01 +2.251298212e+01 +2.251298212e+01 +2.7950e+00 +1.6813e+00
678 +1.171918942e-01 +1.171918942e-01 +2.186719189e+01 +2.186719189e+01 +3.4644e+00 +1.2743e+00
760 +7.629821235e-03 +7.629821235e-03 +2.175762982e+01 +2.175762982e+01 +3.8596e+00 +8.2021e-01
2237 +3.453645938e-07 +3.453645938e-07 +2.175000035e+01 +2.175000035e+01 +3.7768e+00 +8.5679e-01
2716 +1.600085255e-07 +1.600085255e-07 +2.175000016e+01 +2.175000016e+01 +3.7720e+00 +9.0751e-01
3043 +1.090699797e-08 +1.090699797e-08 +2.175000001e+01 +2.175000001e+01 +3.7694e+00 +8.8941e-01
3540 +8.800629558e-09 +8.800629558e-09 +2.175000001e+01 +2.175000001e+01 +3.7629e+00 +8.8817e-01
3868 +1.300847430e-09 +1.300847430e-09 +2.175000000e+01 +2.175000000e+01 +3.7727e+00 +8.9141e-01
4068 +7.954525927e-10 +7.954525927e-10 +2.175000000e+01 +2.175000000e+01 +3.7750e+00 +8.9170e-01
4319 +1.687787687e-10 +1.687787687e-10 +2.175000000e+01 +2.175000000e+01 +3.7764e+00 +8.9211e-01
4340 +7.250733347e-11 +7.250733347e-11 +2.175000000e+01 +2.175000000e+01 +3.7710e+00 +8.9089e-01
4868 +1.277200568e-11 +1.277200568e-11 +2.175000000e+01 +2.175000000e+01 +3.7740e+00 +8.9155e-01
% function evaluation | noise-free fitness - Fopt (6.479000000000e+01) | best noise-free fitness - Fopt | measured fitness | best measured fitness | x1 | x2...
1 +2.061730688e+03 +2.061730688e+03 +2.126520688e+03 +2.126520688e+03 -9.0687e-01 +4.9169e+00
2 +1.605039404e+01 +1.605039404e+01 +8.084039404e+01 +8.084039404e+01 -1.0158e+00 -3.7731e+00
11 +5.673389869e+00 +5.673389869e+00 +7.046338987e+01 +7.046338987e+01 -3.9967e+00 +7.6992e-01
14 +1.008602643e-01 +1.008602643e-01 +6.489086026e+01 +6.489086026e+01 -1.5789e+00 -2.4493e+00
801 +6.557620569e-02 +6.557620569e-02 +6.485557621e+01 +6.485557621e+01 -1.5328e+00 -2.4688e+00
1364 +1.614125784e-02 +1.614125784e-02 +6.480614126e+01 +6.480614126e+01 -1.6283e+00 -2.3389e+00
2656 +1.575611464e-08 +1.575611464e-08 +6.479000002e+01 +6.479000002e+01 -1.8561e+00 -2.1000e+00
3601 +8.389633877e-09 +8.389633877e-09 +6.479000001e+01 +6.479000001e+01 -1.8590e+00 -2.1027e+00
3755 +5.757215149e-09 +5.757215149e-09 +6.479000001e+01 +6.479000001e+01 -1.8532e+00 -2.0945e+00
4090 +3.196859666e-09 +3.196859666e-09 +6.479000000e+01 +6.479000000e+01 -1.8558e+00 -2.0965e+00
4201 +1.709324238e-09 +1.709324238e-09 +6.479000000e+01 +6.479000000e+01 -1.8582e+00 -2.1006e+00
4779 +3.594067266e-10 +3.594067266e-10 +6.479000000e+01 +6.479000000e+01 -1.8569e+00 -2.0985e+00
% function evaluation | noise-free fitness - Fopt (5.407000000000e+01) | best noise-free fitness - Fopt | measured fitness | best measured fitness | x1 | x2...
1 +4.080492152e+02 +4.080492152e+02 +4.621192152e+02 +4.621192152e+02 -2.7727e-01 -3.6001e-01
2 +2.347979962e+02 +2.347979962e+02 +2.888679962e+02 +2.888679962e+02 +3.5257e+00 -4.9625e+00
7 +1.295186893e+02 +1.295186893e+02 +1.835886893e+02 +1.835886893e+02 +3.5562e+00 -3.8012e+00
8 +4.785796557e+01 +4.785796557e+01 +1.019279656e+02 +1.019279656e+02 +2.0659e+00 -3.9058e+00
10 +7.598916399e+00 +7.598916399e+00 +6.166891640e+01 +6.166891640e+01 +4.6212e+00 -1.1353e+00
31 +4.749322750e-01 +4.749322750e-01 +5.454493227e+01 +5.454493227e+01 -9.2998e-02 -3.9526e+00
188 +9.475229336e-02 +9.475229336e-02 +5.416475229e+01 +5.416475229e+01 +1.1073e+00 -3.2130e+00
867 +2.524499764e-02 +2.524499764e-02 +5.409524500e+01 +5.409524500e+01 +8.5008e-01 -3.3516e+00
1451 +2.107319006e-02 +2.107319006e-02 +5.409107319e+01 +5.409107319e+01 +7.1924e-01 -3.4699e+00
1919 +4.749322750e-03 +4.749322750e-03 +5.407474932e+01 +5.407474932e+01 +8.9257e-01 -3.3754e+00
2718 +2.069456713e-07 +2.069456713e-07 +5.407000021e+01 +5.407000021e+01 +9.2623e-01 -3.3637e+00
2818 +6.319782386e-08 +6.319782386e-08 +5.407000006e+01 +5.407000006e+01 +9.4646e-01 -3.3632e+00
3118 +5.597560460e-08 +5.597560460e-08 +5.407000006e+01 +5.407000006e+01 +9.4386e-01 -3.3597e+00
3384 +2.314686753e-08 +2.314686753e-08 +5.407000002e+01 +5.407000002e+01 +9.5209e-01 -3.3566e+00
3856 +6.025189236e-10 +6.025189236e-10 +5.407000000e+01 +5.407000000e+01 +9.3684e-01 -3.3451e+00
4456 +2.019433509e-10 +2.019433509e-10 +5.407000000e+01 +5.407000000e+01 +9.3675e-01 -3.3451e+00
% function evaluation | noise-free fitness - Fopt (-9.152000000000e+01) | best noise-free fitness - Fopt | measured fitness | best measured fitness | x1 | x2...
1 +7.979790781e+02 +7.979790781e+02 +7.064590781e+02 +7.064590781e+02 +1.1469e-01 -3.1548e+00
2 +1.168647517e+02 +1.168647517e+02 +2.534475168e+01 +2.534475168e+01 -1.3566e+00 +4.9027e+00
6 +7.147500759e+01 +7.147500759e+01 -2.004499241e+01 -2.004499241e+01 +2.5365e+00 +1.0875e+00
7 +4.443420111e+01 +4.443420111e+01 -4.708579889e+01 -4.708579889e+01 -2.3233e+00 +3.9269e+00
13 +3.188023638e+00 +3.188023638e+00 -8.833197636e+01 -8.833197636e+01 -2.6685e+00 +2.4645e+00
88 +1.456784887e+00 +1.456784887e+00 -9.006321511e+01 -9.006321511e+01 -1.6164e+00 +2.3570e+00
169 +6.865307630e-01 +6.865307630e-01 -9.083346924e+01 -9.083346924e+01 -3.2805e+00 +3.1301e+00
212 +8.482880220e-02 +8.482880220e-02 -9.143517120e+01 -9.143517120e+01 -2.3263e+00 +2.8478e+00
634 +1.617119780e-02 +1.617119780e-02 -9.150382880e+01 -9.150382880e+01 -2.3953e+00 +2.8275e+00
2480 +3.220937685e-07 +3.220937685e-07 -9.151999968e+01 -9.151999968e+01 -2.4440e+00 +2.7710e+00
2917 +2.161816610e-07 +2.161816610e-07 -9.151999978e+01 -9.151999978e+01 -2.4384e+00 +2.7822e+00
2957 +7.763631515e-09 +7.763631515e-09 -9.151999999e+01 -9.151999999e+01 -2.4121e+00 +2.7790e+00
3631 +5.540655934e-09 +5.540655934e-09 -9.151999999e+01 -9.151999999e+01 -2.4120e+00 +2.7793e+00
3703 +2.782442721e-09 +2.782442721e-09 -9.152000000e+01 -9.152000000e+01 -2.4120e+00 +2.7808e+00
4355 +8.566303222e-10 +8.566303222e-10 -9.152000000e+01 -9.152000000e+01 -2.4151e+00 +2.7857e+00
4693 +4.365574569e-10 +4.365574569e-10 -9.152000000e+01 -9.152000000e+01 -2.4154e+00 +2.7861e+00
4818 +8.144240837e-11 +8.144240837e-11 -9.152000000e+01 -9.152000000e+01 -2.4158e+00 +2.7866e+00
% function evaluation | noise-free fitness - Fopt (2.263000000000e+01) | best noise-free fitness - Fopt | measured fitness | best measured fitness | x1 | x2...
1 +6.335339106e+01 +6.335339106e+01 +8.598339106e+01 +8.598339106e+01 +3.7483e+00 +1.5653e+00
3 +9.423656257e-01 +9.423656257e-01 +2.357236563e+01 +2.357236563e+01 +2.9088e+00 -1.1312e+00
93 +2.355914064e-01 +2.355914064e-01 +2.286559141e+01 +2.286559141e+01 +2.8740e+00 -2.3856e+00
206 +9.576411019e-02 +9.576411019e-02 +2.272576411e+01 +2.272576411e+01 +2.8115e+00 -4.1360e+00
1976 +4.814089755e-02 +4.814089755e-02 +2.267814090e+01 +2.267814090e+01 +2.7866e+00 -3.8553e+00
2006 +3.507880571e-02 +3.507880571e-02 +2.266507881e+01 +2.266507881e+01 +2.7671e+00 -4.1045e+00
2144 +1.413335879e-02 +1.413335879e-02 +2.264413336e+01 +2.264413336e+01 +2.7630e+00 -3.3666e+00
2373 +9.423656257e-03 +9.423656257e-03 +2.263942366e+01 +2.263942366e+01 +2.7774e+00 -3.8232e+00
2800 +2.942231063e-07 +2.942231063e-07 +2.263000029e+01 +2.263000029e+01 +2.7632e+00 -3.6726e+00
3060 +1.579795743e-07 +1.579795743e-07 +2.263000016e+01 +2.263000016e+01 +2.7750e+00 -3.6610e+00
3117 +4.413225696e-08 +4.413225696e-08 +2.263000004e+01 +2.263000004e+01 +2.7758e+00 -3.6496e+00
3280 +1.631750735e-08 +1.631750735e-08 +2.263000002e+01 +2.263000002e+01 +2.7884e+00 -3.6459e+00
3717 +1.511282477e-08 +1.511282477e-08 +2.263000002e+01 +2.263000002e+01 +2.7808e+00 -3.6476e+00
4029 +1.223650514e-09 +1.223650514e-09 +2.263000000e+01 +2.263000000e+01 +2.7647e+00 -3.6427e+00
4135 +5.385132340e-10 +5.385132340e-10 +2.263000000e+01 +2.263000000e+01 +2.7787e+00 -3.6457e+00
4516 +2.939195554e-10 +2.939195554e-10 +2.263000000e+01 +2.263000000e+01 +2.7708e+00 -3.6441e+00
4557 +1.465778610e-10 +1.465778610e-10 +2.263000000e+01 +2.263000000e+01 +2.7766e+00 -3.6453e+00
% function evaluation | noise-free fitness - Fopt (1.554000000000e+01) | best noise-free fitness - Fopt | measured fitness | best measured fitness | x1 | x2...
1 +1.067618571e+03 +1.067618571e+03 +1.083158571e+03 +1.083158571e+03 +1.5328e+00 +7.3927e-01
2 +1.597883311e+01 +1.597883311e+01 +3.151883311e+01 +3.151883311e+01 +4.8139e+00 -3.3412e+00
12 +5.301307840e+00 +5.301307840e+00 +2.084130784e+01 +2.084130784e+01 -3.3370e+00 -1.4632e+00
67 +3.821469070e+00 +3.821469070e+00 +1.936146907e+01 +1.936146907e+01 +3.9520e+00 -2.7563e+00
75 +3.122132904e-03 +3.122132904e-03 +1.554312213e+01 +1.554312213e+01 -1.7022e+00 -2.0088e+00
1962 +3.598947771e-07 +3.598947771e-07 +1.554000036e+01 +1.554000036e+01 -1.6220e+00 -2.0361e+00
2727 +6.190677482e-08 +6.190677482e-08 +1.554000006e+01 +1.554000006e+01 -1.5773e+00 -2.0115e+00
3028 +2.821865230e-08 +2.821865230e-08 +1.554000003e+01 +1.554000003e+01 -1.5864e+00 -2.0113e+00
3089 +2.701002089e-09 +2.701002089e-09 +1.554000000e+01 +1.554000000e+01 -1.5832e+00 -2.0106e+00
4057 +1.228032787e-09 +1.228032787e-09 +1.554000000e+01 +1.554000000e+01 -1.5842e+00 -2.0198e+00
4149 +4.480380511e-10 +4.480380511e-10 +1.554000000e+01 +1.554000000e+01 -1.5842e+00 -2.0193e+00
4749 +3.178843855e-10 +3.178843855e-10 +1.554000000e+01 +1.554000000e+01 -1.5842e+00 -2.0182e+00
4889 +1.022399942e-10 +1.022399942e-10 +1.554000000e+01 +1.554000000e+01 -1.5842e+00 -2.0185e+00
4904 +7.166001126e-11 +7.166001126e-11 +1.554000000e+01 +1.554000000e+01 -1.5841e+00 -2.0176e+00
% function evaluation | noise-free fitness - Fopt (-3.765100000000e+02) | best noise-free fitness - Fopt | measured fitness | best measured fitness | x1 | x2...
1 +1.078182661e+03 +1.078182661e+03 +7.016726606e+02 +7.016726606e+02 +3.8066e+00 -3.6173e+00
2 +4.225782331e+02 +4.225782331e+02 +4.606823311e+01 +4.606823311e+01 +1.8205e+00 -3.2848e-01
3 +1.038734099e+01 +1.038734099e+01 -3.661226590e+02 -3.661226590e+02 -2.1090e+00 +1.9676e+00
4 +1.308492279e+00 +1.308492279e+00 -3.752015077e+02 -3.752015077e+02 -3.2053e+00 +1.7682e+00
118 +2.763024299e-01 +2.763024299e-01 -3.762336976e+02 -3.762336976e+02 -2.9179e+00 +1.5426e+00
373 +1.465068408e-01 +1.465068408e-01 -3.763634932e+02 -3.763634932e+02 -3.0893e+00 +1.2999e+00
549 +1.787087586e-02 +1.787087586e-02 -3.764921291e+02 -3.764921291e+02 -2.9150e+00 +1.8594e+00
1388 +2.250850457e-07 +2.250850457e-07 -3.765099998e+02 -3.765099998e+02 -2.9191e+00 +1.7769e+00
3070 +1.361879640e-07 +1.361879640e-07 -3.765099999e+02 -3.765099999e+02 -2.9196e+00 +1.7513e+00
3410 +3.666559678e-08 +3.666559678e-08 -3.765100000e+02 -3.765100000e+02 -2.9360e+00 +1.7683e+00
3450 +1.963843488e-08 +1.963843488e-08 -3.765100000e+02 -3.765100000e+02 -2.9445e+00 +1.7756e+00
3722 +9.317773220e-10 +9.317773220e-10 -3.765100000e+02 -3.765100000e+02 -2.9390e+00 +1.7661e+00
4441 +6.087361726e-10 +6.087361726e-10 -3.765100000e+02 -3.765100000e+02 -2.9386e+00 +1.7643e+00
4525 +6.986056178e-11 +6.986056178e-11 -3.765100000e+02 -3.765100000e+02 -2.9403e+00 +1.7696e+00
4610 +3.552713679e-11 +3.552713679e-11 -3.765100000e+02 -3.765100000e+02 -2.9402e+00 +1.7690e+00
% function evaluation | noise-free fitness - Fopt (3.960400000000e+02) | best noise-free fitness - Fopt | measured fitness | best measured fitness | x1 | x2...
1 +1.461256097e+03 +1.461256097e+03 +1.857296097e+03 +1.857296097e+03 -4.3489e+00 +1.7565e+00
2 +3.696211285e+02 +3.696211285e+02 +7.656611285e+02 +7.656611285e+02 -2.6205e+00 -7.8021e-01
5 +3.766191434e+01 +3.766191434e+01 +4.337019143e+02 +4.337019143e+02 -4.1313e+00 -2.6243e+00
9 +2.017555771e+00 +2.017555771e+00 +3.980575558e+02 +3.980575558e+02 -3.1369e+00 -3.4854e+00
59 +1.083695437e+00 +1.083695437e+00 +3.971236954e+02 +3.971236954e+02 -9.4975e-01 -3.5073e+00
112 +5.145408526e-02 +5.145408526e-02 +3.960914541e+02 +3.960914541e+02 -2.3435e+00 -3.4668e+00
608 +2.438314734e-02 +2.438314734e-02 +3.960643831e+02 +3.960643831e+02 -2.4128e+00 -3.4575e+00
2493 +1.083695437e-02 +1.083695437e-02 +3.960508370e+02 +3.960508370e+02 -2.9982e+00 -3.5277e+00
2773 +2.709238593e-03 +2.709238593e-03 +3.960427092e+02 +3.960427092e+02 -2.6688e+00 -3.4952e+00
2898 +2.689408802e-07 +2.689408802e-07 +3.960400003e+02 +3.960400003e+02 -2.7904e+00 -3.5156e+00
3043 +1.721346052e-07 +1.721346052e-07 +3.960400002e+02 +3.960400002e+02 -2.7793e+00 -3.5167e+00
3224 +3.246094593e-08 +3.246094593e-08 +3.960400000e+02 +3.960400000e+02 -2.7636e+00 -3.5018e+00
3557 +1.920398063e-09 +1.920398063e-09 +3.960400000e+02 +3.960400000e+02 -2.7637e+00 -3.5089e+00
4347 +7.304947758e-10 +7.304947758e-10 +3.960400000e+02 +3.960400000e+02 -2.7615e+00 -3.5140e+00
4747 +4.082494343e-10 +4.082494343e-10 +3.960400000e+02 +3.960400000e+02 -2.7621e+00 -3.5127e+00
4851 +4.143885235e-11 +4.143885235e-11 +3.960400000e+02 +3.960400000e+02 -2.7622e+00 -3.5126e+00
% function evaluation | noise-free fitness - Fopt (1.281100000000e+02) | best noise-free fitness - Fopt | measured fitness | best measured fitness | x1 | x2...
1 +1.998628447e+03 +1.998628447e+03 +2.126738447e+03 +2.126738447e+03 +2.0550e+00 -2.2249e+00
4 +9.210408930e+01 +9.210408930e+01 +2.202140893e+02 +2.202140893e+02 -4.6976e+00 +1.5004e+00
39 +1.459118330e+01 +1.459118330e+01 +1.427011833e+02 +1.427011833e+02 -1.8296e+00 -3.4495e+00
40 +1.990913822e+00 +1.990913822e+00 +1.301009138e+02 +1.301009138e+02 -2.8408e+00 -8.6014e-01
95 +4.497242964e-01 +4.497242964e-01 +1.285597243e+02 +1.285597243e+02 -2.8125e+00 -1.2421e+00
395 +1.124310741e-01 +1.124310741e-01 +1.282224311e+02 +1.282224311e+02 -2.9580e+00 -8.8093e-01
676 +9.987568926e-02 +9.987568926e-02 +1.282098757e+02 +1.282098757e+02 -3.3710e+00 +4.5197e-01
1296 +1.011879667e-02 +1.011879667e-02 +1.281201188e+02 +1.281201188e+02 -3.4981e+00 +7.1244e-01
1357 +1.124310741e-03 +1.124310741e-03 +1.281111243e+02 +1.281111243e+02 -3.4339e+00 +5.0691e-01
2243 +2.209711170e-07 +2.209711170e-07 +1.281100002e+02 +1.281100002e+02 -3.3922e+00 +4.0747e-01
3024 +1.483558094e-07 +1.483558094e-07 +1.281100001e+02 +1.281100001e+02 -3.4198e+00 +4.3696e-01
3268 +3.596534270e-08 +3.596534270e-08 +1.281100000e+02 +1.281100000e+02 -3.3952e+00 +4.2604e-01
3492 +9.057970374e-09 +9.057970374e-09 +1.281100000e+02 +1.281100000e+02 -3.4099e+00 +4.2374e-01
3939 +3.587729225e-09 +3.587729225e-09 +1.281100000e+02 +1.281100000e+02 -3.4183e+00 +4.2214e-01
4204 +8.666347640e-10 +8.666347640e-10 +1.281100000e+02 +1.281100000e+02 -3.4142e+00 +4.2311e-01
4547 +2.473825589e-10 +2.473825589e-10 +1.281100000e+02 +1.281100000e+02 -3.4143e+00 +4.2312e-01
4959 +8.631673154e-11 +8.631673154e-11 +1.281100000e+02 +1.281100000e+02 -3.4137e+00 +4.2336e-01
% function evaluation | noise-free fitness - Fopt (-2.923500000000e+02) | best noise-free fitness - Fopt | measured fitness | best measured fitness | x1 | x2...
1 +9.612413129e+01 +9.612413129e+01 -1.962258687e+02 -1.962258687e+02 +7.0106e-02 +3.1865e+00
6 +3.509070684e+00 +3.509070684e+00 -2.888409293e+02 -2.888409293e+02 -1.2308e+00 +1.0709e+00
46 +3.202245741e-01 +3.202245741e-01 -2.920297754e+02 -2.920297754e+02 -1.7485e+00 -2.1827e+00
103 +4.532688933e-02 +4.532688933e-02 -2.923046731e+02 -2.923046731e+02 -1.9956e+00 -3.8588e+00
661 +3.509070684e-02 +3.509070684e-02 -2.923149093e+02 -2.923149093e+02 -1.9856e+00 -3.7594e+00
1653 +3.202245741e-03 +3.202245741e-03 -2.923467978e+02 -2.923467978e+02 -1.8931e+00 -3.2092e+00
2038 +1.614520784e-07 +1.614520784e-07 -2.923499998e+02 -2.923499998e+02 -1.9232e+00 -3.3722e+00
2474 +6.582655487e-08 +6.582655487e-08 -2.923499999e+02 -2.923499999e+02 -1.9283e+00 -3.3455e+00
3038 +1.697469543e-08 +1.697469543e-08 -2.923500000e+02 -2.923500000e+02 -1.9133e+00 -3.3606e+00
3123 +8.940276075e-09 +8.940276075e-09 -2.923500000e+02 -2.923500000e+02 -1.9094e+00 -3.3594e+00
3523 +3.168793228e-09 +3.168793228e-09 -2.923500000e+02 -2.923500000e+02 -1.9110e+00 -3.3593e+00
3723 +6.718892109e-10 +6.718892109e-10 -2.923500000e+02 -2.923500000e+02 -1.9093e+00 -3.3604e+00
4455 +5.151719051e-10 +5.151719051e-10 -2.923500000e+02 -2.923500000e+02 -1.9096e+00 -3.3602e+00
4523 +2.248157216e-10 +2.248157216e-10 -2.923500000e+02 -2.923500000e+02 -1.9092e+00 -3.3604e+00
4723 +1.157332008e-10 +1.157332008e-10 -2.923500000e+02 -2.923500000e+02 -1.9091e+00 -3.3604e+00
% function evaluation | noise-free fitness - Fopt (3.110100000000e+02) | best noise-free fitness - Fopt | measured fitness | best measured fitness | x1 | x2...
1 +1.444259303e+00 +1.444259303e+00 +3.124542593e+02 +3.124542593e+02 -1.8086e+00 -3.0740e+00
18 +6.479235718e-01 +6.479235718e-01 +3.116579236e+02 +3.116579236e+02 -1.5035e+00 -3.0463e+00
185 +4.630433279e-01 +4.630433279e-01 +3.114730433e+02 +3.114730433e+02 -7.7161e-01 -2.0252e+00
213 +1.418017373e-01 +1.418017373e-01 +3.111518017e+02 +3.111518017e+02 -1.5460e+00 -2.9444e+00
650 +2.812335170e-02 +2.812335170e-02 +3.110381234e+02 +3.110381234e+02 -2.2354e+00 -3.8106e+00
1369 +6.702578048e-09 +6.702578048e-09 +3.110100000e+02 +3.110100000e+02 -1.9734e+00 -3.5207e+00
3291 +1.092530511e-09 +1.092530511e-09 +3.110100000e+02 +3.110100000e+02 -1.9840e+00 -3.5141e+00
3725 +7.801759239e-10 +7.801759239e-10 +3.110100000e+02 +3.110100000e+02 -1.9804e+00 -3.5164e+00
4091 +3.446984920e-10 +3.446984920e-10 +3.110100000e+02 +3.110100000e+02 -1.9800e+00 -3.5169e+00
4491 +2.950173439e-11 +2.950173439e-11 +3.110100000e+02 +3.110100000e+02 -1.9799e+00 -3.5168e+00
% function evaluation | noise-free fitness - Fopt (-8.051800000000e+02) | best noise-free fitness - Fopt | measured fitness | best measured fitness | x1 | x2...
1 +3.501893342e+03 +3.501893342e+03 +2.696713342e+03 +2.696713342e+03 -4.6105e+00 -7.3674e-01
2 +7.888618947e+02 +7.888618947e+02 -1.631810530e+01 -1.631810530e+01 -7.9753e-01 -2.4374e+00
4 +3.685399427e+02 +3.685399427e+02 -4.366400573e+02 -4.366400573e+02 -5.5271e-01 +9.1542e-01
7 +2.005376579e+02 +2.005376579e+02 -6.046423421e+02 -6.046423421e+02 +1.9191e-01 +2.7937e-01
8 +1.004853961e+02 +1.004853961e+02 -7.046946039e+02 -7.046946039e+02 +2.5849e+00 +4.0924e-01
18 +8.122846157e+01 +8.122846157e+01 -7.239515384e+02 -7.239515384e+02 +3.5731e+00 -3.4407e+00
36 +3.378502252e+01 +3.378502252e+01 -7.713949775e+02 -7.713949775e+02 +3.1105e+00 -3.7067e+00
44 +2.624224963e+00 +2.624224963e+00 -8.025557750e+02 -8.025557750e+02 +1.7555e+00 +1.7770e-01
260 +1.172745654e-01 +1.172745654e-01 -8.050627254e+02 -8.050627254e+02 +2.2458e+00 -2.1439e+00
1602 +2.624224963e-02 +2.624224963e-02 -8.051537578e+02 -8.051537578e+02 +2.4481e+00 -3.1317e+00
1895 +1.000668735e-02 +1.000668735e-02 -8.051699933e+02 -8.051699933e+02 +2.5941e+00 -3.8580e+00
3603 +3.590466804e-07 +3.590466804e-07 -8.051799996e+02 -8.051799996e+02 +2.5410e+00 -3.5660e+00
3829 +1.656234190e-07 +1.656234190e-07 -8.051799998e+02 -8.051799998e+02 +2.5139e+00 -3.5166e+00
3899 +1.099176643e-07 +1.099176643e-07 -8.051799999e+02 -8.051799999e+02 +2.5352e+00 -3.5195e+00
4028 +4.064008863e-08 +4.064008863e-08 -8.051800000e+02 -8.051800000e+02 +2.5129e+00 -3.5375e+00
4203 +3.487571121e-09 +3.487571121e-09 -8.051800000e+02 -8.051800000e+02 +2.5334e+00 -3.5305e+00
4603 +1.578200681e-09 +1.578200681e-09 -8.051800000e+02 -8.051800000e+02 +2.5352e+00 -3.5304e+00
